1716975586.552533 -0.004267 -0.008805 -0.008354 -0.003812 -0.004406 -0.004191 0.999974
1716975586.595598 -0.005976 -0.008699 -0.009434 -0.004062 -0.004969 -0.005063 0.999967
1716975586.715805 -0.012498 -0.012708 -0.007885 -0.006823 -0.003644 -0.011017 0.999909
1716975586.860975 -0.032492 -0.016342 -0.016201 -0.009677 -0.001213 -0.012061 0.999880
1716975586.952918 -0.044981 -0.025746 -0.014022 -0.012201 0.003775 -0.011861 0.999848
1716975587.062612 -0.051813 -0.042494 -0.014661 -0.013391 0.007333 -0.009121 0.999842
1716975587.153107 -0.056488 -0.055521 -0.017384 -0.006158 0.003454 -0.006972 0.999951
1716975587.179568 -0.059235 -0.053722 -0.019131 -0.006254 0.008233 -0.008403 0.999911
1716975587.338436 -0.059367 -0.098741 -0.025336 -0.014016 -0.002067 -0.008427 0.999864
1716975587.434539 -0.051922 -0.128692 -0.035791 -0.017154 -0.013381 -0.006705 0.999741
1716975587.488978 -0.054866 -0.152319 -0.028958 -0.022748 -0.010192 -0.005738 0.999673
1716975587.603633 -0.052529 -0.196225 -0.023426 -0.022182 -0.032314 -0.012775 0.999150
1716975587.754171 -0.050127 -0.242661 -0.035505 -0.028496 -0.041639 -0.020518 0.998516
1716975587.854504 -0.043272 -0.287421 -0.030793 -0.015726 -0.049757 -0.022327 0.998388
1716975587.880799 -0.043142 -0.301471 -0.044810 -0.018596 -0.030335 -0.022735 0.999108
1716975588.043949 -0.058046 -0.361084 -0.057770 -0.007587 -0.024738 -0.021107 0.999442
1716975588.085075 -0.052700 -0.378058 -0.053956 -0.006885 -0.023601 -0.023348 0.999425
1716975588.256910 -0.063996 -0.463497 -0.057406 -0.014812 -0.016383 -0.020747 0.999541
1716975588.359612 -0.065631 -0.519812 -0.063169 -0.014492 -0.004769 -0.019115 0.999701
1716975588.428293 -0.066249 -0.553090 -0.061789 -0.020075 -0.001122 -0.011477 0.999732
1716975588.543509 -0.095141 -0.627659 -0.052285 -0.014987 0.005403 -0.005988 0.999855
1716975588.572170 -0.101652 -0.644482 -0.067116 -0.022294 -0.002508 -0.002055 0.999746
1716975588.670876 -0.106719 -0.704151 -0.074153 0.007793 -0.006211 0.013591 0.999858
1716975588.797715 -0.099388 -0.775401 -0.078060 0.021361 -0.005983 0.016343 0.999620
1716975588.907599 -0.084525 -0.856945 -0.080545 -0.007221 -0.001282 0.017577 0.999819
1716975589.034991 -0.069513 -0.955916 -0.065714 -0.031767 -0.005646 0.014720 0.999371
1716975589.088092 -0.061300 -0.990853 -0.068750 -0.041969 -0.013263 0.011395 0.998966
1716975589.225640 -0.047639 -1.094350 -0.079955 -0.045993 -0.016130 0.012109 0.998738
1716975589.362152 -0.049365 -1.194645 -0.094617 -0.041378 -0.019540 0.010706 0.998895
1716975589.371328 -0.052396 -1.170638 -0.090342 -0.038615 -0.031687 0.022046 0.998508
1716975589.469815 -0.054659 -1.260975 -0.112175 -0.023405 -0.028448 0.017233 0.999173
1716975589.639920 -0.049543 -1.409102 -0.129935 -0.033980 -0.013750 0.027555 0.998948
1716975589.745222 -0.055688 -1.525660 -0.121844 -0.039432 -0.005906 0.031190 0.998718
1716975589.828393 -0.050314 -1.585622 -0.135096 -0.027559 -0.000590 0.036874 0.998940
1716975589.917840 -0.040879 -1.656804 -0.138933 -0.022891 0.003488 0.051013 0.998430
1716975590.043706 -0.022772 -1.778667 -0.147600 -0.011318 0.000023 0.049189 0.998725
1716975590.150436 -0.013377 -1.878268 -0.141174 -0.020098 -0.006046 0.030159 0.999325
1716975590.250612 0.001865 -1.957035 -0.137703 -0.020409 -0.010191 0.027871 0.999351
1716975590.351357 0.017344 -2.039927 -0.151863 -0.026284 -0.015604 0.009890 0.999484
1716975590.433294 0.030073 -2.100175 -0.155785 -0.031435 -0.019486 0.009964 0.999266
1716975590.489032 0.042400 -2.153734 -0.159250 -0.021151 -0.018477 -0.001920 0.999604
1716975590.586643 0.042489 -2.231442 -0.164250 -0.011545 -0.024864 0.001947 0.999622
1716975590.726412 0.040186 -2.366858 -0.183573 -0.001656 -0.016647 -0.003599 0.999854
1716975590.861712 0.039952 -2.502499 -0.187657 0.005867 -0.011613 0.000894 0.999915
1716975590.951539 0.047241 -2.590593 -0.188193 -0.002413 -0.013801 0.011067 0.999841
1716975590.984135 0.041548 -2.622182 -0.184206 -0.006347 -0.009971 0.012763 0.999849
1716975591.079396 0.041012 -2.717000 -0.186430 -0.002620 -0.010099 0.013287 0.999857
1716975591.218723 0.044638 -2.866394 -0.188960 0.001522 -0.006200 0.009468 0.999935
1716975591.351002 0.057119 -2.974484 -0.215319 -0.006140 -0.008803 -0.001127 0.999942
1716975591.461532 0.053704 -3.072154 -0.218036 -0.019396 -0.013507 -0.012668 0.999640
1716975591.553351 0.052753 -3.152051 -0.215225 -0.013794 -0.015536 -0.024209 0.999491
1716975591.662584 0.049874 -3.269597 -0.226406 -0.009862 -0.019038 -0.032102 0.999255
1716975591.762490 0.043092 -3.376419 -0.227029 -0.009462 -0.023096 -0.033832 0.999116
1716975591.771506 0.048040 -3.351571 -0.219057 0.000310 -0.028445 -0.034173 0.999011
1716975591.869745 0.052878 -3.466378 -0.228303 -0.017370 -0.019834 -0.028655 0.999242
1716975592.014607 0.063778 -3.620890 -0.227272 -0.032597 -0.013150 -0.010578 0.999326
1716975592.086158 0.036623 -3.679689 -0.217414 -0.041138 -0.014008 0.000803 0.999055
1716975592.252790 0.025844 -3.843544 -0.239699 -0.020953 -0.006913 0.006731 0.999734
1716975592.363837 0.029803 -3.947150 -0.263911 -0.015991 -0.010197 0.012078 0.999747
1716975592.454257 0.042975 -4.019988 -0.280203 -0.015867 -0.008920 0.002980 0.999830
1716975592.563146 0.044062 -4.119889 -0.282232 -0.025656 -0.014246 -0.008403 0.999534
1716975592.589716 0.045363 -4.152992 -0.272452 -0.022050 -0.019838 -0.020577 0.999348
1716975592.727149 0.047070 -4.273388 -0.256172 -0.024142 -0.017112 -0.036221 0.998906
1716975592.789395 0.055394 -4.338417 -0.253950 -0.005734 -0.018556 -0.039247 0.999041
1716975592.940586 0.047156 -4.491094 -0.268567 -0.003992 -0.024781 -0.035110 0.999068
1716975593.035548 0.058057 -4.583080 -0.268609 -0.009474 -0.024691 -0.027429 0.999274
1716975593.130636 0.044611 -4.675317 -0.276997 -0.016279 -0.019339 -0.024835 0.999372
1716975593.224271 0.043696 -4.758132 -0.281884 -0.024939 -0.015721 -0.019780 0.999370
1716975593.316229 0.049703 -4.850038 -0.293424 -0.026045 -0.011104 -0.015458 0.999480
1716975593.461728 0.042125 -4.976699 -0.305412 -0.017042 -0.008432 -0.010743 0.999761
1716975593.553051 0.037187 -5.053443 -0.319120 -0.014813 -0.008065 -0.005145 0.999845
1716975593.591976 0.032355 -5.081303 -0.324715 -0.007576 -0.004227 -0.001844 0.999961
1716975593.725621 0.045892 -5.190978 -0.325526 -0.016732 -0.023809 -0.015806 0.999452
1716975593.864922 0.043592 -5.337502 -0.333722 -0.011663 -0.024816 -0.034590 0.999025
1716975593.962224 0.055115 -5.452739 -0.330541 -0.011448 -0.027107 -0.034906 0.998957
1716975594.061772 0.055789 -5.564129 -0.335445 -0.006605 -0.028620 -0.032697 0.999034
1716975594.154120 0.049836 -5.645866 -0.336832 -0.009681 -0.024264 -0.022809 0.999398
1716975594.261859 0.038535 -5.764492 -0.332027 -0.006768 -0.019966 -0.014935 0.999666
1716975594.301312 0.026613 -5.803406 -0.344238 -0.014252 -0.013843 -0.009695 0.999756
1716975594.370201 0.028645 -5.873869 -0.353419 -0.020450 -0.009626 0.006841 0.999721
1716975594.487731 0.041934 -5.995857 -0.357444 -0.013337 -0.006112 0.014621 0.999785
1716975594.662276 0.052970 -6.140032 -0.372085 -0.001934 -0.008974 0.023657 0.999678
1716975594.761860 0.060030 -6.244641 -0.371987 -0.003118 -0.010246 0.010963 0.999883
1716975594.852973 0.070066 -6.346267 -0.372387 -0.008040 -0.018986 0.001351 0.999787
1716975594.961721 0.069056 -6.459262 -0.375096 -0.001045 -0.027181 -0.028084 0.999235
1716975595.040086 0.075926 -6.540657 -0.381775 -0.005601 -0.027452 -0.031307 0.999117
1716975595.161148 0.085234 -6.654377 -0.388360 -0.004928 -0.030237 -0.044371 0.998545
1716975595.260569 0.087416 -6.746004 -0.407775 -0.009821 -0.029980 -0.039785 0.998710
1716975595.361279 0.081940 -6.847388 -0.411756 -0.017796 -0.027761 -0.036949 0.998773
1716975595.452194 0.073128 -6.940256 -0.408216 -0.031231 -0.019688 -0.020176 0.999115
1716975595.561227 0.080542 -7.027806 -0.388772 -0.024211 -0.011592 -0.011819 0.999570
1716975595.660989 0.091880 -7.126408 -0.397237 -0.025973 -0.005171 0.002993 0.999645
1716975595.723090 0.093785 -7.196162 -0.396745 -0.013415 -0.003436 0.009265 0.999861
1716975595.791574 0.103109 -7.262370 -0.409308 -0.012727 -0.004865 0.005497 0.999892
1716975595.953912 0.124686 -7.418966 -0.417039 -0.020022 -0.022260 -0.019360 0.999364
1716975596.060234 0.145800 -7.518121 -0.418416 -0.029625 -0.025899 -0.034635 0.998625
1716975596.160252 0.152029 -7.608154 -0.410407 -0.017014 -0.036299 -0.043954 0.998229
1716975596.260342 0.157913 -7.703628 -0.423634 -0.019972 -0.037045 -0.055612 0.997565
1716975596.355006 0.164631 -7.791911 -0.433246 -0.011908 -0.040930 -0.052771 0.997696
1716975596.462112 0.152075 -7.891175 -0.444435 -0.013868 -0.041121 -0.053992 0.997598
1716975596.561957 0.142832 -7.982893 -0.435713 -0.015778 -0.033526 -0.042155 0.998424
1716975596.570399 0.147302 -7.978481 -0.447864 -0.027249 -0.041218 -0.059926 0.996979
1716975596.743900 0.129092 -8.135676 -0.447391 -0.016863 -0.024107 -0.014630 0.999460
1716975596.862145 0.125277 -8.271310 -0.449645 -0.012751 -0.022231 -0.011550 0.999605
1716975596.952361 0.121721 -8.371195 -0.452867 -0.013057 -0.027324 -0.009122 0.999500
1716975597.061342 0.120467 -8.483455 -0.455712 -0.022421 -0.026834 -0.019642 0.999195
1716975597.161488 0.136488 -8.585765 -0.448065 -0.021642 -0.029979 -0.034231 0.998730
1716975597.261475 0.141467 -8.680549 -0.456553 -0.025593 -0.035521 -0.046756 0.997946
1716975597.352093 0.131514 -8.771382 -0.466634 -0.025992 -0.036284 -0.053731 0.997557
1716975597.462529 0.131607 -8.855554 -0.473263 -0.021105 -0.039103 -0.054194 0.997541
1716975597.562828 0.113745 -8.942172 -0.486866 -0.021669 -0.039788 -0.050697 0.997686
1716975597.653639 0.103487 -9.022094 -0.482552 -0.020470 -0.036939 -0.049297 0.997891
1716975597.762812 0.086331 -9.071958 -0.484608 -0.029847 -0.025392 -0.030307 0.998772
1716975597.855964 0.113056 -9.146373 -0.491334 -0.026020 -0.014265 -0.007650 0.999530
1716975597.955971 0.120608 -9.246149 -0.492762 -0.026538 -0.010168 0.007564 0.999567
1716975598.035326 0.111372 -9.339827 -0.495817 -0.016770 -0.008910 0.015794 0.999695
1716975598.162167 0.115170 -9.462867 -0.511255 -0.024990 -0.011893 0.005003 0.999604
1716975598.264930 0.127804 -9.547986 -0.517216 -0.025071 -0.016765 -0.000549 0.999545
1716975598.304222 0.125338 -9.571261 -0.519689 -0.033027 -0.018805 -0.007208 0.999252
1716975598.455804 0.110511 -9.731509 -0.532923 -0.031204 -0.020603 -0.034883 0.998692
1716975598.499313 0.116251 -9.773064 -0.531697 -0.033660 -0.020372 -0.041477 0.998364
1716975598.654102 0.121398 -9.892597 -0.534531 -0.019421 -0.024240 -0.046513 0.998435
1716975598.763822 0.117722 -10.006752 -0.536944 -0.018713 -0.025725 -0.051540 0.998164
1716975598.867318 0.121512 -10.117355 -0.527767 -0.021076 -0.022816 -0.054505 0.998030
1716975598.953413 0.125754 -10.203533 -0.518824 -0.029481 -0.025524 -0.049181 0.998028
1716975598.968848 0.121088 -10.213054 -0.529786 -0.036023 -0.014701 -0.057688 0.997576
1716975599.139125 0.126277 -10.377305 -0.531642 -0.035701 -0.011160 -0.038399 0.998562
1716975599.205249 0.123347 -10.442586 -0.541271 -0.036242 -0.009527 -0.031974 0.998786
1716975599.307206 0.128706 -10.558153 -0.563087 -0.041001 -0.005308 -0.030011 0.998694
1716975599.453247 0.147646 -10.669623 -0.564193 -0.040086 -0.023327 -0.046284 0.997851
1716975599.497592 0.151538 -10.698878 -0.569246 -0.040886 -0.027702 -0.052728 0.997387
1716975599.625878 0.164294 -10.817485 -0.555803 -0.040343 -0.035800 -0.071817 0.995958
1716975599.753475 0.172202 -10.942967 -0.562831 -0.036934 -0.040005 -0.082587 0.995095
1716975599.769781 0.170683 -10.961364 -0.567163 -0.033475 -0.039984 -0.082541 0.995222
1716975599.952222 0.164572 -11.144693 -0.574812 -0.040950 -0.035451 -0.080298 0.995298
1716975600.007293 0.166139 -11.205352 -0.593206 -0.052797 -0.025083 -0.071989 0.995691
1716975600.135480 0.160440 -11.340391 -0.582830 -0.054222 -0.018196 -0.053683 0.996919
1716975600.250633 0.160493 -11.451989 -0.603509 -0.039692 -0.018098 -0.034294 0.998459
1716975600.304938 0.167323 -11.504516 -0.607328 -0.028896 -0.022442 -0.021448 0.999100
1716975600.419157 0.171146 -11.592766 -0.619707 -0.015341 -0.016919 -0.016028 0.999611
1716975600.489122 0.158764 -11.670998 -0.615801 -0.010985 -0.018269 -0.012765 0.999691
1716975600.660955 0.180901 -11.810527 -0.618211 -0.037433 -0.020989 -0.041147 0.998231
1716975600.752769 0.205193 -11.896082 -0.616893 -0.033581 -0.025132 -0.060753 0.997271
1716975600.802592 0.213194 -11.937258 -0.631610 -0.038898 -0.027877 -0.072871 0.996193
1716975600.909976 0.224679 -12.025337 -0.632181 -0.023564 -0.030970 -0.072236 0.996628
1716975601.060129 0.224189 -12.158691 -0.639822 -0.028200 -0.028457 -0.058806 0.997465
1716975601.160121 0.218724 -12.259191 -0.651366 -0.041053 -0.024857 -0.043976 0.997879
1716975601.177747 0.217279 -12.278285 -0.664272 -0.039643 -0.023824 -0.043084 0.998000
1716975601.333270 0.210186 -12.439513 -0.651918 -0.049941 -0.020320 -0.009728 0.998498
1716975601.461454 0.214305 -12.537923 -0.636762 -0.048125 -0.016884 0.016140 0.998568
1716975601.562165 0.219683 -12.609801 -0.634750 -0.042428 -0.015769 0.034086 0.998393
1716975601.607934 0.229066 -12.643092 -0.637456 -0.041859 -0.007640 0.040302 0.998281
1716975601.707890 0.249553 -12.726474 -0.649859 -0.046321 -0.018904 0.056276 0.997161
1716975601.862565 0.280579 -12.835905 -0.639785 -0.055402 -0.036195 0.072601 0.995163
1716975601.943170 0.308574 -12.888924 -0.647307 -0.052199 -0.039547 0.077739 0.994820
1716975602.061257 0.345248 -12.989563 -0.644840 -0.027535 -0.048042 0.122993 0.990862
1716975602.152453 0.377503 -13.075627 -0.658953 -0.021775 -0.050240 0.150823 0.987043
1716975602.171016 0.382434 -13.080326 -0.656885 -0.017677 -0.054593 0.148660 0.987222
1716975602.351930 0.451073 -13.220060 -0.656837 -0.021534 -0.049640 0.222211 0.973496
1716975602.433558 0.491327 -13.282704 -0.669328 -0.020989 -0.050121 0.253799 0.965730
1716975602.487494 0.492465 -13.307806 -0.664353 -0.015758 -0.046155 0.285755 0.957061
1716975602.580599 0.545756 -13.366940 -0.669620 -0.029309 -0.045983 0.317799 0.946589
1716975602.722626 0.605198 -13.428055 -0.681344 -0.014292 -0.039061 0.364860 0.930133
1716975602.858289 0.673941 -13.494874 -0.676013 -0.014752 -0.041515 0.392617 0.918646
1716975602.957769 0.745146 -13.545919 -0.664342 -0.020283 -0.045732 0.402193 0.914187
1716975603.035652 0.815176 -13.587888 -0.677238 -0.024821 -0.046049 0.410465 0.910375
1716975603.162091 0.894700 -13.637500 -0.664350 -0.019717 -0.048964 0.419550 0.906196
1716975603.199538 0.926166 -13.641843 -0.661770 -0.020910 -0.053038 0.421414 0.905075
1716975603.317588 1.028983 -13.687184 -0.658721 -0.013800 -0.055892 0.441821 0.895254
1716975603.453287 1.130577 -13.730040 -0.663405 -0.019422 -0.058328 0.463103 0.884170
1716975603.553931 1.219814 -13.765965 -0.668915 -0.023991 -0.059091 0.481922 0.873890
1716975603.662916 1.327014 -13.797529 -0.662732 -0.033452 -0.061140 0.507937 0.858570
1716975603.763227 1.391863 -13.827100 -0.663330 -0.039271 -0.058391 0.543186 0.836658
1716975603.797312 1.410158 -13.834571 -0.672765 -0.043531 -0.052538 0.555151 0.828947
1716975603.926866 1.499179 -13.874663 -0.673107 -0.026090 -0.048355 0.585390 0.808888
1716975604.061557 1.603471 -13.890437 -0.675528 -0.023290 -0.053054 0.607681 0.792065
1716975604.152326 1.672956 -13.901491 -0.682141 -0.021289 -0.058425 0.611115 0.789096
1716975604.252409 1.731497 -13.906586 -0.679769 -0.017351 -0.061363 0.616500 0.784768
1716975604.270857 1.760272 -13.906226 -0.689603 -0.014794 -0.062154 0.614866 0.786040
1716975604.451827 1.904498 -13.916141 -0.690057 0.000850 -0.056626 0.630902 0.773793
1716975604.553479 2.016821 -13.925200 -0.714900 0.007082 -0.053572 0.637877 0.768240
1716975604.662110 2.113585 -13.918644 -0.701654 0.006856 -0.056033 0.653382 0.754921
1716975604.687579 2.144847 -13.923963 -0.688891 0.002766 -0.059568 0.651741 0.756094
1716975604.812262 2.274708 -13.928512 -0.680525 -0.002475 -0.054990 0.674517 0.736204
1716975604.909577 2.351846 -13.948890 -0.671683 -0.011347 -0.056681 0.686340 0.724980
1716975605.051489 2.468366 -13.942050 -0.701003 -0.001356 -0.047504 0.704720 0.707892
1716975605.162610 2.577857 -13.949046 -0.710432 0.002482 -0.041934 0.709186 0.703769
1716975605.260427 2.667889 -13.951789 -0.716641 0.000515 -0.046190 0.709672 0.703016
1716975605.353171 2.752137 -13.944444 -0.713649 -0.002097 -0.051330 0.708919 0.703417
1716975605.399022 2.811357 -13.955251 -0.727515 -0.006633 -0.055991 0.702063 0.709880
1716975605.563459 2.942322 -13.965819 -0.695099 -0.006139 -0.061398 0.693551 0.717760
1716975605.620620 3.019776 -13.957344 -0.694498 -0.002680 -0.060411 0.690656 0.720651
1716975605.690917 3.087296 -13.947578 -0.681142 0.001575 -0.055085 0.690594 0.721140
1716975605.860599 3.252964 -13.932667 -0.656850 0.000690 -0.063069 0.700031 0.711321
1716975605.952038 3.347160 -13.930484 -0.663134 -0.005519 -0.067760 0.701284 0.709633
1716975605.986101 3.370823 -13.923654 -0.673077 -0.011282 -0.070344 0.703371 0.707244
1716975606.068303 3.454879 -13.917892 -0.662300 -0.012522 -0.069378 0.708624 0.702055
1716975606.206099 3.586254 -13.917069 -0.619601 -0.008477 -0.064237 0.722571 0.688254
1716975606.360801 3.711625 -13.893083 -0.625539 -0.003860 -0.058803 0.727959 0.683083
1716975606.388495 3.723877 -13.889532 -0.646446 -0.008326 -0.043626 0.726936 0.685267
1716975606.533118 3.838002 -13.865952 -0.657765 -0.009996 -0.052252 0.718533 0.693455
1716975606.579730 3.909597 -13.868852 -0.646704 -0.010563 -0.052402 0.714950 0.697129
1716975606.734412 4.046510 -13.870862 -0.640685 -0.007702 -0.061392 0.702087 0.709398
1716975606.862013 4.185136 -13.867675 -0.638210 0.000248 -0.060778 0.691115 0.720185
1716975606.953045 4.281372 -13.866136 -0.650365 0.005555 -0.055243 0.686701 0.724816
1716975606.970181 4.303554 -13.861467 -0.660333 0.009964 -0.058115 0.683294 0.727759
1716975607.143505 4.473177 -13.878995 -0.668248 0.001877 -0.053834 0.692397 0.719503
1716975607.261763 4.576908 -13.899126 -0.675499 -0.003315 -0.055346 0.700570 0.711426
1716975607.362031 4.645176 -13.909354 -0.645452 -0.005051 -0.055372 0.708815 0.703200
1716975607.454121 4.718056 -13.901030 -0.649206 -0.005360 -0.055112 0.713163 0.698808
1716975607.564306 4.822693 -13.899706 -0.638817 -0.000341 -0.049110 0.714486 0.697924
1716975607.662815 4.937041 -13.894017 -0.626201 -0.001172 -0.051755 0.710930 0.701355
1716975607.762521 5.046473 -13.883555 -0.613356 -0.007394 -0.057006 0.706437 0.705437
1716975607.862545 5.158051 -13.872999 -0.615262 0.001019 -0.056660 0.703699 0.708235
1716975607.890364 5.180934 -13.869181 -0.625318 0.003804 -0.057451 0.703235 0.708622
1716975608.055481 5.350662 -13.860608 -0.633921 0.010481 -0.056470 0.702139 0.709719
1716975608.125988 5.410381 -13.861796 -0.615622 0.013856 -0.056804 0.704976 0.706817
1716975608.262216 5.538847 -13.865234 -0.626564 0.008484 -0.052907 0.710617 0.701536
1716975608.353268 5.621675 -13.883735 -0.626997 -0.007628 -0.058835 0.719138 0.692330
1716975608.463101 5.711698 -13.877887 -0.616402 -0.004619 -0.051841 0.726058 0.685661
1716975608.494598 5.738628 -13.876376 -0.614553 -0.002773 -0.045190 0.733662 0.678005
1716975608.598311 5.813908 -13.878957 -0.614276 -0.008803 -0.032619 0.734979 0.677247
1716975608.724621 5.935712 -13.869958 -0.627997 -0.014957 -0.045109 0.727892 0.684043
1716975608.867581 6.100716 -13.860130 -0.638205 -0.013599 -0.055918 0.718609 0.693029
1716975608.954351 6.199402 -13.858420 -0.628962 -0.008211 -0.059345 0.711135 0.700498
1716975609.062939 6.296354 -13.859344 -0.625482 0.003527 -0.058878 0.703113 0.708628
1716975609.071630 6.294368 -13.857946 -0.618405 0.005160 -0.057621 0.700278 0.711522
1716975609.242327 6.438830 -13.858270 -0.612028 0.002961 -0.055334 0.698266 0.713690
1716975609.361332 6.547896 -13.849432 -0.624034 -0.005660 -0.058244 0.703723 0.708061
1716975609.461494 6.624677 -13.866199 -0.610988 -0.010552 -0.054371 0.711386 0.700615
1716975609.553742 6.710638 -13.871699 -0.600721 -0.011129 -0.048873 0.716093 0.696202
1716975609.571991 6.713078 -13.882256 -0.595568 -0.020364 -0.055959 0.721093 0.690274
1716975609.753087 6.863185 -13.881241 -0.613457 -0.005677 -0.033649 0.728940 0.683727
1716975609.853181 6.931755 -13.871366 -0.631220 -0.005879 -0.036986 0.729357 0.683108
1716975609.886496 6.975077 -13.882246 -0.622843 -0.009104 -0.042015 0.727939 0.684293
1716975610.001960 7.093022 -13.861044 -0.631624 -0.015453 -0.048243 0.722936 0.689055
1716975610.088077 7.156058 -13.830645 -0.625697 -0.000253 -0.049547 0.715628 0.696723
1716975610.260144 7.296340 -13.818260 -0.600103 0.008701 -0.052404 0.704567 0.707647
1716975610.323460 7.355789 -13.820146 -0.587569 0.009868 -0.050776 0.699792 0.712471
1716975610.452021 7.475130 -13.822024 -0.616101 0.007459 -0.056099 0.704698 0.707247
1716975610.560570 7.559983 -13.830786 -0.623081 0.001497 -0.059993 0.707539 0.704122
1716975610.652338 7.633604 -13.846854 -0.599666 -0.007150 -0.061279 0.714018 0.697404
1716975610.669964 7.642620 -13.838001 -0.597579 -0.004276 -0.060847 0.711919 0.699607
1716975610.781752 7.741562 -13.852688 -0.605722 -0.016417 -0.053727 0.725801 0.685606
1716975610.942734 7.864835 -13.868947 -0.596753 -0.009775 -0.043352 0.730361 0.681614
1716975611.040798 7.959053 -13.886590 -0.574116 -0.009535 -0.041259 0.728282 0.683968
1716975611.151654 8.059461 -13.893920 -0.582143 -0.008041 -0.044897 0.720201 0.692265
1716975611.228807 8.105423 -13.880982 -0.582061 -0.006215 -0.048364 0.711597 0.700894
1716975611.289521 8.166346 -13.864880 -0.583837 0.002537 -0.050608 0.706632 0.705765
1716975611.460723 8.307540 -13.859558 -0.580851 0.001959 -0.050143 0.697778 0.714554
1716975611.522031 8.366180 -13.859639 -0.565890 0.007082 -0.045498 0.697587 0.715019
1716975611.624428 8.460734 -13.865671 -0.576889 0.008475 -0.047961 0.698889 0.713570
1716975611.753594 8.577891 -13.861584 -0.578706 0.011223 -0.048682 0.701060 0.711350
1716975611.840809 8.650835 -13.867190 -0.591976 0.009770 -0.040232 0.703426 0.709562
1716975611.952149 8.754453 -13.879967 -0.605708 0.006193 -0.036217 0.707125 0.706133
1716975611.983210 8.778141 -13.883676 -0.612090 0.005845 -0.037956 0.711033 0.702110
1716975612.134742 8.912817 -13.892058 -0.586409 0.010526 -0.029585 0.714196 0.699241
1716975612.261370 9.025659 -13.903400 -0.591392 0.001980 -0.038170 0.714710 0.698376
1716975612.270811 9.000154 -13.904977 -0.599869 0.000193 -0.032594 0.727488 0.685346
1716975612.451688 9.174275 -13.898235 -0.589746 -0.005599 -0.050621 0.706971 0.705406
1716975612.544479 9.249835 -13.892268 -0.569860 0.002810 -0.042212 0.701620 0.711295
1716975612.663149 9.370971 -13.890482 -0.563572 0.000005 -0.049311 0.700259 0.712184
1716975612.671590 9.376304 -13.892026 -0.553464 0.008180 -0.044883 0.700853 0.711845
1716975612.788475 9.481237 -13.898187 -0.551974 0.008314 -0.047650 0.697431 0.715018
1716975612.925974 9.602354 -13.899344 -0.560037 0.002521 -0.056107 0.703227 0.708744
1716975613.057530 9.719869 -13.899076 -0.567100 -0.009180 -0.050380 0.709921 0.702417
1716975613.082678 9.741799 -13.901437 -0.571461 -0.003730 -0.039554 0.709305 0.703781
1716975613.210599 9.863438 -13.913589 -0.571610 -0.013586 -0.036640 0.715103 0.697926
1716975613.362112 9.999929 -13.920322 -0.602927 -0.008152 -0.041304 0.718604 0.694144
1716975613.376464 10.006871 -13.920929 -0.598889 -0.009180 -0.038852 0.718778 0.694093
1716975613.543605 10.142089 -13.922497 -0.581363 -0.003827 -0.050986 0.707012 0.705351
1716975613.660409 10.223400 -13.904799 -0.559695 -0.003724 -0.054289 0.695200 0.716753
1716975613.760308 10.323247 -13.920121 -0.548817 -0.002515 -0.050743 0.690200 0.721833
1716975613.862411 10.421739 -13.918857 -0.543197 -0.000999 -0.050018 0.681904 0.729729
1716975613.961900 10.519003 -13.926420 -0.537914 0.004240 -0.054751 0.684345 0.727088
1716975614.052921 10.595806 -13.922551 -0.548802 0.000106 -0.054523 0.688697 0.722997
1716975614.152159 10.689744 -13.936165 -0.569746 -0.004883 -0.055086 0.695655 0.716244
1716975614.261166 10.797834 -13.964825 -0.575495 -0.017643 -0.055575 0.704066 0.707736
1716975614.361346 10.902754 -13.994038 -0.564647 -0.014760 -0.047316 0.715051 0.697313
1716975614.452564 10.982065 -13.994827 -0.570597 -0.016436 -0.048823 0.716608 0.695571
1716975614.561874 11.065990 -13.993551 -0.592062 -0.014073 -0.053070 0.719187 0.692644
1716975614.597393 11.081475 -13.986725 -0.587922 -0.010601 -0.054578 0.718832 0.692957
1716975614.725706 11.195922 -13.969062 -0.564153 -0.013493 -0.061986 0.706275 0.705090
1716975614.822214 11.282514 -13.964672 -0.539440 -0.014893 -0.065489 0.699961 0.711016
1716975614.894167 11.350637 -13.963625 -0.533945 -0.008392 -0.065647 0.691202 0.719624
1716975614.993443 11.433775 -13.965025 -0.502668 -0.007183 -0.060082 0.690475 0.720821
1716975615.117538 11.548298 -13.990644 -0.499371 -0.002566 -0.067514 0.697546 0.713348
1716975615.207125 11.631654 -13.988395 -0.529474 -0.002838 -0.065390 0.703753 0.707423
1716975615.307628 11.709983 -14.000595 -0.551723 -0.010199 -0.067627 0.714067 0.696729
1716975615.464085 11.846673 -14.047361 -0.558476 -0.015178 -0.061066 0.727488 0.683229
1716975615.560367 11.935602 -14.063921 -0.540787 -0.018696 -0.059319 0.741146 0.668457
1716975615.652116 12.004237 -14.054374 -0.540465 -0.015492 -0.057602 0.745291 0.664066
1716975615.669225 12.024797 -14.048784 -0.542595 -0.017213 -0.054511 0.748566 0.660591
1716975615.852346 12.188997 -14.033027 -0.551699 -0.009794 -0.055838 0.746718 0.662721
1716975615.959390 12.279380 -14.048429 -0.547565 -0.008746 -0.057609 0.731276 0.679588
1716975616.042869 12.350523 -14.044579 -0.511862 -0.009866 -0.061406 0.724414 0.686554
1716975616.148552 12.427167 -14.039354 -0.514763 -0.000210 -0.058343 0.717477 0.694134
1716975616.260251 12.521189 -14.025159 -0.526986 -0.002069 -0.067917 0.712773 0.698095
1716975616.351423 12.597807 -14.014614 -0.526674 0.002930 -0.069859 0.714175 0.696466
1716975616.461074 12.688544 -14.002237 -0.524173 -0.005489 -0.076083 0.717442 0.692429
1716975616.561689 12.782532 -14.013012 -0.473516 -0.007598 -0.067634 0.727046 0.683207
1716975616.661966 12.873761 -14.002414 -0.466541 -0.023625 -0.072075 0.732141 0.676917
1716975616.761908 12.947437 -13.993560 -0.478468 -0.024243 -0.062155 0.746008 0.662586
1716975616.853365 13.012790 -13.999490 -0.483283 -0.024436 -0.047205 0.754538 0.654100
1716975616.956955 13.095939 -14.004768 -0.501475 -0.018456 -0.046810 0.762147 0.645446
1716975617.033301 13.162318 -14.010500 -0.494486 -0.021246 -0.051920 0.761947 0.645205
1716975617.162909 13.275984 -13.996018 -0.506881 -0.009494 -0.061864 0.761019 0.645704
1716975617.261148 13.362784 -13.972204 -0.511912 -0.013301 -0.068718 0.754508 0.652548
1716975617.352494 13.435242 -13.966268 -0.511665 -0.005539 -0.074551 0.758051 0.647897
1716975617.462204 13.532995 -13.943395 -0.510647 -0.002814 -0.070232 0.763544 0.641920
1716975617.498708 13.559015 -13.929713 -0.505250 -0.002968 -0.075556 0.765570 0.638894
1716975617.627273 13.672698 -13.912427 -0.498179 0.004411 -0.071494 0.780912 0.620520
1716975617.763259 13.776079 -13.873548 -0.471663 -0.000938 -0.066227 0.798503 0.598337
1716975617.857441 13.832049 -13.838612 -0.469796 -0.020591 -0.065351 0.816369 0.573451
1716975617.871408 13.848723 -13.851531 -0.494770 -0.031231 -0.068306 0.824077 0.561477
1716975618.057316 13.995075 -13.815953 -0.500186 -0.030404 -0.067208 0.847451 0.525724
1716975618.127747 14.042270 -13.808694 -0.513033 -0.024043 -0.066981 0.856267 0.511608
1716975618.206741 14.096835 -13.794979 -0.515024 -0.016274 -0.063902 0.864988 0.497441
1716975618.315517 14.166727 -13.754775 -0.508632 -0.015338 -0.064665 0.870150 0.488284
1716975618.421884 14.244315 -13.702700 -0.503637 -0.016605 -0.066023 0.873042 0.482869
1716975618.496845 14.288718 -13.677708 -0.485308 -0.010522 -0.068466 0.875608 0.478030
1716975618.662471 14.399859 -13.604442 -0.482352 -0.012682 -0.078706 0.883741 0.461136
1716975618.762261 14.462137 -13.539037 -0.488865 -0.004271 -0.076336 0.890239 0.449032
1716975618.853470 14.512886 -13.496852 -0.479858 -0.002079 -0.083657 0.898524 0.430873
1716975618.961591 14.567085 -13.479867 -0.491879 -0.001087 -0.077303 0.913770 0.398808
1716975618.995954 14.594245 -13.477717 -0.473169 -0.003236 -0.072952 0.919807 0.385515
1716975619.117180 14.660709 -13.385759 -0.461974 -0.011369 -0.067479 0.929401 0.362673
1716975619.260941 14.716168 -13.353386 -0.471011 -0.020296 -0.069688 0.945267 0.318122
1716975619.361027 14.765230 -13.297267 -0.462153 -0.019406 -0.071214 0.952408 0.295755
1716975619.452372 14.797862 -13.252541 -0.451293 -0.013497 -0.065224 0.959173 0.274864
1716975619.561672 14.828449 -13.187641 -0.456050 -0.010024 -0.069447 0.962397 0.262427
1716975619.661834 14.859773 -13.127176 -0.444921 -0.004959 -0.069153 0.965068 0.252661
1716975619.753085 14.887191 -13.048089 -0.421567 -0.006625 -0.082944 0.967122 0.240315
1716975619.794691 14.896353 -13.013524 -0.417221 -0.004138 -0.089971 0.966982 0.238400
1716975619.929857 14.923406 -12.920284 -0.395227 0.004049 -0.082019 0.972728 0.216924
1716975620.065529 14.931331 -12.824899 -0.405199 0.009525 -0.077576 0.978416 0.191295
1716975620.150783 14.939064 -12.754405 -0.414549 0.008409 -0.077811 0.982071 0.171496
1716975620.259537 14.969136 -12.671913 -0.419248 0.006740 -0.079671 0.986946 0.139804
1716975620.355615 14.992582 -12.584663 -0.416062 0.004123 -0.072536 0.990791 0.114254
1716975620.460205 15.008849 -12.499151 -0.414586 -0.000957 -0.080526 0.993517 0.080244
1716975620.560215 15.022126 -12.444565 -0.385976 -0.006287 -0.073655 0.996181 0.046468
1716975620.660339 15.021262 -12.374106 -0.382586 -0.008749 -0.072463 0.997142 0.019514
1716975620.752198 15.022691 -12.323492 -0.391642 -0.008926 -0.058460 0.998218 -0.007980
1716975620.794227 15.012584 -12.297100 -0.395657 -0.009064 -0.062607 0.997781 -0.020777
1716975620.927360 14.997756 -12.240589 -0.419038 -0.002552 -0.061372 0.997386 -0.038055
1716975621.051897 14.962678 -12.146020 -0.423837 0.006560 -0.077795 0.995491 -0.053869
1716975621.159687 14.932242 -12.079381 -0.408685 0.012978 -0.067718 0.995665 -0.062422
1716975621.251031 14.904750 -11.997047 -0.385059 0.011077 -0.075558 0.993874 -0.079887
1716975621.351410 14.874376 -11.917557 -0.379554 0.012779 -0.069276 0.992914 -0.095702
1716975621.413701 14.861100 -11.872667 -0.371669 0.016071 -0.066923 0.991870 -0.107036
1716975621.518585 14.840762 -11.799021 -0.358695 0.012351 -0.065412 0.987834 -0.140546
1716975621.653204 14.800963 -11.685426 -0.337426 0.009755 -0.070287 0.982213 -0.173843
1716975621.761930 14.728067 -11.626034 -0.297409 0.002594 -0.082237 0.970690 -0.225813
1716975621.861710 14.701852 -11.555599 -0.307401 -0.007946 -0.067421 0.962026 -0.264381
1716975621.958400 14.674454 -11.489987 -0.289977 -0.011857 -0.071792 0.950697 -0.301464
1716975622.052222 14.647360 -11.465537 -0.305488 -0.013950 -0.060169 0.942601 -0.328160
1716975622.160858 14.607597 -11.417507 -0.319795 -0.010152 -0.055235 0.935549 -0.348704
1716975622.261099 14.568952 -11.389491 -0.346855 -0.005174 -0.051255 0.930977 -0.361425
1716975622.352999 14.524333 -11.364657 -0.342684 -0.003123 -0.052170 0.926527 -0.372580
1716975622.406390 14.484245 -11.346381 -0.338405 0.003955 -0.054940 0.922025 -0.383191
1716975622.492474 14.423761 -11.310528 -0.340793 0.003424 -0.056729 0.916828 -0.395218
1716975622.584855 14.353996 -11.268321 -0.330931 0.002978 -0.050868 0.907882 -0.416117
1716975622.671298 14.282231 -11.220505 -0.344836 0.006141 -0.044301 0.901194 -0.431101
1716975622.844461 14.142423 -11.139681 -0.349012 0.004232 -0.034772 0.880181 -0.473345
1716975622.961850 14.073813 -11.112514 -0.345418 0.003320 -0.045581 0.861701 -0.505354
1716975622.968493 14.087059 -11.088426 -0.356237 0.000660 -0.046839 0.867820 -0.494666
1716975623.136413 13.969863 -11.033293 -0.352179 -0.006951 -0.042006 0.832091 -0.553003
1716975623.262037 13.891498 -10.993129 -0.330535 -0.014624 -0.040731 0.811962 -0.582104
1716975623.271393 13.889687 -10.991371 -0.335233 -0.021732 -0.033179 0.809824 -0.585331
1716975623.461372 13.775261 -10.964640 -0.355266 -0.019995 -0.031595 0.795075 -0.605358
1716975623.543529 13.715500 -10.964661 -0.363501 -0.011351 -0.029859 0.790869 -0.611152
1716975623.662198 13.626472 -10.945772 -0.359141 -0.002769 -0.033917 0.790399 -0.611647
1716975623.671190 13.606296 -10.931416 -0.362761 -0.004735 -0.033144 0.790163 -0.611982
1716975623.853638 13.438721 -10.900644 -0.355105 0.005469 -0.028828 0.785994 -0.617538
1716975623.961952 13.332192 -10.862582 -0.356001 0.007036 -0.031098 0.785295 -0.618300
1716975624.005165 13.301671 -10.858911 -0.342620 0.008836 -0.030103 0.783489 -0.620613
1716975624.111606 13.209848 -10.818708 -0.351945 0.009347 -0.034692 0.777640 -0.627683
1716975624.239181 13.104156 -10.784398 -0.362148 0.009294 -0.041628 0.769700 -0.636979
1716975624.361270 13.028565 -10.757007 -0.360634 0.007849 -0.042205 0.754173 -0.655271
1716975624.460758 12.957598 -10.744269 -0.368972 -0.004721 -0.032925 0.747988 -0.662878
1716975624.552200 12.890234 -10.740582 -0.379176 -0.007600 -0.029794 0.739570 -0.672376
1716975624.661444 12.815971 -10.734008 -0.381729 -0.014577 -0.027739 0.731324 -0.681310
1716975624.765667 12.752006 -10.723787 -0.376742 -0.013616 -0.033646 0.734772 -0.677342
1716975624.861108 12.688672 -10.706477 -0.376757 -0.004214 -0.030823 0.734515 -0.677879
1716975624.952432 12.588203 -10.703288 -0.377584 0.003042 -0.030768 0.734710 -0.677676
1716975625.059924 12.472799 -10.707345 -0.364278 0.002438 -0.018313 0.740464 -0.671842
1716975625.160937 12.364990 -10.706961 -0.365869 0.007314 -0.018143 0.741374 -0.670807
1716975625.250600 12.277117 -10.701422 -0.363678 0.003709 -0.015002 0.740536 -0.671838
1716975625.359186 12.175297 -10.691946 -0.370203 0.005907 -0.016949 0.735108 -0.677712
1716975625.450657 12.087272 -10.669865 -0.375471 0.003770 -0.019072 0.729255 -0.683966
1716975625.559971 11.971128 -10.646995 -0.369208 0.005514 -0.022533 0.710867 -0.702944
1716975625.651469 11.884340 -10.649162 -0.353137 -0.001434 -0.021265 0.704832 -0.709054
1716975625.760422 11.793369 -10.639291 -0.353087 -0.003688 -0.017679 0.697529 -0.716329
1716975625.860623 11.705585 -10.631197 -0.370600 -0.007642 -0.019238 0.697587 -0.716201
1716975625.953155 11.637167 -10.639213 -0.365794 -0.002470 -0.025982 0.699625 -0.714034
1716975626.039538 11.569675 -10.634037 -0.370484 0.000200 -0.024886 0.707736 -0.706038
1716975626.159689 11.471767 -10.638907 -0.372433 0.006063 -0.032673 0.714002 -0.699354
1716975626.202696 11.418559 -10.647623 -0.373197 0.010987 -0.035880 0.716023 -0.697067
1716975626.307700 11.323095 -10.646342 -0.366100 0.004648 -0.029022 0.720838 -0.692480
1716975626.463180 11.195643 -10.631509 -0.385641 0.000905 -0.022770 0.720272 -0.693317
1716975626.561004 11.100514 -10.622250 -0.388402 0.000534 -0.026078 0.715140 -0.698494
1716975626.661408 11.008652 -10.606762 -0.380663 0.000672 -0.024659 0.708007 -0.705775
1716975626.753055 10.920665 -10.602711 -0.359989 0.003851 -0.041627 0.702945 -0.710014
1716975626.861676 10.805631 -10.595772 -0.388420 -0.010276 -0.031006 0.694963 -0.718303
1716975626.961489 10.703886 -10.582521 -0.396580 -0.008834 -0.039837 0.692189 -0.720562
1716975627.052529 10.636346 -10.578642 -0.393611 -0.014215 -0.034614 0.690511 -0.722353
1716975627.161259 10.547615 -10.575670 -0.386915 -0.011319 -0.030305 0.696125 -0.717191
1716975627.260765 10.465649 -10.583322 -0.374729 0.003287 -0.030909 0.700045 -0.713422
1716975627.361305 10.374001 -10.605528 -0.376056 0.005867 -0.022523 0.710617 -0.703194
1716975627.370603 10.374983 -10.589868 -0.368425 0.019672 -0.042975 0.708112 -0.704517
1716975627.526307 10.218956 -10.606587 -0.375908 0.010564 -0.010860 0.716220 -0.697710
1716975627.570532 10.168962 -10.597662 -0.388027 0.013965 -0.003983 0.718365 -0.695515
1716975627.723446 10.011392 -10.592967 -0.403668 0.011960 -0.009189 0.711851 -0.702168
1716975627.770737 9.968785 -10.583931 -0.411760 0.013264 -0.013881 0.710633 -0.703301
1716975627.869955 9.847075 -10.569845 -0.401375 0.002914 -0.008062 0.710758 -0.703384
1716975628.063200 9.682445 -10.547838 -0.407524 -0.006020 -0.009799 0.700603 -0.713459
1716975628.115619 9.635716 -10.516856 -0.406141 -0.016727 -0.008438 0.701028 -0.712888
1716975628.260966 9.518347 -10.491815 -0.447218 -0.005997 -0.011052 0.707695 -0.706407
1716975628.360896 9.436242 -10.482555 -0.459120 0.004505 -0.016077 0.715972 -0.697929
1716975628.451845 9.345787 -10.479616 -0.453345 0.015853 -0.025845 0.717490 -0.695908
1716975628.561511 9.251872 -10.488171 -0.420551 0.013883 -0.018676 0.722437 -0.691045
1716975628.588925 9.214333 -10.499534 -0.415671 0.008833 -0.018715 0.727643 -0.685644
1716975628.753256 9.068408 -10.495176 -0.423173 0.006390 -0.013461 0.728381 -0.685010
1716975628.813343 9.014801 -10.500016 -0.413101 0.012127 -0.013262 0.727118 -0.686278
1716975628.901244 8.926539 -10.496637 -0.440476 0.009217 -0.013460 0.726368 -0.687112
1716975629.044331 8.801620 -10.502018 -0.413437 0.006695 -0.031531 0.712762 -0.700665
1716975629.151542 8.701748 -10.491200 -0.417017 -0.002103 -0.027860 0.706787 -0.706874
1716975629.169884 8.684775 -10.480021 -0.407109 0.002457 -0.033458 0.703592 -0.709811
1716975629.342568 8.536840 -10.468772 -0.422528 -0.008423 -0.022710 0.700893 -0.712855
1716975629.378917 8.508602 -10.466207 -0.436069 -0.009900 -0.018543 0.698710 -0.715096
1716975629.544061 8.371786 -10.471388 -0.437762 0.000704 -0.021012 0.708168 -0.705731
1716975629.652540 8.265954 -10.478881 -0.430692 0.004416 -0.021799 0.712821 -0.700993
1716975629.760057 8.139299 -10.488204 -0.426886 0.003447 -0.016891 0.714721 -0.699197
1716975629.784612 8.107985 -10.502523 -0.429982 0.006341 -0.017658 0.717760 -0.696038
1716975629.916456 7.979955 -10.512021 -0.429734 0.011235 -0.012624 0.715737 -0.698165
1716975629.968343 7.933532 -10.502533 -0.448763 0.014595 -0.012247 0.714496 -0.699380
1716975630.132347 7.768607 -10.483482 -0.438281 0.004191 -0.024756 0.707363 -0.706405
1716975630.168914 7.734171 -10.472571 -0.442443 0.000331 -0.025284 0.707326 -0.706435
1716975630.359569 7.580058 -10.445661 -0.428252 0.003241 -0.030804 0.702085 -0.711419
1716975630.421195 7.545153 -10.438262 -0.438640 0.001883 -0.029678 0.701880 -0.711674
1716975630.541635 7.447540 -10.412117 -0.440071 -0.000457 -0.028368 0.708090 -0.705552
1716975630.650821 7.371024 -10.409408 -0.475153 0.005836 -0.027770 0.718161 -0.695298
1716975630.759919 7.301156 -10.404546 -0.473742 0.010959 -0.026602 0.729119 -0.683782
1716975630.843984 7.238058 -10.404224 -0.465156 0.017723 -0.032785 0.739750 -0.671848
1716975630.960385 7.116311 -10.388288 -0.476475 0.017530 -0.026110 0.749627 -0.661113
1716975631.051861 7.011521 -10.396739 -0.476896 0.014451 -0.027528 0.750493 -0.660147
1716975631.160090 6.914514 -10.384345 -0.473552 0.016008 -0.024011 0.754470 -0.655700
1716975631.259503 6.805243 -10.379615 -0.473873 0.015322 -0.027519 0.750958 -0.659598
1716975631.350804 6.699314 -10.379925 -0.465325 0.012532 -0.026715 0.744454 -0.667021
1716975631.460109 6.581156 -10.371591 -0.447457 0.004530 -0.033909 0.735616 -0.676535
1716975631.560576 6.485936 -10.352047 -0.445650 -0.002131 -0.037634 0.729546 -0.682892
1716975631.661095 6.407324 -10.334395 -0.452413 -0.010529 -0.031954 0.729033 -0.683651
1716975631.753487 6.336996 -10.323524 -0.464853 -0.012468 -0.035840 0.730097 -0.682289
1716975631.861567 6.254944 -10.307590 -0.456685 -0.010759 -0.029614 0.737596 -0.674507
1716975631.955626 6.170859 -10.298891 -0.451338 0.001351 -0.040868 0.736888 -0.674777
1716975632.036145 6.090174 -10.297418 -0.468749 -0.000317 -0.035163 0.739389 -0.672359
1716975632.070391 6.041709 -10.308625 -0.456642 0.005847 -0.042988 0.740408 -0.670756
1716975632.251716 5.881435 -10.299358 -0.456960 0.005656 -0.025373 0.735384 -0.677152
1716975632.361022 5.780668 -10.299898 -0.483371 0.006267 -0.023879 0.723533 -0.689849
1716975632.452329 5.705751 -10.304594 -0.483512 0.010801 -0.030327 0.718588 -0.694690
1716975632.561851 5.599539 -10.286236 -0.469601 0.002722 -0.038380 0.700984 -0.712138
1716975632.662157 5.503146 -10.290056 -0.466091 -0.008500 -0.034158 0.693443 -0.719651
1716975632.753264 5.420948 -10.280563 -0.458498 -0.010486 -0.040690 0.684287 -0.728001
1716975632.861842 5.332787 -10.256141 -0.461352 -0.016674 -0.035670 0.682610 -0.729721
1716975632.962053 5.244731 -10.227793 -0.456856 -0.016191 -0.038843 0.685853 -0.726523
1716975633.063686 5.162846 -10.206345 -0.450935 -0.012505 -0.034403 0.692236 -0.720742
1716975633.130801 5.105113 -10.206491 -0.449600 -0.003633 -0.036880 0.695664 -0.717411
1716975633.170572 5.063449 -10.207866 -0.450372 -0.006741 -0.038519 0.698563 -0.714479
1716975633.361083 4.872030 -10.201533 -0.447032 -0.000834 -0.031606 0.705050 -0.708453
1716975633.461199 4.772347 -10.201588 -0.460986 0.003771 -0.026511 0.707818 -0.705888
1716975633.552720 4.682204 -10.198864 -0.480867 0.008402 -0.025590 0.706195 -0.707505
1716975633.588761 4.643766 -10.210996 -0.481764 0.010285 -0.026585 0.705922 -0.707716
1716975633.733251 4.510749 -10.215100 -0.485486 0.017918 -0.041947 0.697241 -0.715384
1716975633.862034 4.408216 -10.229752 -0.499411 0.012865 -0.035515 0.688729 -0.724034
1716975633.870622 4.425398 -10.235921 -0.505784 0.032801 -0.045652 0.688601 -0.722959
1716975634.047528 4.290037 -10.245724 -0.503952 0.006604 -0.036000 0.687481 -0.725280
1716975634.160804 4.184901 -10.245831 -0.492841 0.008769 -0.036637 0.693593 -0.719381
1716975634.264046 4.094584 -10.246069 -0.480362 0.009520 -0.030414 0.702516 -0.710954
1716975634.351277 4.017281 -10.252746 -0.480129 0.015422 -0.031287 0.707924 -0.705426
1716975634.462672 3.918417 -10.253868 -0.480476 0.014817 -0.027965 0.719032 -0.694256
1716975634.560469 3.819429 -10.272729 -0.488182 0.009160 -0.023470 0.717646 -0.695952
1716975634.651913 3.733642 -10.276553 -0.492447 0.007607 -0.018603 0.720841 -0.692809
1716975634.761102 3.631759 -10.270341 -0.506680 0.009421 -0.020171 0.713912 -0.699881
1716975634.860993 3.540200 -10.258796 -0.502372 0.009943 -0.022124 0.709525 -0.704262
1716975634.952321 3.454888 -10.267432 -0.497873 0.015083 -0.030122 0.693480 -0.719688
1716975634.993182 3.431854 -10.267944 -0.499036 0.013385 -0.027454 0.691930 -0.721318
1716975635.125617 3.326406 -10.262847 -0.485251 -0.006648 -0.017702 0.682659 -0.730493
1716975635.192118 3.288984 -10.252607 -0.485917 -0.015348 -0.014865 0.680066 -0.732839
1716975635.316306 3.196906 -10.243750 -0.496472 -0.011159 -0.023496 0.685410 -0.727692
1716975635.416800 3.116413 -10.240471 -0.503993 -0.004730 -0.028939 0.692572 -0.720752
1716975635.559503 2.995288 -10.234649 -0.507532 0.013334 -0.033428 0.716864 -0.696283
1716975635.659562 2.915143 -10.227375 -0.498747 0.006071 -0.028633 0.725297 -0.687814
1716975635.759823 2.837448 -10.245371 -0.516126 0.012573 -0.028912 0.731236 -0.681395
1716975635.851667 2.763801 -10.246295 -0.531165 0.008361 -0.023712 0.736120 -0.676384
1716975635.952247 2.691017 -10.247165 -0.529583 0.008012 -0.024612 0.736128 -0.676347
1716975636.002506 2.651334 -10.241291 -0.526666 0.008554 -0.021059 0.737870 -0.674560
1716975636.130756 2.551331 -10.230922 -0.503676 0.012764 -0.031492 0.735627 -0.676534
1716975636.247742 2.487281 -10.208680 -0.495353 0.007188 -0.033175 0.739537 -0.672260
1716975636.359544 2.402964 -10.184800 -0.491932 0.004374 -0.033998 0.752407 -0.657806
1716975636.442127 2.331722 -10.166258 -0.496308 0.001508 -0.030711 0.765013 -0.643280
1716975636.472304 2.311257 -10.145332 -0.495612 0.002502 -0.029218 0.768784 -0.638836
1716975636.660986 2.182182 -10.089063 -0.490249 0.008615 -0.035703 0.809343 -0.586186
1716975636.752766 2.118274 -10.054817 -0.493071 0.018697 -0.043623 0.825775 -0.561999
1716975636.861896 2.058116 -10.009693 -0.496907 0.017234 -0.035562 0.848472 -0.527762
1716975636.954946 2.005678 -9.972079 -0.482596 0.026541 -0.037260 0.860762 -0.506947
1716975637.044600 1.941200 -9.934914 -0.485431 0.020510 -0.035446 0.873663 -0.484805
1716975637.129109 1.882846 -9.900062 -0.489420 0.022066 -0.035056 0.882401 -0.468672
1716975637.260661 1.776612 -9.830016 -0.496896 0.016842 -0.041136 0.893034 -0.447788
1716975637.361049 1.714579 -9.781238 -0.501363 0.012686 -0.050088 0.897912 -0.437133
1716975637.452296 1.662572 -9.729305 -0.499910 0.004233 -0.047268 0.905974 -0.420665
1716975637.561987 1.623852 -9.656532 -0.502293 0.005712 -0.048386 0.915279 -0.399862
1716975637.662357 1.589653 -9.590197 -0.508159 0.004356 -0.046031 0.924243 -0.378994
1716975637.753372 1.553683 -9.545287 -0.515487 0.005006 -0.045570 0.933652 -0.355236
1716975637.861784 1.533260 -9.480620 -0.521010 0.004447 -0.044260 0.945538 -0.322458
1716975637.962094 1.487965 -9.433508 -0.505684 0.011651 -0.051771 0.955624 -0.289771
1716975638.064697 1.460468 -9.383275 -0.510512 0.016726 -0.040470 0.966080 -0.254501
1716975638.157004 1.415689 -9.345313 -0.507102 0.019611 -0.044248 0.972527 -0.227701
1716975638.237958 1.385750 -9.298845 -0.513549 0.017601 -0.041743 0.977170 -0.207573
1716975638.315461 1.360815 -9.267994 -0.521031 0.016086 -0.044888 0.980756 -0.189325
1716975638.400079 1.333988 -9.219052 -0.518761 0.005737 -0.050699 0.983837 -0.171641
1716975638.553864 1.274862 -9.140322 -0.503606 -0.003191 -0.061440 0.985617 -0.157396
1716975638.662455 1.234657 -9.084115 -0.481337 -0.009291 -0.056218 0.988187 -0.142268
1716975638.671406 1.223852 -9.070356 -0.481437 -0.005212 -0.060793 0.988032 -0.141667
1716975638.852902 1.182614 -8.952864 -0.484518 -0.009864 -0.055570 0.992291 -0.110332
1716975638.953345 1.171739 -8.867922 -0.489079 -0.008636 -0.062788 0.994173 -0.087198
1716975639.060841 1.188262 -8.767607 -0.474768 -0.003690 -0.065735 0.996186 -0.057262
1716975639.151822 1.198180 -8.691335 -0.448638 -0.004285 -0.074346 0.996764 -0.030256
1716975639.260515 1.181469 -8.592955 -0.439518 -0.002772 -0.073898 0.997248 0.005354
1716975639.360522 1.177990 -8.538177 -0.431428 0.003522 -0.073308 0.996949 0.026566
1716975639.451801 1.169355 -8.478045 -0.446605 0.003078 -0.071186 0.996266 0.048750
1716975639.561242 1.175991 -8.394493 -0.454324 0.002795 -0.067397 0.995635 0.064502
1716975639.652754 1.184975 -8.331403 -0.450559 -0.003359 -0.067672 0.994638 0.078130
1716975639.761059 1.208411 -8.246108 -0.447370 -0.008210 -0.071233 0.993706 0.086067
1716975639.860543 1.233916 -8.180045 -0.447028 -0.006514 -0.052488 0.994636 0.088889
1716975639.959931 1.253714 -8.104873 -0.444783 -0.016302 -0.054433 0.993699 0.096611
1716975640.063042 1.297892 -8.026563 -0.447709 -0.012456 -0.053836 0.991856 0.114751
1716975640.162772 1.325250 -7.949273 -0.449284 -0.014275 -0.054643 0.988710 0.138794
1716975640.241587 1.372532 -7.886988 -0.440187 -0.013997 -0.060104 0.986064 0.154496
1716975640.359708 1.397836 -7.800468 -0.410796 -0.014147 -0.056911 0.978564 0.197415
1716975640.368548 1.400331 -7.783132 -0.412557 -0.005091 -0.054154 0.979218 0.195379
1716975640.550675 1.436823 -7.668149 -0.403192 0.004860 -0.055728 0.963484 0.261858
1716975640.659844 1.457870 -7.610669 -0.398775 0.012043 -0.044289 0.954769 0.293784
1716975640.762288 1.492311 -7.562376 -0.401525 0.009352 -0.046914 0.948716 0.312490
1716975640.851815 1.541099 -7.516678 -0.396690 0.003997 -0.052995 0.944945 0.322886
1716975640.955835 1.591166 -7.447142 -0.399737 0.002996 -0.039633 0.940943 0.336224
1716975641.051283 1.653404 -7.387491 -0.404490 0.000951 -0.047895 0.941205 0.334422
1716975641.068607 1.663131 -7.383354 -0.409771 0.009274 -0.043256 0.939836 0.338749
1716975641.250690 1.765186 -7.284755 -0.407335 0.000590 -0.032906 0.929455 0.367464
1716975641.359796 1.833008 -7.221139 -0.394749 0.000581 -0.032949 0.921534 0.386896
1716975641.369213 1.831878 -7.217650 -0.390686 -0.000477 -0.028586 0.920691 0.389243
1716975641.542398 1.945402 -7.104956 -0.366719 -0.000783 -0.035983 0.898489 0.437517
1716975641.570788 1.951659 -7.092401 -0.374363 -0.002722 -0.038706 0.888073 0.458063
1716975641.753008 2.061007 -6.999753 -0.365508 0.015986 -0.033545 0.854690 0.517808
1716975641.852975 2.114107 -6.958405 -0.364788 0.019345 -0.036560 0.845307 0.532677
1716975641.962181 2.194487 -6.906645 -0.364102 0.024976 -0.041031 0.832371 0.552133
1716975642.053077 2.252838 -6.874991 -0.361565 0.025344 -0.045786 0.829169 0.556543
1716975642.143261 2.296025 -6.843630 -0.363660 0.016562 -0.053920 0.829558 0.555565
1716975642.169831 2.297317 -6.850871 -0.366605 0.011455 -0.061422 0.827120 0.558541
1716975642.342693 2.421035 -6.796349 -0.355504 0.002330 -0.051084 0.835361 0.547318
1716975642.370902 2.427470 -6.793207 -0.341195 -0.011936 -0.056645 0.838232 0.542232
1716975642.561458 2.563431 -6.725850 -0.348733 -0.001926 -0.041661 0.838292 0.543624
1716975642.643874 2.615778 -6.705600 -0.348490 0.001301 -0.037461 0.834077 0.550374
1716975642.762195 2.710837 -6.659945 -0.326906 -0.002513 -0.052313 0.820028 0.569922
1716975642.854210 2.797340 -6.630088 -0.320650 -0.004592 -0.054993 0.807641 0.587086
1716975642.868303 2.804066 -6.618820 -0.313965 0.001145 -0.054535 0.805516 0.590058
1716975643.058672 2.955489 -6.574358 -0.305909 -0.003045 -0.052203 0.783973 0.618589
1716975643.130147 3.006925 -6.578425 -0.310095 -0.000897 -0.050371 0.775223 0.629676
1716975643.170949 3.026615 -6.572177 -0.307466 -0.004658 -0.044205 0.772476 0.633486
1716975643.342992 3.136784 -6.565711 -0.321306 0.006509 -0.052185 0.769740 0.636187
1716975643.462204 3.207893 -6.544910 -0.323989 0.006632 -0.055330 0.772281 0.632832
1716975643.480292 3.226350 -6.560529 -0.331843 0.012960 -0.041452 0.773895 0.631823
1716975643.634849 3.320910 -6.549207 -0.326097 0.004653 -0.041415 0.778997 0.625641
1716975643.671258 3.355430 -6.539748 -0.325854 0.010070 -0.031646 0.781489 0.623035
1716975643.797044 3.455931 -6.489999 -0.322356 0.014609 -0.034845 0.778111 0.626989
1716975643.869111 3.523249 -6.438636 -0.333502 0.020538 -0.034628 0.778302 0.626598
1716975644.053708 3.692735 -6.361879 -0.326069 0.009844 -0.062222 0.756339 0.651140
1716975644.125353 3.721609 -6.343583 -0.308329 0.018102 -0.069705 0.746154 0.661866
1716975644.242491 3.815973 -6.315011 -0.313017 0.025213 -0.061826 0.740314 0.668937
1716975644.361303 3.905618 -6.294343 -0.309612 0.030176 -0.056499 0.736762 0.673112
1716975644.461172 3.967298 -6.270843 -0.315244 0.026806 -0.052584 0.737338 0.672941
1716975644.503079 3.998377 -6.265511 -0.306873 0.021418 -0.051527 0.738754 0.671661
1716975644.661869 4.128657 -6.280925 -0.283768 -0.001195 -0.048244 0.745784 0.664437
1716975644.753705 4.206318 -6.284784 -0.275153 -0.003970 -0.047460 0.749547 0.660235
1716975644.860885 4.309628 -6.272383 -0.277407 -0.006794 -0.041314 0.748925 0.661331
1716975644.951793 4.388312 -6.258388 -0.278282 -0.005052 -0.040549 0.741212 0.670026
1716975645.065567 4.477157 -6.232597 -0.272778 -0.006641 -0.042472 0.735286 0.676392
1716975645.159164 4.550007 -6.216407 -0.265976 -0.006119 -0.047780 0.725311 0.686734
1716975645.250538 4.616423 -6.204984 -0.255063 -0.004691 -0.052472 0.715736 0.696381
1716975645.359943 4.690386 -6.186086 -0.265814 -0.004526 -0.060077 0.708011 0.703627
1716975645.377392 4.697386 -6.176953 -0.265576 -0.012477 -0.067338 0.707165 0.703724
1716975645.533142 4.788247 -6.161939 -0.274642 0.000728 -0.060742 0.696271 0.715204
1716975645.591262 4.821549 -6.147076 -0.275547 0.008663 -0.057436 0.694782 0.716871
1716975645.751639 4.952112 -6.131080 -0.278400 0.010196 -0.053156 0.697221 0.714810
1716975645.851993 5.029622 -6.132084 -0.265229 0.007072 -0.054762 0.699845 0.712157
1716975645.967210 5.111875 -6.121568 -0.251713 0.002527 -0.056571 0.708768 0.703165
1716975646.042153 5.181743 -6.116058 -0.257145 0.006061 -0.047144 0.708675 0.703932
1716975646.150935 5.273535 -6.114050 -0.253554 0.002908 -0.046550 0.712627 0.699991
1716975646.259719 5.371312 -6.081688 -0.265602 0.005379 -0.046310 0.711171 0.701472
1716975646.360148 5.462234 -6.059901 -0.281831 -0.000663 -0.052024 0.702643 0.709638
1716975646.451274 5.558823 -6.043877 -0.270105 -0.007206 -0.058086 0.694446 0.717160
1716975646.552812 5.647854 -6.048596 -0.263626 -0.011004 -0.069744 0.691533 0.718886
1716975646.662908 5.737897 -6.050218 -0.278765 0.004705 -0.063823 0.683057 0.727556
1716975646.671740 5.727603 -6.058208 -0.284105 -0.003729 -0.066908 0.678813 0.731247
1716975646.851773 5.851187 -6.051799 -0.273427 0.011876 -0.064327 0.684446 0.726123
1716975646.942448 5.896347 -6.052219 -0.250259 0.012134 -0.067283 0.691420 0.719210
1716975647.060747 5.956312 -6.057028 -0.239157 0.002394 -0.073305 0.702553 0.707842
1716975647.151780 6.006617 -6.086562 -0.225561 -0.003465 -0.071334 0.714489 0.695992
1716975647.179367 6.032824 -6.105749 -0.225040 -0.007148 -0.069321 0.717937 0.692611
1716975647.344357 6.166994 -6.133721 -0.198869 -0.005965 -0.059522 0.736600 0.673678
1716975647.453006 6.270159 -6.153990 -0.207997 0.000938 -0.050249 0.743031 0.667367
1716975647.563154 6.390389 -6.147577 -0.214009 0.002231 -0.048056 0.747881 0.662087
1716975647.662276 6.501540 -6.133503 -0.208894 0.001285 -0.049621 0.741526 0.669085
1716975647.753908 6.623669 -6.121142 -0.216805 0.001494 -0.055250 0.739306 0.671097
1716975647.862843 6.743526 -6.131074 -0.232244 0.005489 -0.048632 0.729264 0.682480
1716975647.960809 6.831347 -6.129314 -0.251861 0.007364 -0.049263 0.729098 0.682594
1716975648.065578 6.904127 -6.118350 -0.251152 0.016503 -0.044593 0.724445 0.687691
1716975648.130561 6.939541 -6.100706 -0.251493 0.018813 -0.049414 0.726421 0.685213
1716975648.195426 6.969033 -6.099142 -0.263480 0.015742 -0.048966 0.727795 0.683863
1716975648.333831 7.061005 -6.091863 -0.268286 0.003084 -0.051614 0.733273 0.677966
1716975648.462279 7.143691 -6.094267 -0.241636 -0.005104 -0.048017 0.741373 0.669354
1716975648.563272 7.242308 -6.096025 -0.225540 -0.008569 -0.045528 0.744888 0.665579
1716975648.615314 7.282935 -6.098091 -0.219387 -0.004073 -0.040728 0.746630 0.663979
1716975648.705175 7.365038 -6.094376 -0.214091 -0.003099 -0.038344 0.742152 0.669127
1716975648.830301 7.462007 -6.101846 -0.197908 -0.004432 -0.043107 0.733504 0.678302
1716975648.897331 7.553852 -6.090611 -0.195359 -0.012360 -0.048912 0.728962 0.682692
1716975649.062020 7.688398 -6.120265 -0.191524 -0.009603 -0.048805 0.703843 0.708612
1716975649.140134 7.745580 -6.126905 -0.217723 -0.003745 -0.053013 0.697103 0.714999
1716975649.261853 7.831284 -6.127909 -0.226603 0.004305 -0.049311 0.690814 0.721336
1716975649.353865 7.890209 -6.152051 -0.239122 0.005270 -0.050089 0.687658 0.724286
1716975649.411423 7.928720 -6.139470 -0.230434 0.009598 -0.051221 0.689117 0.722774
1716975649.471967 7.984433 -6.143082 -0.237602 0.005187 -0.056433 0.690712 0.720906
1716975649.643733 8.116292 -6.146127 -0.210848 0.011059 -0.048380 0.708761 0.703701
1716975649.763128 8.256002 -6.131298 -0.213616 0.011032 -0.037027 0.721324 0.691519
1716975649.860823 8.346484 -6.126588 -0.218056 0.010252 -0.025837 0.720724 0.692665
1716975649.903344 8.382750 -6.138677 -0.206504 0.005358 -0.017907 0.722273 0.691355
1716975650.019498 8.490765 -6.141683 -0.232152 0.005334 -0.028851 0.715401 0.698098
1716975650.141247 8.615414 -6.145811 -0.219568 0.002243 -0.038762 0.704299 0.708841
1716975650.250557 8.696899 -6.138858 -0.220099 0.004771 -0.041716 0.697446 0.715407
1716975650.360945 8.797823 -6.156923 -0.219738 0.000276 -0.043479 0.695499 0.717210
1716975650.451507 8.864811 -6.151762 -0.223757 0.008580 -0.043552 0.694207 0.718405
1716975650.561383 8.960103 -6.167244 -0.227936 0.003248 -0.044774 0.697467 0.715210
1716975650.652228 9.041563 -6.181533 -0.215390 -0.001679 -0.047018 0.698845 0.713724
1716975650.762165 9.121266 -6.178829 -0.184609 -0.006834 -0.052349 0.715101 0.697025
1716975650.769655 9.098343 -6.178309 -0.199734 -0.011122 -0.054341 0.707972 0.704059
1716975650.959074 9.267252 -6.175269 -0.202600 -0.006489 -0.039967 0.717548 0.695331
1716975651.051881 9.356134 -6.190352 -0.191868 -0.000318 -0.033151 0.717022 0.696261
1716975651.151993 9.460873 -6.189218 -0.195111 -0.006631 -0.035234 0.711567 0.701703
1716975651.261383 9.571892 -6.169701 -0.188137 -0.003949 -0.040167 0.702461 0.710577
1716975651.270368 9.573356 -6.167324 -0.188289 -0.004571 -0.044709 0.704030 0.708747
1716975651.442475 9.707661 -6.149634 -0.172812 -0.003110 -0.043189 0.689004 0.723463
1716975651.562652 9.804422 -6.147235 -0.193727 -0.004021 -0.044984 0.685147 0.727003
1716975651.572380 9.805684 -6.149641 -0.188546 0.002098 -0.042912 0.683641 0.728553
1716975651.754241 9.955272 -6.156340 -0.198322 -0.000443 -0.049421 0.684179 0.727638
1716975651.866646 10.032733 -6.154274 -0.178635 -0.003828 -0.051088 0.685623 0.726152
1716975651.933420 10.097819 -6.148155 -0.179744 -0.009983 -0.052775 0.691761 0.720126
1716975652.006777 10.153456 -6.153823 -0.170141 -0.014128 -0.057438 0.694942 0.716629
1716975652.120357 10.259153 -6.146345 -0.166211 -0.020170 -0.052940 0.699577 0.712308
1716975652.253295 10.373532 -6.158467 -0.165064 -0.016825 -0.044351 0.698117 0.714410
1716975652.362978 10.469916 -6.156462 -0.167986 -0.015082 -0.045389 0.695187 0.717236
1716975652.463283 10.537165 -6.154431 -0.161464 -0.009964 -0.041961 0.691282 0.721297
1716975652.563274 10.613788 -6.177700 -0.154570 -0.011031 -0.046130 0.684964 0.727031
1716975652.653558 10.690182 -6.207451 -0.163342 -0.002501 -0.042329 0.678560 0.733320
1716975652.764719 10.791525 -6.259094 -0.172077 -0.001163 -0.041553 0.675131 0.736526
1716975652.816009 10.828352 -6.267606 -0.174689 0.007682 -0.036874 0.672141 0.739465
1716975652.915818 10.914109 -6.286362 -0.188545 0.007642 -0.040820 0.673429 0.738084
1716975653.037500 11.008991 -6.283129 -0.191667 0.001259 -0.040399 0.677250 0.734642
1716975653.153620 11.098065 -6.305858 -0.189019 -0.013890 -0.045707 0.685430 0.726570
1716975653.262843 11.198519 -6.302242 -0.167584 -0.012981 -0.034269 0.689260 0.723587
1716975653.362953 11.303040 -6.292286 -0.162632 -0.017885 -0.037807 0.690293 0.722321
1716975653.463028 11.391445 -6.288412 -0.163040 -0.011704 -0.036429 0.691150 0.721698
1716975653.553586 11.471448 -6.278893 -0.168056 -0.011431 -0.039208 0.686979 0.725528
1716975653.663329 11.559168 -6.272776 -0.169706 -0.005329 -0.042666 0.677719 0.734063
1716975653.762079 11.629301 -6.263434 -0.148941 -0.006928 -0.049880 0.671569 0.739228
1716975653.854159 11.724639 -6.279536 -0.152759 -0.004769 -0.052012 0.664493 0.745467
1716975653.963603 11.815477 -6.301935 -0.141646 -0.001421 -0.052559 0.660371 0.749097
1716975653.969142 11.798568 -6.300933 -0.140954 0.005992 -0.044070 0.658831 0.750975
1716975654.132041 11.965148 -6.334909 -0.161937 0.000952 -0.050046 0.657144 0.752101
1716975654.192614 12.021800 -6.355194 -0.180277 -0.001342 -0.048563 0.656300 0.752934
1716975654.316665 12.127926 -6.368199 -0.158557 -0.008670 -0.044585 0.668846 0.742012
1716975654.388033 12.183114 -6.386033 -0.148004 -0.019462 -0.045857 0.672954 0.738005
1716975654.524519 12.313654 -6.424020 -0.127005 -0.021035 -0.041427 0.677184 0.734345
1716975654.579832 12.356131 -6.421199 -0.133435 -0.019807 -0.040088 0.680259 0.731606
1716975654.735282 12.497004 -6.443046 -0.152729 -0.016094 -0.047090 0.669634 0.741022
1716975654.861398 12.623437 -6.439611 -0.130568 -0.014739 -0.049650 0.653678 0.754999
1716975654.962392 12.726833 -6.470252 -0.109112 -0.019201 -0.056289 0.645528 0.761417
1716975655.040256 12.798599 -6.480829 -0.119964 -0.017743 -0.055980 0.637897 0.767880
1716975655.160737 12.895790 -6.492431 -0.102459 -0.007069 -0.055711 0.634058 0.771244
1716975655.260736 12.967016 -6.509157 -0.107620 -0.001709 -0.052939 0.632972 0.772361
1716975655.268694 12.968452 -6.513498 -0.117528 0.002182 -0.053656 0.631131 0.773815
1716975655.441830 13.107709 -6.552219 -0.129510 -0.012686 -0.057197 0.643802 0.762946
1716975655.561222 13.218967 -6.590539 -0.091173 -0.023523 -0.057653 0.655059 0.753007
1716975655.652045 13.307711 -6.611153 -0.100001 -0.019879 -0.049816 0.661361 0.748147
1716975655.761198 13.407689 -6.627940 -0.114636 -0.024375 -0.050644 0.667787 0.742227
1716975655.861139 13.476657 -6.653245 -0.128155 -0.014021 -0.043863 0.668694 0.742110
1716975655.952015 13.534051 -6.668099 -0.117642 -0.011560 -0.044240 0.665105 0.745349
1716975655.969293 13.539612 -6.670776 -0.101112 -0.007326 -0.038417 0.671708 0.739783
1716975656.150644 13.692885 -6.682503 -0.092238 -0.017552 -0.058853 0.655620 0.752590
1716975656.250793 13.775859 -6.689365 -0.081370 -0.010468 -0.058713 0.650478 0.757180
1716975656.362693 13.890170 -6.689192 -0.098053 -0.014752 -0.065708 0.654775 0.752817
1716975656.453024 13.954662 -6.696885 -0.105794 -0.007040 -0.060304 0.656197 0.752143
1716975656.562815 14.041835 -6.698929 -0.106239 -0.014624 -0.062987 0.667809 0.741519
1716975656.662769 14.100392 -6.705076 -0.100377 -0.012410 -0.058682 0.678530 0.732120
1716975656.764107 14.189638 -6.713357 -0.104836 -0.029656 -0.066283 0.692003 0.718234
1716975656.858857 14.264275 -6.736419 -0.120601 -0.027247 -0.052410 0.702159 0.709566
1716975656.889584 14.284739 -6.753180 -0.113374 -0.033219 -0.061842 0.703809 0.706912
1716975657.025371 14.376329 -6.778734 -0.110944 -0.016675 -0.039327 0.707669 0.705251
1716975657.096358 14.433555 -6.797525 -0.117772 -0.013162 -0.034056 0.707991 0.705278
1716975657.234132 14.536426 -6.813534 -0.120370 -0.009114 -0.040922 0.699982 0.712929
1716975657.353479 14.632180 -6.805906 -0.123724 -0.010789 -0.053131 0.690727 0.721081
1716975657.381212 14.646891 -6.809052 -0.116577 -0.008213 -0.050019 0.689586 0.722428
1716975657.544534 14.786289 -6.794976 -0.110678 -0.004539 -0.053870 0.689054 0.722691
1716975657.659554 14.885717 -6.778148 -0.112628 0.003861 -0.050813 0.692224 0.719881
1716975657.764538 14.974824 -6.758189 -0.106596 0.003704 -0.055988 0.697521 0.714364
1716975657.863754 15.043212 -6.740888 -0.102569 0.001330 -0.056154 0.704949 0.707030
1716975657.958960 15.138719 -6.724247 -0.094771 -0.004563 -0.060099 0.720092 0.691256
1716975658.037130 15.191763 -6.728517 -0.091093 -0.011933 -0.054067 0.727177 0.684213
1716975658.162418 15.300628 -6.750581 -0.075898 -0.019300 -0.050654 0.740310 0.670077
1716975658.170605 15.302979 -6.771503 -0.068022 -0.024917 -0.039558 0.743244 0.667385
1716975658.343075 15.462359 -6.775402 -0.064417 -0.023070 -0.056650 0.752217 0.656070
1716975658.454937 15.555537 -6.793973 -0.072135 -0.025294 -0.064902 0.753393 0.653871
1716975658.472330 15.564223 -6.807015 -0.085248 -0.028646 -0.064631 0.755456 0.651375
1716975658.653509 15.719563 -6.807709 -0.068571 -0.016590 -0.067033 0.759693 0.646605
1716975658.764085 15.824772 -6.807193 -0.078996 -0.013088 -0.069162 0.769161 0.635166
1716975658.854066 15.883113 -6.789919 -0.078526 -0.010739 -0.066273 0.778569 0.623958
1716975658.963575 15.930285 -6.748244 -0.080043 -0.011292 -0.069890 0.796329 0.600706
1716975659.055994 15.985309 -6.721607 -0.076982 -0.014955 -0.072388 0.812761 0.577889
1716975659.130702 16.016701 -6.683957 -0.076112 -0.017113 -0.073074 0.827427 0.556536
1716975659.262836 16.050474 -6.697208 -0.074691 -0.015602 -0.067754 0.861390 0.503164
1716975659.362037 16.110513 -6.664414 -0.066905 -0.018113 -0.065223 0.877264 0.475212
1716975659.452459 16.154384 -6.634764 -0.064149 -0.017258 -0.064869 0.888536 0.453869
1716975659.562684 16.202596 -6.605533 -0.067566 -0.018420 -0.070510 0.897048 0.435883
1716975659.662335 16.245929 -6.573021 -0.074077 -0.016515 -0.075365 0.902691 0.423316
1716975659.752621 16.315566 -6.535782 -0.064940 -0.016427 -0.078346 0.905980 0.415683
1716975659.861316 16.380909 -6.480332 -0.048353 -0.018422 -0.089399 0.909874 0.404718
1716975659.962189 16.432719 -6.445015 -0.039780 -0.016559 -0.084163 0.915360 0.393393
1716975660.039806 16.469420 -6.395133 -0.037934 -0.017751 -0.092911 0.920430 0.379290
1716975660.160526 16.516698 -6.333252 -0.033812 -0.005818 -0.087743 0.932177 0.351161
1716975660.260623 16.560316 -6.281274 -0.030301 -0.003529 -0.088355 0.939692 0.330393
1716975660.351067 16.609290 -6.239137 -0.033315 -0.001923 -0.087353 0.947636 0.307168
1716975660.461668 16.650843 -6.184597 -0.041444 -0.005333 -0.094217 0.955549 0.279321
1716975660.561079 16.685771 -6.125418 -0.034186 -0.010404 -0.094071 0.964165 0.247849
1716975660.651912 16.721873 -6.091217 -0.019319 -0.015641 -0.096319 0.969352 0.225464
1716975660.762308 16.761234 -6.027367 -0.027143 -0.018683 -0.094145 0.975745 0.196745
1716975660.862046 16.773893 -5.989779 -0.033721 -0.015686 -0.083267 0.982471 0.166047
1716975660.951446 16.798466 -5.950236 -0.035421 -0.012563 -0.083796 0.986111 0.142848
1716975661.060380 16.799005 -5.908494 -0.025744 -0.010995 -0.085341 0.988352 0.125523
1716975661.160405 16.811014 -5.868868 -0.021093 -0.006595 -0.087401 0.990740 0.103691
1716975661.251816 16.802561 -5.842783 -0.017004 -0.004766 -0.093682 0.991857 0.086149
1716975661.361222 16.790660 -5.798084 -0.017493 0.001837 -0.097235 0.993566 0.058044
1716975661.370779 16.788617 -5.794703 -0.012325 -0.000619 -0.102047 0.992808 0.062592
1716975661.552018 16.769587 -5.728376 -0.010452 0.005080 -0.086570 0.996164 -0.011687
1716975661.662442 16.742097 -5.641679 0.000924 0.005464 -0.088484 0.994131 -0.061999
1716975661.754238 16.712961 -5.583741 0.001279 0.006419 -0.089762 0.989661 -0.111678
1716975661.862400 16.690136 -5.494481 -0.009669 -0.001187 -0.088950 0.979188 -0.182422
1716975661.966269 16.665692 -5.486652 -0.025423 -0.005792 -0.084479 0.965173 -0.247530
1716975662.052079 16.645189 -5.483375 -0.019552 -0.004562 -0.082816 0.951940 -0.294840
1716975662.152695 16.620061 -5.457555 -0.006000 -0.006009 -0.071553 0.937438 -0.340667
1716975662.189052 16.616158 -5.462462 -0.008671 -0.007205 -0.074772 0.932023 -0.354527
1716975662.324699 16.560195 -5.464721 -0.012985 -0.001164 -0.063275 0.916615 -0.394729
1716975662.463075 16.490388 -5.471726 -0.018845 0.005185 -0.056868 0.904166 -0.423348
1716975662.563123 16.444232 -5.484223 -0.016194 0.012536 -0.058809 0.894359 -0.443290
1716975662.654311 16.385369 -5.481528 -0.020574 0.019247 -0.061068 0.884093 -0.462904
1716975662.764228 16.324194 -5.483073 -0.013902 0.018962 -0.050029 0.868792 -0.492279
1716975662.863779 16.260448 -5.475729 -0.019762 0.018005 -0.044944 0.855942 -0.514801
1716975662.880079 16.257530 -5.481149 -0.017875 0.018072 -0.041226 0.853944 -0.518415
1716975663.057500 16.157130 -5.475100 -0.035618 0.013285 -0.031211 0.834526 -0.549923
1716975663.123680 16.116731 -5.465238 -0.035071 0.011383 -0.027647 0.828183 -0.559660
1716975663.172001 16.098470 -5.456497 -0.039904 0.011365 -0.018274 0.824015 -0.566159
1716975663.362466 15.979889 -5.425964 -0.001088 0.012578 -0.037116 0.814525 -0.578803
1716975663.462565 15.925845 -5.397802 0.008449 0.004833 -0.033669 0.808986 -0.586843
1716975663.471784 15.911859 -5.388620 0.010485 0.010645 -0.039265 0.808641 -0.586895
1716975663.652431 15.846945 -5.360292 -0.023052 0.002770 -0.030097 0.808376 -0.587890
1716975663.762932 15.793271 -5.366750 -0.012446 0.007293 -0.029804 0.814471 -0.579393
1716975663.862818 15.753509 -5.337597 0.006099 0.014542 -0.031098 0.821954 -0.568518
1716975663.954087 15.706606 -5.298296 0.029550 0.017006 -0.031088 0.832378 -0.553075
1716975663.979454 15.676239 -5.286439 0.027497 0.019510 -0.031642 0.834835 -0.549244
1716975664.139526 15.573529 -5.221792 0.037463 0.017877 -0.030335 0.850642 -0.524565
1716975664.261171 15.479138 -5.160438 0.023177 0.016088 -0.029331 0.856543 -0.514990
1716975664.352631 15.411391 -5.117549 0.019918 0.013968 -0.024579 0.858158 -0.512607
1716975664.379843 15.390969 -5.106405 0.015097 0.010384 -0.018786 0.860486 -0.509021
1716975664.533258 15.274519 -5.010715 0.049667 0.012636 -0.037415 0.854832 -0.517399
1716975664.662305 15.147905 -4.927646 0.045904 0.013349 -0.042393 0.845090 -0.532773
1716975664.762123 15.047243 -4.868311 0.038076 0.011828 -0.046935 0.837603 -0.544131
1716975664.770291 15.037715 -4.876343 0.032062 0.011759 -0.039119 0.839149 -0.542366
1716975664.943741 14.897480 -4.800368 0.016296 0.000998 -0.047831 0.829607 -0.556294
1716975665.060441 14.813193 -4.773732 0.032708 0.007139 -0.050986 0.833214 -0.550549
1716975665.168324 14.732489 -4.753348 0.069133 0.012823 -0.056204 0.835370 -0.546656
1716975665.233345 14.683304 -4.731858 0.091953 0.013400 -0.050218 0.838623 -0.542226
1716975665.360746 14.575529 -4.680591 0.106334 0.016422 -0.047091 0.836476 -0.545730
1716975665.386826 14.566660 -4.666813 0.095623 0.014943 -0.040007 0.836474 -0.546340
1716975665.551055 14.447004 -4.597953 0.084657 0.015966 -0.042117 0.831762 -0.553302
1716975665.633182 14.397175 -4.553800 0.062016 0.016170 -0.040179 0.825769 -0.562343
1716975665.674326 14.367828 -4.540369 0.070546 0.016927 -0.045778 0.822230 -0.567059
1716975665.852968 14.216603 -4.437867 0.070657 0.014426 -0.055669 0.800121 -0.597076
1716975665.870074 14.185679 -4.431232 0.062540 0.019787 -0.063927 0.797249 -0.599930
1716975666.043221 14.056577 -4.381393 0.049661 0.007408 -0.055520 0.786793 -0.614670
1716975666.160313 13.964069 -4.372464 0.041921 0.004992 -0.054469 0.783820 -0.618574
1716975666.260392 13.891789 -4.386862 0.020118 0.004294 -0.050340 0.787126 -0.614719
1716975666.277478 13.875155 -4.398309 0.015286 0.008543 -0.053421 0.784173 -0.618179
1716975666.423787 13.779114 -4.375757 0.017965 0.008071 -0.049051 0.792177 -0.608264
1716975666.562780 13.663923 -4.330951 0.006581 0.005400 -0.040737 0.791368 -0.609957
1716975666.662503 13.576123 -4.279656 -0.005155 0.005654 -0.037599 0.791027 -0.610599
1716975666.761451 13.489353 -4.248484 -0.006718 0.006940 -0.034048 0.788593 -0.613933
1716975666.855471 13.415281 -4.234019 0.006937 0.009311 -0.034144 0.783753 -0.620064
1716975666.933368 13.353922 -4.227510 0.020305 0.005583 -0.032882 0.779822 -0.625113
1716975666.970610 13.329968 -4.210461 0.034527 0.007495 -0.038011 0.780215 -0.624310
1716975667.152568 13.156960 -4.167125 0.030128 0.007062 -0.044655 0.769680 -0.636828
1716975667.189673 13.134772 -4.151775 0.029281 0.004261 -0.036504 0.767126 -0.640443
1716975667.324404 13.039631 -4.139256 0.009672 0.001620 -0.038040 0.770574 -0.636212
1716975667.462887 12.983262 -4.116377 -0.010031 0.005783 -0.042465 0.782589 -0.621062
1716975667.563004 12.924467 -4.097859 0.001381 0.015026 -0.049982 0.790068 -0.610793
1716975667.654104 12.891562 -4.082365 -0.015435 0.016712 -0.051452 0.801864 -0.595052
1716975667.762833 12.783423 -4.058918 -0.028080 0.015559 -0.044865 0.804553 -0.591979
1716975667.771544 12.755359 -4.085463 -0.024683 0.017069 -0.047069 0.810759 -0.583235
1716975667.960498 12.602341 -4.035451 -0.022554 0.012255 -0.037364 0.807006 -0.589232
1716975668.036484 12.545042 -4.025212 0.004872 0.010793 -0.037709 0.803267 -0.594326
1716975668.153372 12.451571 -3.980799 0.030585 0.007029 -0.044815 0.793627 -0.606711
1716975668.215190 12.385558 -3.957041 0.040527 0.007091 -0.051841 0.786903 -0.614855
1716975668.364730 12.230512 -3.879037 0.035261 0.005194 -0.050601 0.775677 -0.629077
1716975668.453846 12.154170 -3.840623 -0.005127 0.002978 -0.044787 0.773897 -0.631719
1716975668.563044 12.067341 -3.807479 -0.023164 0.005240 -0.041837 0.773239 -0.632711
1716975668.662956 12.003263 -3.781205 0.008373 0.011639 -0.048692 0.778322 -0.625867
1716975668.762820 11.930998 -3.769627 0.008572 0.016946 -0.056077 0.782382 -0.620038
1716975668.855055 11.854882 -3.751617 0.005544 0.013311 -0.053060 0.784188 -0.618108
1716975668.963325 11.757197 -3.757032 0.011057 0.017591 -0.046896 0.786650 -0.615364
1716975669.061559 11.669822 -3.763739 0.011880 0.015891 -0.042641 0.787115 -0.615126
1716975669.152285 11.587027 -3.752860 0.011153 0.019243 -0.043818 0.782169 -0.621226
1716975669.261692 11.522364 -3.735638 -0.006518 0.021376 -0.052377 0.776603 -0.627445
1716975669.308225 11.481793 -3.723736 -0.017414 0.024329 -0.055718 0.771954 -0.632764
1716975669.462411 11.337833 -3.676670 -0.014733 0.021184 -0.060263 0.757715 -0.649451
1716975669.562414 11.221148 -3.629499 -0.023627 0.019784 -0.061316 0.750622 -0.657584
1716975669.605698 11.190260 -3.617371 -0.032036 0.016106 -0.055234 0.748833 -0.660257
1716975669.717460 11.095670 -3.590892 -0.040066 0.007775 -0.039798 0.747540 -0.662978
1716975669.852823 11.019739 -3.545739 -0.063238 0.017097 -0.045667 0.754941 -0.653977
1716975669.964252 10.949081 -3.525521 -0.023253 0.024689 -0.043801 0.756568 -0.651979
1716975670.040332 10.890235 -3.549558 -0.005655 0.026825 -0.044073 0.755141 -0.653529
1716975670.160229 10.826756 -3.574297 0.007806 0.028497 -0.047215 0.746440 -0.663163
1716975670.260443 10.769132 -3.595147 -0.002246 0.023623 -0.042473 0.736656 -0.674519
1716975670.351894 10.708415 -3.617675 0.011054 0.026322 -0.048155 0.719062 -0.692775
1716975670.460952 10.652237 -3.620869 0.039081 0.017872 -0.039784 0.703076 -0.709776
1716975670.552689 10.607880 -3.636203 0.011747 0.018988 -0.035768 0.690725 -0.721983
1716975670.661042 10.580958 -3.614778 0.007438 0.013462 -0.025703 0.684849 -0.728107
1716975670.760909 10.531064 -3.610428 -0.005100 0.016864 -0.026439 0.684082 -0.728731
1716975670.862590 10.500076 -3.608436 0.016024 0.021850 -0.020340 0.687650 -0.725428
1716975670.941177 10.476443 -3.612757 -0.006069 0.021324 -0.019411 0.692078 -0.721247
1716975671.060132 10.414917 -3.625294 0.005973 0.024572 -0.014843 0.701490 -0.712101
1716975671.160142 10.348097 -3.627057 -0.007073 0.015548 -0.007146 0.710152 -0.703841
1716975671.251506 10.282610 -3.640971 -0.021243 0.014559 -0.006635 0.712371 -0.701620
1716975671.360866 10.202667 -3.635183 -0.030454 0.010089 0.000099 0.711891 -0.702217
1716975671.452754 10.127670 -3.617837 -0.030923 0.009298 -0.002270 0.707347 -0.706801
1716975671.562336 10.025190 -3.595945 -0.037522 0.003891 -0.001395 0.703162 -0.711017
1716975671.662356 9.930990 -3.591786 -0.029997 0.007968 -0.015038 0.695629 -0.718199
1716975671.762304 9.848020 -3.583178 -0.056924 0.000619 -0.009657 0.690899 -0.722887
1716975671.859884 9.754082 -3.584954 -0.068379 0.006351 -0.014325 0.691265 -0.722431
1716975671.961495 9.675918 -3.587266 -0.082935 0.005224 -0.016268 0.693257 -0.720488
1716975672.061273 9.589237 -3.585939 -0.080971 0.013970 -0.022597 0.699664 -0.713978
1716975672.152330 9.513990 -3.574923 -0.057276 0.018099 -0.022783 0.702536 -0.711053
1716975672.252974 9.430513 -3.578645 -0.059201 0.024325 -0.031059 0.707928 -0.705182
1716975672.362537 9.326944 -3.562285 -0.025750 0.025536 -0.030347 0.707554 -0.705545
1716975672.462821 9.262045 -3.542596 -0.014188 0.020160 -0.028409 0.711543 -0.701778
1716975672.562985 9.191789 -3.530307 -0.010989 0.016433 -0.022290 0.709033 -0.704631
1716975672.654156 9.134882 -3.524928 0.011601 0.017973 -0.022788 0.705404 -0.708212
1716975672.762573 9.060710 -3.517518 0.014383 0.008194 -0.027508 0.699536 -0.714021
1716975672.864602 8.993627 -3.500068 0.003537 -0.000299 -0.026566 0.700529 -0.713130
1716975672.879003 8.979772 -3.498332 -0.006265 0.008460 -0.037266 0.700678 -0.712454
1716975673.036189 8.885177 -3.478183 -0.033613 -0.004652 -0.022547 0.702445 -0.711365
1716975673.162100 8.822253 -3.466944 -0.058854 0.000160 -0.022228 0.709396 -0.704460
1716975673.171292 8.820742 -3.473089 -0.055574 -0.000725 -0.019494 0.707923 -0.706020
1716975673.308216 8.727298 -3.474295 -0.065724 0.013617 -0.025804 0.719624 -0.693751
1716975673.371817 8.682130 -3.481260 -0.076666 0.013187 -0.017982 0.717234 -0.696476
1716975673.543927 8.533031 -3.482770 -0.053423 0.016967 -0.021133 0.725045 -0.688168
1716975673.571817 8.504152 -3.486575 -0.058851 0.013368 -0.017302 0.725284 -0.688102
1716975673.753874 8.359888 -3.476445 -0.055757 0.013808 -0.011220 0.721799 -0.691874
1716975673.862305 8.286488 -3.480236 -0.001090 0.013383 -0.013854 0.713833 -0.700051
1716975673.954684 8.195605 -3.470728 0.005963 0.011805 -0.022890 0.706240 -0.707504
1716975674.046240 8.123537 -3.462334 0.003463 0.011834 -0.026658 0.702848 -0.710742
1716975674.152341 8.023856 -3.462650 0.001551 0.006503 -0.027716 0.703374 -0.710250
1716975674.179670 8.002968 -3.461251 -0.006722 0.003467 -0.023972 0.701982 -0.711783
1716975674.342273 7.861073 -3.460732 -0.034830 0.009442 -0.028067 0.707065 -0.706529
1716975674.453315 7.779709 -3.462075 -0.049264 0.016494 -0.029490 0.713737 -0.699598
1716975674.562217 7.699642 -3.457331 -0.055429 0.024018 -0.032057 0.720395 -0.692406
1716975674.662097 7.627619 -3.447824 -0.049589 0.024875 -0.025854 0.726601 -0.686122
1716975674.753357 7.537062 -3.451151 -0.056292 0.023188 -0.019833 0.725581 -0.687460
1716975674.860868 7.444158 -3.445193 -0.062795 0.019429 -0.016413 0.727568 -0.685564
1716975674.963041 7.359682 -3.425570 -0.084014 0.018390 -0.017168 0.726275 -0.686944
1716975675.057525 7.280777 -3.408652 -0.071368 0.015850 -0.020386 0.720527 -0.692946
1716975675.131599 7.224144 -3.399885 -0.076927 0.009137 -0.021669 0.720505 -0.693051
1716975675.260416 7.122734 -3.386656 -0.088639 0.010605 -0.029956 0.716503 -0.696860
1716975675.351826 7.038858 -3.360261 -0.067368 0.001096 -0.030310 0.715961 -0.697481
1716975675.460894 6.953724 -3.346375 -0.075645 -0.000307 -0.028269 0.716725 -0.696783
1716975675.560922 6.885239 -3.330675 -0.090465 0.000365 -0.027955 0.718083 -0.695395
1716975675.652617 6.817463 -3.326587 -0.103659 0.006418 -0.032528 0.725183 -0.687757
1716975675.760763 6.734005 -3.306954 -0.103831 0.009150 -0.031746 0.737005 -0.675080
1716975675.769222 6.739264 -3.309279 -0.101880 0.012640 -0.030828 0.737298 -0.674745
1716975675.944201 6.592729 -3.300572 -0.097053 0.014053 -0.019322 0.746262 -0.665223
1716975676.059899 6.489371 -3.303210 -0.110210 0.013171 -0.011289 0.744742 -0.667127
1716975676.160066 6.407744 -3.293463 -0.110066 0.009772 -0.005701 0.740988 -0.671423
1716975676.251457 6.335850 -3.276647 -0.100228 0.011660 -0.007636 0.735960 -0.676882
1716975676.360775 6.244625 -3.252297 -0.085103 0.008730 -0.013076 0.727943 -0.685457
1716975676.461384 6.150111 -3.238485 -0.056772 0.008544 -0.016323 0.719378 -0.694375
1716975676.553208 6.074890 -3.222446 -0.056832 0.000986 -0.019613 0.715834 -0.697994
1716975676.662339 5.996339 -3.209939 -0.058583 -0.003071 -0.019772 0.712308 -0.701582
1716975676.697031 5.966670 -3.210979 -0.057753 -0.006122 -0.020052 0.711521 -0.702352
1716975676.826601 5.876328 -3.196302 -0.064328 -0.003930 -0.021499 0.710859 -0.702995
1716975676.952936 5.781365 -3.182712 -0.055972 -0.000629 -0.010698 0.717086 -0.696903
1716975677.052384 5.700980 -3.187128 -0.061219 0.011749 -0.009731 0.720696 -0.693083
1716975677.070617 5.677626 -3.180705 -0.053540 0.005752 -0.013545 0.720114 -0.693699
1716975677.252424 5.521825 -3.175913 -0.047346 0.011083 -0.003572 0.716250 -0.697747
1716975677.362060 5.445332 -3.167563 -0.063115 0.016616 0.002045 0.710103 -0.703899
1716975677.453567 5.375307 -3.163419 -0.056781 0.015479 -0.001226 0.704404 -0.709630
1716975677.562832 5.268785 -3.181948 -0.019299 0.013218 -0.004144 0.698252 -0.715718
1716975677.653954 5.203257 -3.182198 -0.011588 0.009254 -0.017463 0.688190 -0.725261
1716975677.671515 5.178008 -3.166278 -0.030214 0.000016 -0.036588 0.687679 -0.725092
1716975677.854680 5.030043 -3.158530 -0.039776 0.001640 -0.026082 0.693064 -0.720402
1716975677.958443 4.944249 -3.140117 -0.063405 0.005266 -0.026273 0.700944 -0.712712
1716975678.035709 4.888380 -3.117584 -0.067032 0.009804 -0.028900 0.710934 -0.702597
1716975678.161996 4.788508 -3.109427 -0.071078 0.013679 -0.018845 0.724470 -0.688913
1716975678.262177 4.701347 -3.110740 -0.083800 0.020636 -0.021375 0.735001 -0.677415
1716975678.353067 4.621904 -3.111901 -0.086597 0.020221 -0.011247 0.738198 -0.674187
1716975678.462529 4.530155 -3.099467 -0.097164 0.022349 -0.008507 0.740021 -0.672158
1716975678.562531 4.445971 -3.103129 -0.109214 0.026502 -0.002110 0.739148 -0.673018
1716975678.589146 4.427131 -3.114682 -0.122784 0.026468 0.006051 0.739701 -0.672388
1716975678.753880 4.263068 -3.109419 -0.124351 0.005478 -0.006829 0.729231 -0.684211
1716975678.862170 4.184959 -3.103778 -0.120846 -0.001651 -0.016035 0.720072 -0.693712
1716975678.961851 4.097982 -3.083363 -0.130393 -0.013656 -0.021440 0.718539 -0.695022
1716975679.052335 4.013293 -3.063756 -0.138204 -0.012475 -0.020179 0.722065 -0.691419
1716975679.139034 3.950348 -3.031344 -0.133103 -0.011692 -0.019597 0.726816 -0.686453
1716975679.261048 3.864100 -3.012141 -0.147071 0.004533 -0.024620 0.745279 -0.666282
1716975679.352292 3.813064 -2.997570 -0.145237 0.002236 -0.021530 0.756921 -0.653147
1716975679.453081 3.746720 -2.967615 -0.140919 0.011929 -0.025170 0.770766 -0.636509
1716975679.562075 3.657038 -2.928466 -0.128067 0.009460 -0.023425 0.779294 -0.626148
1716975679.662025 3.573028 -2.910963 -0.110794 0.013199 -0.020639 0.784904 -0.619133
1716975679.753191 3.499891 -2.888769 -0.111259 0.011505 -0.014440 0.788221 -0.615115
1716975679.860693 3.420032 -2.885835 -0.104232 0.010571 -0.015362 0.788304 -0.615003
1716975679.961843 3.345940 -2.888187 -0.101928 0.012509 -0.020325 0.785001 -0.619035
1716975680.039428 3.273705 -2.887052 -0.101814 0.015773 -0.033262 0.778869 -0.626106
1716975680.068993 3.242987 -2.875054 -0.102518 0.017884 -0.043399 0.776970 -0.627786
1716975680.251098 3.088511 -2.838600 -0.068125 0.000644 -0.028632 0.775399 -0.630822
1716975680.360285 3.011437 -2.824048 -0.078686 0.001681 -0.024850 0.778128 -0.627611
1716975680.451802 2.959168 -2.811812 -0.097668 0.006480 -0.029280 0.788042 -0.614891
1716975680.560760 2.904403 -2.786269 -0.096186 0.007834 -0.030194 0.793671 -0.607547
1716975680.652564 2.844858 -2.755526 -0.098840 0.016335 -0.042763 0.803398 -0.593680
1716975680.670118 2.848838 -2.749445 -0.101480 0.011933 -0.041451 0.800711 -0.597496
1716975680.852597 2.702966 -2.682408 -0.085764 0.011043 -0.036882 0.820077 -0.570957
1716975680.868665 2.679532 -2.682304 -0.085484 0.014925 -0.035572 0.822318 -0.567719
1716975681.051641 2.510429 -2.632429 -0.094645 0.011894 -0.033134 0.823347 -0.566446
1716975681.068878 2.493701 -2.631072 -0.109527 0.014195 -0.028527 0.823025 -0.567111
1716975681.251282 2.336052 -2.571892 -0.096825 0.012419 -0.044520 0.813566 -0.579633
1716975681.351602 2.238068 -2.549795 -0.082973 0.007115 -0.038631 0.809238 -0.586167
1716975681.370375 2.241486 -2.546046 -0.069469 0.013314 -0.045814 0.808223 -0.586940
1716975681.552727 2.099921 -2.517830 -0.086132 0.002448 -0.036547 0.810707 -0.584305
1716975681.653574 2.026142 -2.500584 -0.104170 0.008033 -0.040623 0.815621 -0.577102
1716975681.670913 2.020099 -2.485459 -0.095510 0.002961 -0.041316 0.809488 -0.585674
1716975681.853510 1.867868 -2.458888 -0.108567 0.019571 -0.044586 0.826017 -0.561538
1716975681.941017 1.806223 -2.426493 -0.110246 0.019880 -0.045472 0.833080 -0.550922
1716975682.061179 1.718651 -2.393668 -0.125240 0.020080 -0.041919 0.840215 -0.540258
1716975682.161060 1.641957 -2.374526 -0.140659 0.018378 -0.042266 0.848992 -0.526392
1716975682.196813 1.610319 -2.366703 -0.143261 0.017622 -0.042329 0.850411 -0.524117
1716975682.317607 1.527887 -2.324889 -0.152186 0.019888 -0.040013 0.855850 -0.515290
1716975682.431264 1.449745 -2.301095 -0.156988 0.022877 -0.044083 0.857989 -0.511261
1716975682.540316 1.363419 -2.268646 -0.137618 0.024166 -0.047946 0.859432 -0.508423
1716975682.616324 1.298830 -2.239935 -0.129600 0.015587 -0.046468 0.863669 -0.501671
1716975682.762556 1.235040 -2.200419 -0.120750 0.004362 -0.054430 0.874198 -0.482490
1716975682.855659 1.204230 -2.176194 -0.116670 0.008719 -0.053378 0.886386 -0.459777
1716975682.959182 1.173451 -2.147970 -0.114417 0.016920 -0.054329 0.902008 -0.427953
1716975683.058995 1.113067 -2.102077 -0.108847 0.026765 -0.055536 0.915857 -0.396743
1716975683.128318 1.066975 -2.073071 -0.116635 0.025993 -0.060061 0.925145 -0.373930
1716975683.215184 0.986880 -2.033394 -0.101090 0.024291 -0.053609 0.937753 -0.342280
1716975683.306003 0.929717 -1.996356 -0.124129 0.026770 -0.043639 0.946414 -0.318873
1716975683.453165 0.836989 -1.932975 -0.141929 0.025881 -0.041996 0.955176 -0.291898
1716975683.562427 0.780878 -1.883557 -0.137810 0.028654 -0.045690 0.959972 -0.274856
1716975683.571760 0.786628 -1.890427 -0.138915 0.030914 -0.046399 0.960252 -0.273509
1716975683.744979 0.705171 -1.824661 -0.135790 0.020307 -0.047615 0.965104 -0.256699
1716975683.814795 0.686341 -1.807912 -0.142770 0.016626 -0.048846 0.966582 -0.251113
1716975683.906456 0.656057 -1.786158 -0.146143 0.009691 -0.044010 0.970580 -0.236524
1716975684.061461 0.597640 -1.719423 -0.155146 0.005873 -0.045395 0.975840 -0.213639
1716975684.070572 0.631072 -1.723930 -0.147921 0.005049 -0.036359 0.973590 -0.225332
1716975684.246974 0.565201 -1.637834 -0.142637 0.006655 -0.049135 0.980551 -0.189899
1716975684.305305 0.544779 -1.605170 -0.144506 0.006510 -0.050219 0.983363 -0.174452
1716975684.413127 0.507877 -1.534920 -0.140997 0.005980 -0.053878 0.986501 -0.154525
1716975684.561779 0.451589 -1.443749 -0.117810 0.011702 -0.042973 0.989183 -0.139761
1716975684.596713 0.437994 -1.403754 -0.122408 0.014861 -0.043484 0.990515 -0.129496
1716975684.715853 0.404969 -1.316121 -0.127430 0.013091 -0.040967 0.991071 -0.126209
1716975684.769461 0.391548 -1.267265 -0.130244 0.013349 -0.042147 0.991410 -0.123090
1716975684.946601 0.342639 -1.122845 -0.124320 0.015742 -0.049088 0.988812 -0.139973
1716975685.039102 0.326325 -1.038085 -0.106073 0.012063 -0.057866 0.986989 -0.149528
1716975685.068911 0.321968 -1.014865 -0.108232 0.016341 -0.065406 0.985880 -0.153283
1716975685.250942 0.275077 -0.878127 -0.087656 0.002296 -0.068373 0.983056 -0.170063
1716975685.360221 0.247959 -0.792544 -0.079542 0.004386 -0.062530 0.981586 -0.180444
1716975685.460225 0.227632 -0.724877 -0.079731 0.007975 -0.062242 0.980653 -0.185421
1716975685.551963 0.200115 -0.672625 -0.078671 0.007188 -0.062227 0.979888 -0.189464
1716975685.594935 0.183852 -0.649057 -0.081331 0.006872 -0.066515 0.979008 -0.192539
1716975685.724004 0.164602 -0.579913 -0.073922 0.018222 -0.061628 0.973793 -0.218167
1716975685.860691 0.120613 -0.499558 -0.083403 0.015043 -0.066456 0.965269 -0.252217
1716975685.963305 0.081577 -0.471941 -0.083622 0.021059 -0.060788 0.955506 -0.287870
1716975686.040613 0.047326 -0.445845 -0.093677 0.023826 -0.068848 0.946193 -0.315296
1716975686.159798 0.049009 -0.366892 -0.094785 0.010605 -0.057408 0.916951 -0.394707
1716975686.259935 0.056111 -0.335971 -0.092669 0.003678 -0.064585 0.886253 -0.458663
1716975686.351247 0.043566 -0.315932 -0.095123 0.005013 -0.070217 0.859641 -0.506025
1716975686.460700 0.003552 -0.274760 -0.114958 -0.003675 -0.062471 0.820483 -0.568235
1716975686.561825 -0.040427 -0.265500 -0.116146 -0.000399 -0.060107 0.787053 -0.613950
1716975686.652951 -0.074836 -0.268756 -0.105101 0.000763 -0.047297 0.756195 -0.652635
1716975686.762155 -0.111723 -0.275803 -0.105299 0.012800 -0.044595 0.713398 -0.699222
1716975686.856355 -0.120064 -0.288511 -0.098697 0.019932 -0.036545 0.674795 -0.736830
1716975686.940175 -0.123708 -0.310521 -0.102289 0.018585 -0.030372 0.632318 -0.773890
1716975687.042613 -0.146475 -0.340968 -0.088063 0.016952 -0.025496 0.576584 -0.816464
1716975687.155537 -0.152885 -0.368686 -0.089404 0.017087 -0.019242 0.497603 -0.867023
1716975687.242364 -0.145043 -0.351422 -0.089503 0.004751 -0.013521 0.413409 -0.910433
1716975687.362048 -0.150367 -0.355210 -0.071386 -0.006628 -0.009585 0.321654 -0.946786
1716975687.452790 -0.156764 -0.352824 -0.078718 -0.011119 -0.011550 0.263035 -0.964653
1716975687.562295 -0.156248 -0.356340 -0.078331 -0.012617 -0.015301 0.212094 -0.977048
1716975687.653655 -0.155965 -0.351354 -0.082278 -0.021458 -0.011676 0.184488 -0.982531
1716975687.762421 -0.141735 -0.348101 -0.079159 -0.023066 0.004433 0.155499 -0.987557
1716975687.856527 -0.131509 -0.347780 -0.080932 -0.022988 0.020908 0.126937 -0.991424
1716975687.874258 -0.137490 -0.360815 -0.089067 -0.023714 0.017234 0.119484 -0.992403
1716975688.035025 -0.127803 -0.350056 -0.102196 -0.025214 0.024706 0.091134 -0.995213
1716975688.108060 -0.123453 -0.338572 -0.121177 -0.019797 0.028438 0.079234 -0.996254
1716975688.257935 -0.118388 -0.311271 -0.115084 -0.014983 0.029266 0.058723 -0.997733
1716975688.352871 -0.127114 -0.307818 -0.113594 -0.014637 0.028051 0.048948 -0.998300
1716975688.461607 -0.122599 -0.309013 -0.103979 -0.007818 0.027990 0.041249 -0.998726
1716975688.561316 -0.139476 -0.313614 -0.098662 0.000163 0.023544 0.030723 -0.999251
1716975688.615001 -0.139892 -0.323675 -0.089562 -0.001773 0.023218 0.024703 -0.999424
1716975688.761906 -0.165433 -0.317136 -0.091167 -0.000798 0.018255 0.018673 -0.999659
1716975688.853137 -0.172865 -0.330597 -0.080484 -0.003412 0.010534 0.015169 -0.999824
1716975688.962228 -0.187554 -0.320045 -0.083637 -0.006287 0.014364 0.012438 -0.999800
1716975689.062020 -0.176660 -0.311170 -0.079600 -0.009829 0.015539 0.011394 -0.999766
1716975689.153081 -0.185459 -0.321943 -0.077565 -0.017995 0.011786 0.009497 -0.999723
1716975689.169831 -0.185754 -0.332124 -0.079050 -0.017323 0.013576 0.005895 -0.999740
1716975689.277830 -0.188260 -0.334360 -0.077575 -0.021571 0.014342 0.004818 -0.999653
1716975689.419500 -0.194885 -0.335623 -0.073667 -0.023425 0.009400 0.006776 -0.999658
1716975689.564485 -0.190997 -0.329208 -0.069347 -0.022032 0.010427 0.000957 -0.999702
1716975689.661237 -0.185278 -0.316897 -0.068988 -0.022578 0.002688 0.003931 -0.999734
1716975689.670353 -0.177382 -0.308699 -0.072987 -0.025994 0.005664 0.005558 -0.999631
1716975689.842949 -0.187255 -0.311573 -0.074485 -0.015779 0.006169 0.006615 -0.999835
1716975689.952640 -0.194114 -0.323549 -0.061973 -0.006450 0.005716 0.005868 -0.999946
1716975690.060055 -0.193064 -0.327540 -0.049113 -0.011146 0.010092 0.005158 -0.999874
1716975690.159550 -0.187633 -0.330933 -0.048593 -0.005559 0.011925 0.008053 -0.999881
1716975690.264924 -0.175091 -0.332203 -0.044912 -0.004683 0.006941 0.009444 -0.999920
1716975690.350398 -0.171515 -0.342025 -0.043165 -0.000426 0.005888 0.006303 -0.999963
1716975690.459728 -0.159578 -0.352012 -0.034698 -0.006142 0.011916 0.003754 -0.999903
1716975690.550822 -0.148154 -0.363546 -0.035841 -0.004326 0.010218 0.005086 -0.999926
1716975690.660254 -0.144637 -0.369758 -0.037121 -0.006247 0.009897 0.003989 -0.999924
1716975690.751990 -0.138966 -0.385162 -0.039167 -0.006146 0.008753 0.004129 -0.999934
1716975690.860958 -0.128398 -0.388899 -0.047865 -0.006164 0.012153 0.002541 -0.999904
1716975690.964453 -0.116764 -0.408626 -0.052392 -0.009162 0.012462 0.001906 -0.999879
1716975691.060854 -0.111215 -0.413208 -0.053319 -0.010018 0.014217 0.000019 -0.999849
1716975691.146127 -0.106664 -0.415906 -0.058450 -0.012068 0.017669 0.002077 -0.999769
1716975691.219656 -0.103113 -0.409789 -0.055473 -0.013422 0.018400 0.001250 -0.999740
1716975691.311840 -0.104980 -0.402212 -0.054222 -0.013204 0.023122 0.005423 -0.999631
1716975691.451194 -0.112398 -0.395605 -0.053921 -0.009116 0.018858 0.006657 -0.999758
1716975691.496069 -0.116806 -0.393036 -0.051141 -0.007456 0.017353 0.006193 -0.999802
1716975691.614239 -0.127296 -0.393517 -0.050117 -0.003583 0.019590 0.010182 -0.999750
1716975691.753992 -0.138842 -0.401090 -0.056077 -0.002141 0.008031 0.012730 -0.999884
1716975691.814985 -0.141497 -0.404920 -0.062529 -0.005004 0.008685 0.014267 -0.999848
1716975691.922764 -0.145420 -0.406431 -0.064342 -0.009411 0.010904 0.015367 -0.999778
1716975692.035962 -0.149214 -0.405960 -0.065384 -0.006035 0.009016 0.017418 -0.999789
1716975692.161371 -0.163023 -0.397627 -0.055899 -0.010593 0.007560 0.020096 -0.999713
1716975692.251958 -0.171459 -0.391677 -0.059897 -0.006997 0.008634 0.019114 -0.999756
1716975692.361389 -0.178169 -0.382745 -0.054657 -0.007075 0.015758 0.021011 -0.999630
1716975692.461584 -0.189500 -0.376457 -0.050028 -0.007254 0.008619 0.026868 -0.999576
1716975692.552984 -0.190175 -0.370905 -0.040772 -0.004659 0.007443 0.030831 -0.999486
1716975692.653524 -0.186233 -0.360778 -0.028014 -0.003234 0.017358 0.031417 -0.999350
1716975692.670978 -0.181784 -0.360954 -0.030236 -0.001650 0.019073 0.031771 -0.999312
1716975692.825948 -0.192065 -0.345783 -0.027023 0.003701 0.008787 0.038969 -0.999195
1716975692.876337 -0.190592 -0.343742 -0.028505 0.002339 0.008836 0.038994 -0.999198
