1716975133.685750 -0.015643 0.005595 -0.013012 -0.002307 0.010941 0.002954 0.999933
1716975133.853144 -0.007989 0.003688 -0.020835 -0.004040 0.000713 0.001517 0.999990
1716975133.963658 -0.008456 -0.009580 -0.033665 -0.002943 -0.002595 0.002118 0.999990
1716975134.054634 -0.018341 -0.021550 -0.038416 -0.002261 0.002608 0.002493 0.999991
1716975134.154509 -0.019238 -0.034254 -0.071213 -0.006649 -0.003397 0.004972 0.999960
1716975134.255678 -0.030589 -0.049079 -0.072949 -0.004128 0.006883 0.005955 0.999950
1716975134.321269 -0.034734 -0.060357 -0.066051 -0.007137 0.008439 0.010502 0.999884
1716975134.452424 -0.042666 -0.092339 -0.062270 -0.006820 0.010251 0.012133 0.999851
1716975134.545076 -0.043956 -0.116377 -0.063880 -0.011581 0.011781 0.013128 0.999777
1716975134.653485 -0.042903 -0.143052 -0.066572 -0.013041 0.010056 0.009700 0.999817
1716975134.758333 -0.036253 -0.177382 -0.066007 -0.009522 0.007797 0.011754 0.999855
1716975134.859774 -0.025734 -0.213773 -0.068786 -0.015226 0.008028 0.001574 0.999851
1716975134.868520 -0.022889 -0.218634 -0.069658 -0.021138 0.009391 0.004882 0.999721
1716975135.052459 -0.002960 -0.287169 -0.072139 -0.012342 -0.001198 -0.007846 0.999892
1716975135.127306 0.002482 -0.315545 -0.077539 -0.013018 -0.006994 -0.010728 0.999833
1716975135.222328 0.006729 -0.352438 -0.075343 -0.007625 -0.005560 -0.007358 0.999928
1716975135.345284 0.005118 -0.414346 -0.084701 -0.006947 -0.005832 -0.004658 0.999948
1716975135.411638 -0.002429 -0.470393 -0.102700 -0.006449 -0.007023 0.002365 0.999952
1716975135.507312 -0.007564 -0.524272 -0.110087 -0.006175 -0.004940 0.007415 0.999941
1716975135.570091 -0.009327 -0.563565 -0.113517 -0.018188 -0.002837 0.015755 0.999706
1716975135.744744 -0.026563 -0.661779 -0.115765 -0.020695 0.007848 0.035294 0.999132
1716975135.770653 -0.030072 -0.676774 -0.119982 -0.027274 0.011738 0.036748 0.998883
1716975135.943182 -0.044053 -0.779781 -0.137946 -0.009123 0.009101 0.030028 0.999466
1716975135.978950 -0.048825 -0.797898 -0.138344 -0.005015 0.005278 0.030241 0.999516
1716975136.110351 -0.052663 -0.881708 -0.149838 -0.006650 0.006427 0.015947 0.999830
1716975136.260822 -0.053512 -0.973817 -0.159047 -0.007208 0.004495 0.008164 0.999931
1716975136.283404 -0.046707 -0.976872 -0.165040 -0.014808 -0.004034 0.011210 0.999819
1716975136.465020 -0.050307 -1.087264 -0.177335 -0.003577 -0.017544 -0.007386 0.999812
1716975136.529039 -0.058951 -1.137610 -0.186347 0.003295 -0.013187 -0.012727 0.999827
1716975136.663159 -0.079626 -1.225038 -0.207414 0.009836 -0.012051 -0.012923 0.999795
1716975136.668689 -0.067970 -1.210503 -0.200349 0.020888 -0.010573 -0.027943 0.999335
1716975136.786338 -0.093352 -1.298676 -0.214786 0.012378 -0.011471 -0.011971 0.999786
1716975136.881465 -0.106542 -1.366311 -0.216108 0.012222 -0.003580 -0.006087 0.999900
1716975137.007285 -0.124436 -1.462948 -0.218484 0.013319 0.007550 0.006738 0.999860
1716975137.081007 -0.130956 -1.502697 -0.213038 0.019657 0.013970 0.009571 0.999663
1716975137.263925 -0.130371 -1.622679 -0.233579 0.014212 0.006171 0.009934 0.999831
1716975137.353519 -0.132352 -1.679588 -0.242130 0.012068 0.005186 0.010398 0.999860
1716975137.461755 -0.123648 -1.772416 -0.247196 -0.004648 -0.003808 0.005438 0.999967
1716975137.561364 -0.121970 -1.846978 -0.253457 -0.009206 -0.004968 0.001458 0.999944
1716975137.626706 -0.117012 -1.894038 -0.255782 -0.004513 -0.007314 -0.003666 0.999956
1716975137.671428 -0.113596 -1.920060 -0.247124 -0.015480 -0.005747 -0.010310 0.999811
1716975137.861317 -0.096824 -2.059217 -0.255019 0.006447 -0.014261 -0.001493 0.999876
1716975137.889600 -0.094402 -2.072074 -0.257948 0.010196 -0.011824 -0.003854 0.999871
1716975137.968596 -0.091768 -2.121223 -0.263810 0.010034 -0.016771 0.002362 0.999806
1716975138.139454 -0.092776 -2.248097 -0.277486 0.002821 -0.013698 0.007827 0.999872
1716975138.262414 -0.097788 -2.332329 -0.279462 -0.003076 -0.010352 0.012220 0.999867
1716975138.271435 -0.101795 -2.340304 -0.278809 -0.007179 -0.005655 0.016939 0.999815
1716975138.386511 -0.100685 -2.422872 -0.290590 -0.002724 -0.000783 0.025525 0.999670
1716975138.542247 -0.094480 -2.534023 -0.309000 0.005156 -0.002275 0.024561 0.999682
1716975138.660329 -0.085793 -2.610495 -0.323788 0.001074 -0.002575 0.015616 0.999874
1716975138.752214 -0.065933 -2.679651 -0.321998 -0.000706 -0.008436 0.012452 0.999887
1716975138.774848 -0.069509 -2.697127 -0.325788 -0.002690 -0.008054 -0.000569 0.999964
1716975138.923185 -0.072295 -2.800723 -0.318257 -0.009131 -0.013948 -0.008830 0.999822
1716975139.072901 -0.083258 -2.901291 -0.316613 0.003619 -0.017519 -0.021195 0.999615
1716975139.070932 -0.082181 -2.899902 -0.316636 0.003540 -0.017205 -0.021487 0.999615
1716975139.190928 -0.087923 -2.990741 -0.325162 0.006653 -0.020382 -0.021134 0.999547
1716975139.298162 -0.094381 -3.080556 -0.327134 -0.004340 -0.020639 -0.011982 0.999706
1716975139.379819 -0.106376 -3.140366 -0.334614 -0.018674 -0.014389 -0.008586 0.999685
1716975139.494983 -0.114700 -3.218688 -0.345729 -0.018394 -0.004349 -0.002180 0.999819
1716975139.606763 -0.128864 -3.297371 -0.348079 -0.009676 0.006436 0.009007 0.999892
1716975139.744595 -0.140757 -3.391321 -0.366269 0.003470 0.003170 0.013428 0.999899
1716975139.769444 -0.144503 -3.415523 -0.370569 0.011577 -0.004881 0.007014 0.999896
1716975139.945375 -0.157623 -3.544490 -0.380814 0.001267 -0.001981 0.004440 0.999987
1716975140.037122 -0.154267 -3.635159 -0.382200 -0.007341 -0.002376 -0.001421 0.999969
1716975140.124192 -0.149815 -3.716224 -0.374149 -0.012487 -0.001659 -0.008378 0.999886
1716975140.208872 -0.155342 -3.785405 -0.390145 -0.001108 -0.005512 -0.016703 0.999845
1716975140.361086 -0.145244 -3.916830 -0.411315 0.010019 -0.008984 -0.014561 0.999803
1716975140.369710 -0.140076 -3.894731 -0.402932 0.022151 -0.012151 -0.025073 0.999366
1716975140.543660 -0.153033 -4.051710 -0.417917 -0.001343 -0.006850 -0.014267 0.999874
1716975140.661590 -0.150984 -4.157355 -0.415640 -0.014861 -0.001957 0.001139 0.999887
1716975140.754194 -0.148153 -4.238267 -0.420136 -0.004789 0.004342 0.003483 0.999973
1716975140.844550 -0.159708 -4.323078 -0.423235 -0.003833 0.005506 0.005747 0.999961
1716975140.951910 -0.161428 -4.419562 -0.429419 -0.001544 0.002393 0.006651 0.999974
1716975141.051679 -0.149133 -4.500162 -0.440363 -0.005859 0.002518 -0.003548 0.999973
1716975141.160958 -0.142714 -4.585821 -0.429998 -0.010990 0.001435 -0.011706 0.999870
1716975141.260378 -0.138166 -4.664894 -0.424040 -0.009502 -0.001594 -0.025021 0.999640
1716975141.352002 -0.135515 -4.730677 -0.426519 -0.006332 -0.000711 -0.033170 0.999429
1716975141.462010 -0.134972 -4.811135 -0.433223 0.003226 -0.003302 -0.034921 0.999379
1716975141.550442 -0.134877 -4.880033 -0.430656 0.000044 -0.004888 -0.029413 0.999555
1716975141.601005 -0.138803 -4.909640 -0.436231 -0.000204 0.002121 -0.033187 0.999447
1716975141.700444 -0.149111 -4.980370 -0.449099 -0.010763 0.004667 -0.020442 0.999722
1716975141.819216 -0.156006 -5.088654 -0.455979 -0.006019 0.001904 -0.004235 0.999971
1716975141.942018 -0.179250 -5.174411 -0.457608 -0.011581 0.009825 0.017135 0.999738
1716975142.042547 -0.195060 -5.249391 -0.470253 0.002387 0.010979 0.012314 0.999861
1716975142.069516 -0.194020 -5.271957 -0.475866 0.007250 0.015994 0.012908 0.999762
1716975142.225368 -0.199397 -5.398412 -0.506341 0.015386 0.024735 -0.000387 0.999576
1716975142.363009 -0.210736 -5.514092 -0.499093 0.004535 0.010596 -0.023059 0.999668
1716975142.448438 -0.219076 -5.590868 -0.507872 0.002782 0.011446 -0.032889 0.999390
1716975142.514832 -0.216838 -5.636073 -0.521848 0.003427 0.017098 -0.037410 0.999148
1716975142.607870 -0.206857 -5.691434 -0.525293 0.015941 0.005741 -0.042518 0.998952
1716975142.680084 -0.200360 -5.738637 -0.522274 0.022210 -0.003306 -0.043700 0.998792
1716975142.799004 -0.187812 -5.822924 -0.523419 0.019430 -0.015327 -0.043245 0.998758
1716975142.936338 -0.194084 -5.920061 -0.528910 0.010431 -0.002354 -0.031951 0.999432
1716975143.054653 -0.199557 -6.015739 -0.540021 0.006532 0.000651 -0.015255 0.999862
1716975143.165811 -0.219556 -6.100481 -0.543658 0.012437 0.023808 -0.018885 0.999461
1716975143.234084 -0.223279 -6.155496 -0.545510 0.012937 0.012568 -0.005967 0.999820
1716975143.363923 -0.222900 -6.255982 -0.565416 0.007091 0.005655 -0.002036 0.999957
1716975143.452621 -0.220188 -6.322591 -0.578711 -0.001060 -0.004331 -0.005526 0.999975
1716975143.530415 -0.217820 -6.372573 -0.584201 -0.001929 -0.002935 -0.004569 0.999983
1716975143.612053 -0.226180 -6.436872 -0.579565 -0.013209 0.002608 -0.011097 0.999848
1716975143.743877 -0.230680 -6.537308 -0.563217 -0.013067 -0.003204 -0.022694 0.999652
1716975143.854405 -0.232638 -6.620940 -0.563256 -0.007470 -0.002530 -0.021562 0.999736
1716975143.962831 -0.235721 -6.697424 -0.574036 0.003375 -0.006882 -0.017787 0.999812
1716975144.053370 -0.233069 -6.771788 -0.579987 0.005647 -0.006202 -0.010750 0.999907
1716975144.155965 -0.230218 -6.853311 -0.570583 -0.001286 -0.001954 -0.002622 0.999994
1716975144.243021 -0.232945 -6.916120 -0.579492 -0.007568 -0.002136 0.004655 0.999958
1716975144.274480 -0.243414 -6.942569 -0.585311 -0.010485 -0.001663 0.006639 0.999922
1716975144.453159 -0.256059 -7.078499 -0.591947 -0.003421 0.002306 0.026551 0.999639
1716975144.471273 -0.256555 -7.092517 -0.598185 0.009245 -0.001015 0.038110 0.999230
1716975144.645038 -0.252073 -7.223720 -0.626376 0.006128 0.005867 0.029462 0.999530
1716975144.670163 -0.258258 -7.252558 -0.623304 0.011038 0.006969 0.026929 0.999552
1716975144.780584 -0.250346 -7.351722 -0.632086 0.001601 0.002945 0.011498 0.999928
1716975144.928968 -0.250744 -7.461603 -0.650236 0.013111 -0.006958 0.004826 0.999878
1716975144.968894 -0.245068 -7.489553 -0.655138 0.002096 -0.006495 -0.002771 0.999973
1716975145.142956 -0.241104 -7.614993 -0.663038 0.013411 -0.010143 0.006990 0.999834
1716975145.269550 -0.252674 -7.719035 -0.673005 0.009038 -0.009157 0.005896 0.999900
1716975145.342357 -0.260860 -7.771264 -0.677636 0.003235 -0.009543 0.014493 0.999844
1716975145.369672 -0.261320 -7.786879 -0.663133 -0.014283 -0.006406 0.022171 0.999632
1716975145.543913 -0.282444 -7.917991 -0.655799 0.012954 0.007459 0.029178 0.999462
1716975145.603382 -0.290125 -7.966031 -0.671736 0.010388 0.007292 0.033900 0.999345
1716975145.708958 -0.294883 -8.038521 -0.679506 0.016554 0.005375 0.038672 0.999100
1716975145.770854 -0.300138 -8.083791 -0.679714 0.017786 -0.000769 0.026313 0.999495
1716975145.901697 -0.300580 -8.179141 -0.685927 0.011502 0.004281 0.005962 0.999907
1716975146.038100 -0.314928 -8.277325 -0.698122 0.002192 -0.002348 -0.033382 0.999438
1716975146.148265 -0.329637 -8.342823 -0.709273 0.003029 -0.002402 -0.060009 0.998190
1716975146.256087 -0.339092 -8.389948 -0.717292 -0.000241 -0.007856 -0.080829 0.996697
1716975146.302287 -0.359886 -8.411918 -0.713621 0.000179 -0.005201 -0.088530 0.996060
1716975146.445054 -0.362717 -8.480951 -0.724821 -0.002551 -0.002472 -0.108928 0.994043
1716975146.531582 -0.391481 -8.553961 -0.731858 -0.003931 -0.010455 -0.126113 0.991953
1716975146.652364 -0.409640 -8.642357 -0.718206 -0.001080 0.000105 -0.140036 0.990146
1716975146.767741 -0.425961 -8.719502 -0.730438 0.004686 0.002978 -0.151517 0.988439
1716975146.797632 -0.427393 -8.731374 -0.726493 -0.003501 0.008121 -0.155261 0.987834
1716975146.914131 -0.480365 -8.798101 -0.741372 0.004954 0.004674 -0.177163 0.984158
1716975147.004017 -0.491257 -8.808888 -0.747719 0.007619 0.006238 -0.191682 0.981408
1716975147.118492 -0.512975 -8.899063 -0.771670 0.000419 0.003603 -0.229706 0.973253
1716975147.233902 -0.587262 -8.971616 -0.770156 -0.004668 -0.002982 -0.292274 0.956319
1716975147.357024 -0.627418 -9.031991 -0.789061 -0.005135 -0.007339 -0.324890 0.945709
1716975147.470991 -0.657297 -9.085632 -0.786188 -0.004861 -0.006088 -0.355253 0.934738
1716975147.511940 -0.673369 -9.113935 -0.785588 0.000766 -0.014686 -0.373190 0.927638
1716975147.577604 -0.683732 -9.134061 -0.791063 0.002204 -0.009655 -0.381698 0.924234
1716975147.723566 -0.739797 -9.178506 -0.809472 -0.001075 -0.010710 -0.404496 0.914477
1716975147.828221 -0.802030 -9.205903 -0.816273 -0.007225 -0.004105 -0.420942 0.907050
1716975147.952992 -0.852215 -9.256731 -0.803411 -0.005477 0.002137 -0.439321 0.898311
1716975148.020225 -0.877814 -9.275156 -0.799735 -0.003528 0.005910 -0.440733 0.897612
1716975148.115611 -0.939206 -9.308031 -0.798210 0.002066 0.004555 -0.460833 0.887473
1716975148.217331 -0.967258 -9.339253 -0.806913 0.001178 0.001811 -0.473573 0.880752
1716975148.312569 -1.022647 -9.359534 -0.811989 0.004279 0.007290 -0.500964 0.865427
1716975148.428065 -1.075347 -9.399641 -0.826433 -0.006674 0.013455 -0.534139 0.845263
1716975148.569644 -1.143037 -9.446649 -0.822909 -0.014017 0.011874 -0.572384 0.819780
1716975148.642780 -1.174689 -9.473754 -0.833431 -0.011806 0.001736 -0.592191 0.805709
1716975148.698845 -1.199398 -9.481597 -0.837916 -0.013193 0.001534 -0.607191 0.794445
1716975148.771993 -1.235057 -9.495200 -0.836788 -0.011757 -0.004228 -0.615413 0.788105
1716975148.962555 -1.356429 -9.523578 -0.856586 -0.001420 -0.000387 -0.640359 0.768075
1716975149.062028 -1.429173 -9.540471 -0.860584 0.005875 -0.003555 -0.647895 0.761698
1716975149.154611 -1.505811 -9.548846 -0.847193 0.005561 0.006665 -0.648083 0.761521
1716975149.261899 -1.587020 -9.573599 -0.852209 0.014060 0.007549 -0.652334 0.757764
1716975149.361472 -1.658060 -9.587457 -0.850143 0.017626 0.011190 -0.651733 0.758161
1716975149.462638 -1.727824 -9.611489 -0.852961 0.018150 0.010296 -0.661578 0.749586
1716975149.469503 -1.703485 -9.604198 -0.849598 0.023688 0.004037 -0.652202 0.757665
1716975149.629108 -1.810494 -9.625874 -0.863097 0.019726 0.011270 -0.675313 0.737182
1716975149.761404 -1.896562 -9.635987 -0.857686 0.008636 0.013318 -0.684409 0.728925
1716975149.861537 -1.952894 -9.640031 -0.858437 0.012704 0.006939 -0.695908 0.717985
1716975149.940254 -1.994445 -9.636835 -0.862547 0.013459 0.009447 -0.701971 0.712016
1716975149.973747 -2.027492 -9.637368 -0.871634 0.019280 0.007919 -0.703044 0.710841
1716975150.161277 -2.162295 -9.636704 -0.879446 0.015456 0.013854 -0.704892 0.709011
1716975150.260838 -2.231261 -9.641255 -0.881079 0.015457 0.025796 -0.705244 0.708327
1716975150.268849 -2.209427 -9.641509 -0.895064 0.018169 0.013872 -0.709900 0.703931
1716975150.368839 -2.283723 -9.634924 -0.890847 0.021074 0.023992 -0.703722 0.709757
1716975150.477343 -2.365396 -9.632126 -0.895908 0.018160 0.035333 -0.698607 0.714402
1716975150.660320 -2.496393 -9.646453 -0.904874 0.027211 0.031234 -0.701734 0.711233
1716975150.760734 -2.576060 -9.665398 -0.908760 0.022511 0.027446 -0.703091 0.710213
1716975150.852570 -2.639202 -9.680406 -0.906934 0.020243 0.025761 -0.709638 0.703805
1716975150.873737 -2.649735 -9.677075 -0.906200 0.019455 0.026356 -0.711786 0.701632
1716975151.060377 -2.776892 -9.694014 -0.905674 0.010445 0.022875 -0.724766 0.688536
1716975151.082299 -2.789491 -9.687113 -0.905119 0.003288 0.031706 -0.726204 0.686740
1716975151.265355 -2.909616 -9.670840 -0.907745 0.013241 0.024176 -0.734561 0.677982
1716975151.291643 -2.929557 -9.663178 -0.904823 0.016034 0.020816 -0.739134 0.673045
1716975151.461587 -3.068251 -9.639621 -0.918889 0.010784 0.037433 -0.731323 0.680918
1716975151.479544 -3.086036 -9.627944 -0.931776 0.014480 0.031718 -0.731439 0.681014
1716975151.653001 -3.227626 -9.601224 -0.925282 0.012090 0.048320 -0.714887 0.697463
1716975151.709301 -3.268950 -9.597914 -0.936501 0.017715 0.052263 -0.712712 0.699283
1716975151.843549 -3.361746 -9.581674 -0.959940 0.019037 0.057776 -0.703685 0.707903
1716975151.945792 -3.445126 -9.567452 -0.986425 0.029908 0.048623 -0.704220 0.707683
1716975152.080212 -3.535686 -9.553138 -1.016955 0.020627 0.056472 -0.710036 0.701594
1716975152.153733 -3.585242 -9.538288 -1.034693 0.027944 0.058837 -0.717046 0.693976
1716975152.170960 -3.592186 -9.537623 -1.042921 0.021226 0.065403 -0.718162 0.692470
1716975152.357851 -3.712666 -9.526676 -1.055922 0.026231 0.059351 -0.732073 0.678128
1716975152.388806 -3.741951 -9.522720 -1.053969 0.024482 0.052197 -0.738441 0.671849
1716975152.533065 -3.824959 -9.522250 -1.069963 0.023115 0.039937 -0.740301 0.670690
1716975152.653537 -3.896911 -9.515336 -1.076294 0.018739 0.039330 -0.739922 0.671281
1716975152.672883 -3.906390 -9.519714 -1.054654 0.017239 0.035411 -0.740746 0.670629
1716975152.853144 -4.016444 -9.524317 -1.031161 0.012875 0.043573 -0.725405 0.686821
1716975152.954050 -4.086727 -9.522916 -1.021952 0.029134 0.044618 -0.708404 0.703793
1716975152.987539 -4.108230 -9.515517 -1.018757 0.031688 0.046660 -0.707470 0.704489
1716975153.155197 -4.211248 -9.512913 -1.014372 0.036260 0.040798 -0.704067 0.708033
1716975153.187587 -4.236661 -9.501476 -1.013707 0.033780 0.038668 -0.702478 0.709851
1716975153.337032 -4.331039 -9.498450 -1.011114 0.023594 0.033461 -0.709473 0.703542
1716975153.429080 -4.383346 -9.496775 -1.006207 0.015038 0.038441 -0.714534 0.698382
1716975153.523834 -4.444890 -9.494147 -1.012087 0.009947 0.037697 -0.718723 0.694202
1716975153.609981 -4.494176 -9.491514 -1.011809 0.022591 0.027223 -0.724007 0.688885
1716975153.761873 -4.580406 -9.489645 -1.026896 0.030828 0.023242 -0.722995 0.689774
1716975153.853056 -4.639402 -9.486882 -1.030440 0.036137 0.020131 -0.721191 0.691500
1716975153.898209 -4.670763 -9.489623 -1.034075 0.040133 0.018608 -0.719790 0.692780
1716975154.034069 -4.764617 -9.483127 -1.037576 0.036206 0.023956 -0.714251 0.698542
1716975154.145673 -4.838105 -9.488567 -1.016946 0.036874 0.029927 -0.710928 0.701659
1716975154.252760 -4.901325 -9.485716 -1.014507 0.054718 0.035731 -0.705635 0.705555
1716975154.366057 -4.965469 -9.485144 -1.008971 0.039362 0.038689 -0.699774 0.712229
1716975154.372683 -4.946396 -9.480708 -1.009461 0.048719 0.036845 -0.691448 0.719839
1716975154.551831 -5.056280 -9.480047 -1.009101 0.038934 0.029774 -0.700171 0.712291
1716975154.661351 -5.123769 -9.492806 -1.008596 0.035991 0.036097 -0.704673 0.707698
1716975154.761441 -5.190534 -9.507903 -0.997946 0.035612 0.029621 -0.710259 0.702415
1716975154.861466 -5.232054 -9.514061 -0.985303 0.033806 0.032854 -0.717647 0.694810
1716975154.945103 -5.278432 -9.519786 -0.967782 0.030185 0.027043 -0.721443 0.691287
1716975155.061099 -5.345460 -9.521103 -0.952625 0.033548 0.032002 -0.734619 0.676894
1716975155.160582 -5.400026 -9.517700 -0.956447 0.032268 0.035910 -0.736003 0.675255
1716975155.219030 -5.431831 -9.509311 -0.962917 0.039048 0.031088 -0.737159 0.673873
1716975155.290130 -5.465646 -9.493981 -0.975304 0.039495 0.027521 -0.738479 0.672555
1716975155.451106 -5.543381 -9.488129 -0.936530 0.047712 0.033544 -0.731364 0.679489
1716975155.520607 -5.568987 -9.477715 -0.919566 0.044079 0.042008 -0.729665 0.681088
1716975155.600949 -5.610315 -9.477707 -0.894953 0.043899 0.049778 -0.718887 0.691952
1716975155.760922 -5.672842 -9.483440 -0.856693 0.047099 0.043809 -0.709462 0.701802
1716975155.863831 -5.726420 -9.491201 -0.855354 0.051937 0.037788 -0.705153 0.706140
1716975155.967275 -5.767357 -9.500851 -0.844988 0.059047 0.039605 -0.710209 0.700392
1716975156.068014 -5.798858 -9.508069 -0.811990 0.062008 0.040580 -0.711435 0.698834
1716975156.103795 -5.803466 -9.504697 -0.800971 0.066440 0.040385 -0.715490 0.694283
1716975156.200365 -5.821069 -9.513944 -0.767592 0.079714 0.028879 -0.713735 0.695265
1716975156.321661 -5.852181 -9.525518 -0.730222 0.057178 0.041908 -0.730304 0.679434
1716975156.389824 -5.873383 -9.533430 -0.715469 0.046083 0.043420 -0.732376 0.677951
1716975156.560898 -5.930859 -9.535111 -0.699943 0.042488 0.036897 -0.730614 0.680468
1716975156.652463 -5.963770 -9.534250 -0.681440 0.042879 0.037156 -0.730262 0.680807
1716975156.762853 -6.008196 -9.527246 -0.644483 0.039191 0.035931 -0.718350 0.693647
1716975156.862384 -6.046146 -9.536265 -0.598665 0.040122 0.035052 -0.719939 0.691989
1716975156.954043 -6.077066 -9.537965 -0.571407 0.048161 0.041479 -0.709840 0.701489
1716975157.065025 -6.115088 -9.543902 -0.540974 0.045101 0.036624 -0.706407 0.705418
1716975157.161581 -6.144862 -9.541052 -0.521455 0.044407 0.046899 -0.700964 0.710266
1716975157.253474 -6.172458 -9.538316 -0.515434 0.045798 0.047974 -0.697398 0.713609
1716975157.361423 -6.215969 -9.540308 -0.509496 0.034941 0.044829 -0.698366 0.713481
1716975157.462085 -6.258339 -9.546431 -0.514389 0.036175 0.048617 -0.703041 0.708563
1716975157.553405 -6.287364 -9.556329 -0.512110 0.042858 0.046110 -0.707528 0.703876
1716975157.665184 -6.335838 -9.567517 -0.487753 0.038360 0.051805 -0.712233 0.698977
1716975157.671789 -6.336047 -9.561978 -0.493574 0.039790 0.056276 -0.708858 0.701976
1716975157.800228 -6.394432 -9.558474 -0.454553 0.046112 0.048723 -0.717859 0.692949
1716975157.954360 -6.436410 -9.553755 -0.403778 0.046181 0.034534 -0.725192 0.686128
1716975157.986953 -6.450764 -9.550194 -0.403197 0.047606 0.027000 -0.729207 0.682101
1716975158.086534 -6.482808 -9.548039 -0.385353 0.045739 0.030622 -0.729088 0.682203
1716975158.240445 -6.525858 -9.529806 -0.378750 0.044140 0.038493 -0.727841 0.683240
1716975158.361751 -6.576135 -9.514290 -0.368659 0.040589 0.041587 -0.727951 0.683162
1716975158.461936 -6.610492 -9.504900 -0.342331 0.037619 0.039675 -0.719782 0.692044
1716975158.561905 -6.646128 -9.499264 -0.303130 0.032687 0.045127 -0.710848 0.701135
1716975158.662021 -6.682959 -9.491209 -0.277142 0.036987 0.044186 -0.704368 0.707492
1716975158.725154 -6.700763 -9.491623 -0.249634 0.036445 0.055710 -0.698542 0.712466
1716975158.834814 -6.747826 -9.484560 -0.245474 0.048456 0.048797 -0.688630 0.721845
1716975158.924946 -6.779815 -9.481283 -0.250367 0.050714 0.049527 -0.687267 0.722938
1716975159.053853 -6.840450 -9.488554 -0.241933 0.058239 0.039778 -0.682686 0.727301
1716975159.097015 -6.862825 -9.488304 -0.231534 0.060026 0.037418 -0.679933 0.729855
1716975159.225942 -6.915925 -9.514409 -0.183765 0.059767 0.040749 -0.686344 0.723670
1716975159.357306 -6.974802 -9.531528 -0.135472 0.055581 0.041814 -0.705136 0.705652
1716975159.436960 -6.998537 -9.536126 -0.108428 0.057572 0.039334 -0.708227 0.702533
1716975159.561050 -7.028482 -9.546100 -0.080692 0.052011 0.039553 -0.715288 0.695768
1716975159.661178 -7.069940 -9.546794 -0.085821 0.054477 0.044721 -0.714427 0.696151
1716975159.752590 -7.104144 -9.548628 -0.082527 0.051613 0.047253 -0.714024 0.696616
1716975159.779204 -7.109643 -9.545787 -0.083495 0.051178 0.045703 -0.714558 0.696203
1716975159.936232 -7.168570 -9.546974 -0.054974 0.048730 0.039032 -0.714818 0.696518
1716975160.061106 -7.220054 -9.548118 -0.013765 0.051387 0.047114 -0.704079 0.706691
1716975160.120759 -7.238276 -9.547860 -0.003426 0.049315 0.048088 -0.698323 0.712461
1716975160.222309 -7.273989 -9.549949 0.019599 0.053073 0.053626 -0.693910 0.716098
1716975160.309447 -7.306162 -9.550672 0.037077 0.064214 0.043363 -0.685630 0.723815
1716975160.393592 -7.339357 -9.546820 0.046356 0.070788 0.036007 -0.682509 0.726549
1716975160.550935 -7.420853 -9.556663 0.048662 0.073293 0.026593 -0.683992 0.725311
1716975160.651536 -7.456901 -9.571279 0.079408 0.080302 0.020248 -0.691216 0.717887
1716975160.708215 -7.478794 -9.577016 0.106841 0.071091 0.018038 -0.695160 0.715104
1716975160.774199 -7.514325 -9.576920 0.137828 0.088979 0.018058 -0.699284 0.709054
1716975160.901209 -7.563071 -9.583032 0.181946 0.070918 0.017804 -0.721626 0.688411
1716975161.059182 -7.632845 -9.589215 0.215726 0.074013 0.012671 -0.728955 0.680431
1716975161.111735 -7.653324 -9.589022 0.214469 0.072470 0.014801 -0.726424 0.683255
1716975161.203143 -7.694427 -9.587274 0.211389 0.071877 0.015299 -0.729786 0.679715
1716975161.360090 -7.762060 -9.576085 0.229876 0.072263 0.013936 -0.729593 0.679910
1716975161.368715 -7.760488 -9.572126 0.216288 0.070855 0.009765 -0.728096 0.681734
1716975161.542718 -7.838385 -9.568696 0.281617 0.061008 0.018111 -0.727443 0.683210
1716975161.622425 -7.861745 -9.566014 0.292443 0.061580 0.030637 -0.722485 0.687957
1716975161.732530 -7.905558 -9.564156 0.310780 0.063077 0.033685 -0.713620 0.696874
1716975161.841432 -7.944527 -9.561248 0.317157 0.063482 0.035299 -0.702916 0.707554
1716975161.869264 -7.959515 -9.558574 0.313171 0.070172 0.032493 -0.702781 0.707191
1716975162.019356 -8.016437 -9.562510 0.305913 0.060684 0.024740 -0.698278 0.712820
1716975162.161593 -8.059143 -9.581729 0.333576 0.050369 0.028951 -0.698907 0.712849
1716975162.252406 -8.083130 -9.592491 0.354922 0.044773 0.029748 -0.696491 0.715549
1716975162.361320 -8.119779 -9.608925 0.383637 0.046048 0.045779 -0.712794 0.698361
1716975162.461697 -8.162812 -9.614723 0.411149 0.039743 0.042803 -0.714632 0.697057
1716975162.552890 -8.179609 -9.614557 0.428783 0.037064 0.045771 -0.723676 0.687622
1716975162.662531 -8.222689 -9.615762 0.429625 0.041508 0.038460 -0.722284 0.689278
1716975162.765133 -8.258834 -9.612494 0.429253 0.045265 0.031002 -0.723188 0.688468
1716975162.771663 -8.251962 -9.612485 0.434028 0.046615 0.031081 -0.724032 0.687487
1716975162.945120 -8.305239 -9.599658 0.431186 0.052873 0.020654 -0.726842 0.684455
1716975162.987960 -8.314034 -9.595242 0.431747 0.049647 0.012331 -0.726173 0.685606
1716975163.087331 -8.339652 -9.584131 0.454799 0.048904 0.027821 -0.728582 0.682643
1716975163.184878 -8.382616 -9.577623 0.491647 0.056247 0.029344 -0.733551 0.676666
1716975163.358149 -8.432302 -9.578399 0.542397 0.064468 0.014420 -0.717361 0.693563
1716975163.443520 -8.456596 -9.576795 0.558589 0.065831 0.010164 -0.711842 0.699174
1716975163.562307 -8.496485 -9.572386 0.566449 0.055265 0.021101 -0.710688 0.701016
1716975163.662178 -8.527122 -9.573821 0.573416 0.050007 0.018090 -0.714514 0.697597
1716975163.698176 -8.552245 -9.569176 0.585470 0.046061 0.021212 -0.713941 0.698367
1716975163.824659 -8.598805 -9.573412 0.618550 0.042368 0.015022 -0.731847 0.679985
1716975163.953575 -8.655610 -9.579857 0.659982 0.057626 0.022470 -0.753535 0.654492
1716975164.062365 -8.702700 -9.584241 0.687501 0.061311 0.014262 -0.759005 0.648035
1716975164.152888 -8.743663 -9.585879 0.708769 0.070121 0.013983 -0.763958 0.641292
1716975164.266768 -8.786790 -9.588748 0.717279 0.065774 0.011499 -0.761416 0.644816
1716975164.342839 -8.811030 -9.586861 0.717695 0.066776 0.008367 -0.761630 0.644508
1716975164.461184 -8.852637 -9.583969 0.730681 0.061309 0.008041 -0.760129 0.646824
1716975164.488897 -8.864860 -9.585399 0.738498 0.051633 -0.000557 -0.756759 0.651652
1716975164.658134 -8.946644 -9.579327 0.801408 0.062381 0.010422 -0.752972 0.655006
1716975164.705435 -8.967558 -9.574893 0.808454 0.062691 0.012558 -0.756163 0.651252
1716975164.830845 -9.022511 -9.569330 0.848544 0.061888 0.004167 -0.749477 0.659118
1716975164.913008 -9.055341 -9.558659 0.858546 0.062385 0.007205 -0.744944 0.664165
1716975165.029296 -9.101593 -9.545254 0.874840 0.059345 0.013041 -0.754583 0.653386
1716975165.068788 -9.115962 -9.532870 0.871340 0.052894 0.017054 -0.749843 0.659278
1716975165.186758 -9.154284 -9.521673 0.877829 0.052273 0.018742 -0.763375 0.643564
1716975165.324739 -9.197923 -9.517575 0.871276 0.043332 0.021176 -0.810417 0.583865
1716975165.433015 -9.242729 -9.509990 0.877245 0.030537 0.026756 -0.835523 0.547954
1716975165.559437 -9.277035 -9.512332 0.884008 0.027333 0.017297 -0.867279 0.496771
1716975165.592668 -9.292401 -9.504665 0.885463 0.020210 0.018896 -0.882986 0.468583
1716975165.724661 -9.332675 -9.481037 0.892282 0.015481 0.020754 -0.907803 0.418597
1716975165.851947 -9.378662 -9.447154 0.884838 0.014111 0.030125 -0.926789 0.374107
1716975165.960874 -9.412783 -9.410085 0.878954 0.019389 0.026689 -0.937905 0.345320
1716975166.061037 -9.438305 -9.376214 0.889694 0.017570 0.031785 -0.944921 0.325278
1716975166.161052 -9.462001 -9.340581 0.900561 0.019140 0.025375 -0.948186 0.316121
1716975166.262749 -9.489916 -9.306889 0.914876 0.010676 0.035238 -0.955261 0.293464
1716975166.335877 -9.493765 -9.276956 0.897854 0.016483 0.021122 -0.961175 0.274635
1716975166.451350 -9.508841 -9.239009 0.898705 0.020091 0.027391 -0.969223 0.243828
1716975166.551440 -9.504508 -9.209429 0.901255 0.009178 0.021305 -0.980839 0.193436
1716975166.661142 -9.512834 -9.164028 0.906226 0.002358 0.040010 -0.989864 0.136243
1716975166.765017 -9.520797 -9.123234 0.905290 -0.000825 0.049024 -0.994695 0.090430
1716975166.861905 -9.519856 -9.078221 0.895354 -0.004094 0.046178 -0.997254 0.057748
1716975166.888530 -9.530065 -9.063604 0.893072 -0.006854 0.054759 -0.997291 0.048631
1716975167.054469 -9.513007 -8.996838 0.876656 -0.002184 0.050936 -0.998698 0.001761
1716975167.148315 -9.511328 -8.957535 0.871195 0.002373 0.049777 -0.998534 -0.021117
1716975167.213817 -9.514673 -8.934204 0.880308 0.004022 0.046540 -0.998260 -0.035983
1716975167.318231 -9.497637 -8.890072 0.882943 0.010266 0.045537 -0.997043 -0.061035
1716975167.374449 -9.505102 -8.865624 0.896133 -0.000013 0.035837 -0.997092 -0.067260
1716975167.552524 -9.472896 -8.783443 0.899708 0.012539 0.042917 -0.994462 -0.095108
1716975167.579789 -9.487990 -8.775221 0.899052 0.021659 0.035543 -0.994725 -0.093756
1716975167.727939 -9.460697 -8.708105 0.892310 0.027313 0.033437 -0.990251 -0.132434
1716975167.862505 -9.434656 -8.629318 0.890551 0.013438 0.052199 -0.976985 -0.206385
1716975167.884743 -9.429361 -8.612575 0.874781 0.014915 0.047851 -0.974767 -0.217527
1716975167.997536 -9.409174 -8.548805 0.860993 0.004144 0.061386 -0.961072 -0.269361
1716975168.095686 -9.394997 -8.502072 0.866634 -0.006707 0.063799 -0.944907 -0.320991
1716975168.183519 -9.372701 -8.463901 0.867939 -0.011719 0.068736 -0.927673 -0.366826
1716975168.292159 -9.336959 -8.423091 0.862250 -0.014144 0.063328 -0.915556 -0.396921
1716975168.416577 -9.289145 -8.386417 0.850546 -0.008234 0.069857 -0.897149 -0.436093
1716975168.561540 -9.236325 -8.353009 0.843664 0.000771 0.075101 -0.888522 -0.452644
1716975168.632603 -9.203404 -8.331518 0.833449 0.003042 0.068106 -0.881294 -0.467626
1716975168.752327 -9.156671 -8.298903 0.851943 0.008417 0.067459 -0.872725 -0.483456
1716975168.861783 -9.108906 -8.272903 0.836929 0.006787 0.060825 -0.864336 -0.499176
1716975168.953219 -9.073547 -8.248040 0.829686 0.002787 0.065525 -0.850187 -0.522380
1716975169.053581 -9.038778 -8.215135 0.851232 0.000056 0.073753 -0.809754 -0.582116
1716975169.161832 -9.000878 -8.193642 0.866282 -0.011335 0.078279 -0.784316 -0.615298
1716975169.261388 -8.958936 -8.185167 0.865188 -0.017830 0.078435 -0.756233 -0.649339
1716975169.355959 -8.921373 -8.179652 0.858385 -0.019891 0.071125 -0.741586 -0.666780
1716975169.435670 -8.894611 -8.182267 0.862837 -0.019590 0.056356 -0.722987 -0.688281
1716975169.560664 -8.835361 -8.176770 0.857762 -0.019149 0.040714 -0.709984 -0.702779
1716975169.613152 -8.809703 -8.171021 0.860704 -0.019856 0.032105 -0.704501 -0.708698
1716975169.706619 -8.764293 -8.169225 0.870083 -0.024043 0.033645 -0.700003 -0.712942
1716975169.821883 -8.701527 -8.169911 0.896917 -0.007866 0.039321 -0.697741 -0.715227
1716975169.918591 -8.658994 -8.167057 0.933568 -0.014129 0.030190 -0.698389 -0.714942
1716975170.028053 -8.613365 -8.166175 0.971938 -0.025069 0.026227 -0.703127 -0.710138
1716975170.102308 -8.586676 -8.169161 1.032568 -0.026472 0.022784 -0.709140 -0.704202
1716975170.202763 -8.554531 -8.163398 1.052581 -0.018033 0.025121 -0.700853 -0.712635
1716975170.291185 -8.514821 -8.154128 1.075559 -0.017601 0.023257 -0.704672 -0.708933
1716975170.417302 -8.470996 -8.143479 1.103832 -0.032639 0.020028 -0.707407 -0.705769
1716975170.537155 -8.419639 -8.129297 1.149245 -0.024641 0.021384 -0.703424 -0.710022
1716975170.607968 -8.386089 -8.120367 1.183786 -0.021459 0.024568 -0.703608 -0.709839
1716975170.713431 -8.336626 -8.108529 1.228599 -0.021513 0.029308 -0.698688 -0.714502
1716975170.779331 -8.306789 -8.105378 1.238331 -0.017501 0.033863 -0.688462 -0.724270
1716975170.874712 -8.267608 -8.103647 1.265629 -0.012953 0.037059 -0.686643 -0.725934
1716975171.060486 -8.177128 -8.112145 1.292319 -0.000927 0.042460 -0.671936 -0.739391
1716975171.165459 -8.136053 -8.119753 1.317643 0.003460 0.043089 -0.668309 -0.742627
1716975171.259989 -8.094624 -8.122235 1.329249 0.002404 0.046822 -0.669972 -0.740905
1716975171.335497 -8.066460 -8.120927 1.344736 -0.005577 0.048206 -0.675008 -0.736213
1716975171.459930 -8.026783 -8.123009 1.387971 -0.015133 0.045950 -0.684618 -0.727295
1716975171.551946 -8.005797 -8.125664 1.415462 -0.012310 0.041723 -0.691084 -0.721464
1716975171.592206 -8.003866 -8.125553 1.426961 -0.020123 0.035713 -0.692136 -0.720602
1716975171.736008 -7.963509 -8.126368 1.445240 -0.008533 0.038584 -0.696633 -0.716338
1716975171.842448 -7.928767 -8.124875 1.447346 -0.005293 0.043320 -0.699655 -0.713147
1716975171.903942 -7.906304 -8.123514 1.460875 -0.006271 0.045111 -0.700841 -0.711862
1716975172.027310 -7.889568 -8.116445 1.503437 -0.011804 0.049696 -0.692589 -0.719521
1716975172.154184 -7.855682 -8.115203 1.550548 -0.018332 0.053420 -0.674207 -0.736380
1716975172.237746 -7.823436 -8.111447 1.572189 -0.024915 0.042404 -0.668070 -0.742472
1716975172.361025 -7.794533 -8.111966 1.605426 -0.022717 0.036239 -0.659826 -0.750201
1716975172.461375 -7.759530 -8.112621 1.613431 -0.023793 0.035294 -0.657748 -0.752035
1716975172.552330 -7.730734 -8.119991 1.618227 -0.021004 0.034987 -0.658755 -0.751250
1716975172.662487 -7.696516 -8.128723 1.639803 -0.018409 0.039175 -0.655131 -0.754275
1716975172.696658 -7.683060 -8.127390 1.644728 -0.018330 0.037570 -0.657737 -0.752087
1716975172.853346 -7.641426 -8.152684 1.701269 -0.013575 0.036846 -0.675435 -0.736373
1716975172.874206 -7.626551 -8.150541 1.713486 -0.012449 0.034057 -0.674724 -0.737179
1716975172.987529 -7.581721 -8.163393 1.738228 -0.022049 0.039769 -0.697941 -0.714710
1716975173.088088 -7.550423 -8.167111 1.760033 -0.029792 0.034430 -0.708392 -0.704349
1716975173.188679 -7.531526 -8.172530 1.778103 -0.033898 0.026185 -0.719512 -0.693157
1716975173.356864 -7.488745 -8.181664 1.798359 -0.033832 0.031358 -0.723757 -0.688511
1716975173.426277 -7.471855 -8.181339 1.797158 -0.030866 0.032931 -0.722721 -0.689664
1716975173.561535 -7.427111 -8.180939 1.806778 -0.021170 0.029576 -0.714395 -0.698797
1716975173.661618 -7.392689 -8.170360 1.817216 -0.017266 0.031229 -0.708976 -0.704330
1716975173.752754 -7.359399 -8.168309 1.836232 -0.014617 0.029347 -0.702114 -0.711310
1716975173.862100 -7.323341 -8.167716 1.880403 -0.026874 0.030120 -0.690555 -0.722153
1716975173.962053 -7.275095 -8.173795 1.916516 -0.023002 0.034497 -0.678773 -0.733177
1716975174.053655 -7.244099 -8.182392 1.945913 -0.030803 0.035932 -0.673968 -0.737243
1716975174.163744 -7.206470 -8.186407 1.967469 -0.031311 0.039153 -0.662679 -0.747223
1716975174.257008 -7.176105 -8.190445 1.982795 -0.032404 0.039779 -0.658385 -0.750931
1716975174.365276 -7.136223 -8.198279 1.985866 -0.028420 0.041008 -0.655968 -0.753138
1716975174.403415 -7.125280 -8.191644 1.992533 -0.031751 0.044050 -0.651853 -0.756399
1716975174.507231 -7.081230 -8.198117 2.017901 -0.029422 0.045988 -0.659659 -0.749580
1716975174.660801 -7.038758 -8.220774 2.075619 -0.026438 0.047032 -0.672894 -0.737768
1716975174.761155 -7.020544 -8.229415 2.102297 -0.029262 0.038500 -0.682482 -0.729301
1716975174.861089 -6.995430 -8.239438 2.118091 -0.027465 0.037234 -0.694236 -0.718259
1716975174.959319 -6.970851 -8.240011 2.136593 -0.029992 0.034418 -0.703329 -0.709397
1716975174.996656 -6.957759 -8.230562 2.147025 -0.037343 0.032123 -0.710494 -0.701978
1716975175.127871 -6.907852 -8.223829 2.165500 -0.029642 0.032799 -0.712364 -0.700416
1716975175.201115 -6.873872 -8.220143 2.177961 -0.022105 0.033992 -0.713347 -0.699637
1716975175.322401 -6.818938 -8.210370 2.216264 -0.016110 0.040747 -0.707021 -0.705834
1716975175.450290 -6.765844 -8.206757 2.269841 -0.016948 0.043202 -0.701581 -0.711077
1716975175.559352 -6.722781 -8.199368 2.315041 -0.022473 0.040193 -0.696132 -0.716436
1716975175.650748 -6.690964 -8.196444 2.336864 -0.025285 0.043268 -0.688068 -0.723914
1716975175.668747 -6.684452 -8.188554 2.349052 -0.029332 0.039853 -0.687663 -0.724342
1716975175.851004 -6.620760 -8.186592 2.367267 -0.027309 0.040923 -0.681510 -0.730154
1716975175.953871 -6.575475 -8.190231 2.372853 -0.026915 0.044855 -0.678738 -0.732515
1716975176.026233 -6.544602 -8.198065 2.384937 -0.024353 0.039101 -0.680103 -0.731668
1716975176.096124 -6.521222 -8.212526 2.393345 -0.021972 0.044896 -0.681243 -0.730349
1716975176.252095 -6.461307 -8.231432 2.449986 -0.012887 0.045912 -0.692012 -0.720310
1716975176.359854 -6.416606 -8.238686 2.471226 -0.004583 0.045658 -0.698457 -0.714180
1716975176.459775 -6.385180 -8.243947 2.485052 -0.001834 0.045916 -0.707583 -0.705135
1716975176.551202 -6.363816 -8.247431 2.500965 -0.006099 0.044139 -0.711321 -0.701453
1716975176.660375 -6.336976 -8.245055 2.511656 -0.005364 0.044353 -0.712907 -0.699834
1716975176.760803 -6.305551 -8.243006 2.531141 -0.006974 0.046352 -0.710274 -0.702363
1716975176.789131 -6.293939 -8.242783 2.537123 -0.009275 0.048541 -0.711589 -0.700856
1716975176.925447 -6.246828 -8.235285 2.576305 -0.001956 0.049044 -0.704221 -0.708282
1716975177.059555 -6.187982 -8.243069 2.614879 -0.004628 0.051536 -0.689919 -0.722034
1716975177.154369 -6.169867 -8.250101 2.634445 -0.015898 0.041728 -0.678772 -0.732991
1716975177.260999 -6.144952 -8.247960 2.657562 -0.020863 0.034746 -0.668806 -0.742331
1716975177.275318 -6.143443 -8.240737 2.659794 -0.030563 0.027431 -0.664293 -0.746343
1716975177.423751 -6.097659 -8.242287 2.683472 -0.012097 0.034728 -0.662643 -0.748032
1716975177.561141 -6.053472 -8.251560 2.685986 -0.003712 0.037298 -0.667226 -0.743911
1716975177.652983 -6.023907 -8.258460 2.688922 -0.002354 0.038728 -0.669443 -0.741849
1716975177.761994 -5.990155 -8.264331 2.707040 0.001864 0.041215 -0.679641 -0.732384
1716975177.853340 -5.950044 -8.270449 2.743942 0.003317 0.038218 -0.688211 -0.724496
1716975177.890012 -5.932197 -8.268738 2.755982 0.005147 0.040057 -0.685196 -0.727238
1716975177.988512 -5.890253 -8.273048 2.793451 0.004736 0.041730 -0.698988 -0.713899
1716975178.088961 -5.847173 -8.274529 2.820101 -0.008499 0.033849 -0.710345 -0.702988
1716975178.188788 -5.813848 -8.274633 2.841686 -0.019189 0.027822 -0.719119 -0.694065
1716975178.357735 -5.747429 -8.272616 2.862457 -0.009131 0.032836 -0.718811 -0.694370
1716975178.426028 -5.717500 -8.273072 2.876236 -0.005718 0.031837 -0.716470 -0.696868
1716975178.561357 -5.664722 -8.267132 2.922463 -0.002386 0.033348 -0.707494 -0.705928
1716975178.661997 -5.628722 -8.262503 2.969515 -0.008471 0.036272 -0.698677 -0.714467
1716975178.754762 -5.595944 -8.272271 2.996916 -0.010466 0.044181 -0.689218 -0.723130
1716975178.825182 -5.567009 -8.276213 3.016546 -0.016740 0.047693 -0.676655 -0.734563
1716975178.885643 -5.544375 -8.281411 3.031787 -0.017585 0.041325 -0.669776 -0.741204
1716975179.063648 -5.464727 -8.302684 3.048944 -0.025122 0.027662 -0.654508 -0.755131
1716975179.158300 -5.424411 -8.317866 3.065654 -0.026125 0.020777 -0.650239 -0.758996
1716975179.196198 -5.410338 -8.320601 3.071789 -0.036559 0.015414 -0.647978 -0.760625
1716975179.296366 -5.371096 -8.342800 3.092989 -0.027664 0.016161 -0.646065 -0.762610
1716975179.389808 -5.338319 -8.356942 3.115286 -0.029229 0.009761 -0.649046 -0.760125
1716975179.521108 -5.303028 -8.376491 3.133074 -0.031340 -0.004743 -0.645739 -0.762900
1716975179.609365 -5.272493 -8.390757 3.145902 -0.033176 -0.005835 -0.636608 -0.770451
1716975179.763688 -5.219250 -8.397857 3.154257 -0.038102 -0.006890 -0.620589 -0.783179
1716975179.861455 -5.179229 -8.389492 3.164267 -0.036295 -0.003135 -0.602496 -0.797290
1716975179.952160 -5.145942 -8.384919 3.171052 -0.031013 0.013515 -0.589006 -0.807420
1716975180.003924 -5.136961 -8.398060 3.172943 -0.040883 0.021859 -0.568228 -0.821564
1716975180.131474 -5.109280 -8.403420 3.186211 -0.036458 0.037403 -0.536114 -0.842528
1716975180.225683 -5.087842 -8.418694 3.192172 -0.015212 0.031363 -0.489274 -0.871433
1716975180.301459 -5.072873 -8.438411 3.192170 -0.020974 0.025323 -0.468892 -0.882643
1716975180.441800 -5.044134 -8.481583 3.183273 -0.028154 0.014104 -0.414948 -0.909300
1716975180.534925 -5.027692 -8.508663 3.169195 -0.026451 0.012398 -0.391602 -0.919671
1716975180.575498 -5.020639 -8.515087 3.169936 -0.034668 0.015818 -0.384493 -0.922341
1716975180.706128 -4.992934 -8.560518 3.174580 -0.015745 0.017039 -0.351030 -0.936077
1716975180.851132 -4.960789 -8.592537 3.179331 -0.007826 0.013830 -0.320997 -0.946947
1716975180.960225 -4.937846 -8.645192 3.185822 -0.009920 0.014740 -0.286144 -0.958022
1716975181.060526 -4.924123 -8.690064 3.185902 -0.018726 0.009803 -0.258383 -0.965811
1716975181.160719 -4.904586 -8.729032 3.188767 -0.018955 0.012551 -0.215900 -0.976151
1716975181.254375 -4.881306 -8.764116 3.186234 -0.033631 0.012347 -0.181437 -0.982750
1716975181.270279 -4.877619 -8.767999 3.189162 -0.030844 0.009202 -0.173059 -0.984385
1716975181.435293 -4.840521 -8.833315 3.203402 -0.037232 0.028095 -0.112945 -0.992506
1716975181.551059 -4.820563 -8.872145 3.194772 -0.041528 0.034877 -0.083914 -0.994996
1716975181.629741 -4.812375 -8.900166 3.183080 -0.041479 0.033483 -0.068929 -0.996196
1716975181.688333 -4.807148 -8.937565 3.174484 -0.039663 0.034232 -0.061075 -0.996757
1716975181.778986 -4.808908 -8.988315 3.165958 -0.036181 0.038399 -0.070234 -0.996134
1716975181.950177 -4.810104 -9.083190 3.157896 -0.013729 0.025839 -0.108881 -0.993624
1716975182.052046 -4.817693 -9.155633 3.172330 -0.022931 0.022479 -0.139656 -0.989679
1716975182.152942 -4.821585 -9.212441 3.172586 -0.002889 0.012657 -0.168385 -0.985636
1716975182.253647 -4.808197 -9.264118 3.174114 -0.002255 0.009679 -0.196341 -0.980485
1716975182.337763 -4.806203 -9.298693 3.170525 -0.006988 0.006182 -0.219954 -0.975466
1716975182.413339 -4.802741 -9.336057 3.162312 -0.000931 0.004188 -0.241230 -0.970459
1716975182.528138 -4.775478 -9.386865 3.155396 -0.009971 0.013417 -0.262146 -0.964884
1716975182.652155 -4.744599 -9.443349 3.148561 -0.006955 0.013602 -0.280862 -0.959627
1716975182.752787 -4.714147 -9.497905 3.138880 -0.008827 0.019666 -0.294771 -0.955325
1716975182.862085 -4.677631 -9.553329 3.137366 -0.012727 0.024743 -0.311026 -0.949994
1716975182.962711 -4.641771 -9.606489 3.123853 -0.019111 0.032227 -0.337967 -0.940412
1716975183.065127 -4.602482 -9.652808 3.114459 -0.016141 0.026109 -0.367302 -0.929595
1716975183.131271 -4.570429 -9.676255 3.110315 -0.031577 0.034342 -0.386775 -0.920993
1716975183.206353 -4.548001 -9.710068 3.116328 -0.030109 0.024425 -0.400046 -0.915675
1716975183.324260 -4.505371 -9.761996 3.096898 -0.033043 0.030936 -0.442843 -0.895456
1716975183.425899 -4.464612 -9.821210 3.090585 -0.019735 0.030418 -0.470269 -0.881778
1716975183.539821 -4.403008 -9.878568 3.091658 0.001856 0.025192 -0.518084 -0.854957
1716975183.634539 -4.357582 -9.919745 3.075000 0.013143 0.024528 -0.547913 -0.836072
1716975183.717236 -4.319128 -9.951138 3.068068 -0.009820 0.019072 -0.580279 -0.814135
1716975183.791952 -4.277602 -9.973359 3.060009 -0.014749 0.023225 -0.596963 -0.801797
1716975183.962449 -4.186228 -10.033897 3.051272 -0.023543 0.033046 -0.620436 -0.783207
1716975183.979392 -4.171100 -10.035678 3.048056 -0.010343 0.031344 -0.625009 -0.779920
1716975184.135817 -4.083462 -10.074282 3.039387 -0.020844 0.036339 -0.640350 -0.766940
1716975184.261157 -4.001473 -10.096126 3.048049 -0.014752 0.045186 -0.651346 -0.757291
1716975184.312092 -3.979686 -10.093765 3.065648 -0.023491 0.047637 -0.655444 -0.753374
1716975184.441027 -3.894981 -10.124757 3.054966 -0.022201 0.052969 -0.679207 -0.731696
1716975184.482222 -3.869202 -10.122393 3.047485 -0.018993 0.053174 -0.685230 -0.726135
1716975184.633680 -3.763004 -10.168599 3.052468 -0.010342 0.050619 -0.707534 -0.704789
1716975184.709989 -3.720767 -10.181054 3.062002 -0.007460 0.039081 -0.720661 -0.692145
1716975184.813450 -3.664823 -10.198301 3.049545 -0.008610 0.044047 -0.740396 -0.670670
1716975184.925923 -3.600993 -10.199632 3.057131 -0.003851 0.030510 -0.756254 -0.653555
1716975185.061370 -3.524636 -10.190554 3.049040 -0.008651 0.034107 -0.776542 -0.629083
1716975185.160471 -3.459668 -10.173956 3.044909 -0.008038 0.038877 -0.783371 -0.620285
1716975185.168619 -3.449258 -10.169863 3.041355 -0.010899 0.039855 -0.784277 -0.619034
1716975185.353103 -3.322277 -10.143855 3.039747 -0.011160 0.048612 -0.782477 -0.620679
1716975185.409825 -3.280459 -10.134247 3.037859 -0.014180 0.048789 -0.782282 -0.620849
1716975185.510381 -3.227413 -10.115406 3.039678 -0.013975 0.054505 -0.779880 -0.623395
1716975185.627029 -3.143107 -10.107192 3.037270 -0.019483 0.052837 -0.778704 -0.624859
1716975185.722403 -3.090744 -10.096328 3.026781 -0.027320 0.050724 -0.783412 -0.618827
1716975185.873116 -2.994135 -10.084158 3.035019 -0.022461 0.059979 -0.787739 -0.612671
1716975185.910907 -2.971543 -10.077187 3.033881 -0.018596 0.064997 -0.789043 -0.610607
1716975186.030194 -2.889342 -10.071261 3.033095 -0.012630 0.065387 -0.791130 -0.608011
1716975186.084371 -2.861271 -10.070484 3.039206 -0.005426 0.065431 -0.795487 -0.602403
1716975186.209741 -2.775207 -10.070551 3.037375 -0.008420 0.061375 -0.796281 -0.601747
1716975186.360513 -2.670414 -10.064900 3.016398 0.004902 0.067947 -0.790673 -0.608437
1716975186.387579 -2.655877 -10.055737 2.996331 0.007545 0.070156 -0.792630 -0.605606
1716975186.509013 -2.591524 -10.045555 2.986299 0.018801 0.088580 -0.774919 -0.625541
1716975186.619715 -2.533567 -10.047361 2.990836 0.018908 0.094319 -0.764875 -0.636955
1716975186.742381 -2.480092 -10.041414 2.990802 0.017925 0.100676 -0.751932 -0.651261
1716975186.870073 -2.423696 -10.036233 2.996842 0.014232 0.102211 -0.745694 -0.658248
1716975186.881189 -2.419001 -10.028863 3.008405 0.009167 0.102901 -0.749923 -0.653409
1716975187.034004 -2.333234 -10.042877 3.003737 0.004509 0.097212 -0.740865 -0.664566
1716975187.155367 -2.275659 -10.052421 3.008212 0.016053 0.096436 -0.747079 -0.657506
1716975187.261265 -2.210142 -10.062092 3.007742 0.022784 0.089997 -0.756966 -0.646826
1716975187.351746 -2.150466 -10.075667 3.020644 0.028677 0.083054 -0.761750 -0.641885
1716975187.423033 -2.104293 -10.086612 3.034680 0.027645 0.075077 -0.773089 -0.629232
1716975187.552187 -2.041790 -10.099036 3.045090 0.024672 0.070926 -0.780189 -0.621019
1716975187.661870 -1.972555 -10.102975 3.051363 0.023510 0.068701 -0.785781 -0.614227
1716975187.761850 -1.932028 -10.108945 3.032047 0.035265 0.079696 -0.781563 -0.617709
1716975187.853691 -1.882194 -10.107479 3.048653 0.025285 0.079881 -0.784175 -0.614858
1716975187.871475 -1.861314 -10.093150 3.059009 0.025695 0.077159 -0.780977 -0.619242
1716975188.044246 -1.771615 -10.074100 3.083974 0.013829 0.078344 -0.787368 -0.611329
1716975188.168241 -1.745163 -10.041769 3.082523 0.021824 0.080354 -0.799859 -0.594384
1716975188.257621 -1.711460 -10.007615 3.086943 0.017933 0.079576 -0.816749 -0.571198
1716975188.357012 -1.668087 -9.986197 3.097328 0.018163 0.081110 -0.831589 -0.549137
1716975188.370625 -1.649161 -9.984655 3.098017 0.022258 0.080606 -0.831269 -0.549544
1716975188.563580 -1.557934 -9.946227 3.106171 0.021048 0.082231 -0.871980 -0.482126
1716975188.656875 -1.500114 -9.896009 3.117539 0.028999 0.078920 -0.887527 -0.453018
1716975188.723454 -1.454491 -9.882812 3.121635 0.026743 0.073390 -0.901494 -0.425685
1716975188.805576 -1.386259 -9.861224 3.133570 0.031742 0.068297 -0.910384 -0.406852
1716975188.914220 -1.323217 -9.821595 3.140708 0.025243 0.059845 -0.923425 -0.378242
1716975189.052770 -1.233714 -9.768992 3.140606 0.020323 0.061537 -0.930778 -0.359794
1716975189.105926 -1.199039 -9.754272 3.146867 0.027716 0.063090 -0.935482 -0.346592
1716975189.211487 -1.133810 -9.716930 3.153814 0.027073 0.067435 -0.938292 -0.338124
1716975189.352844 -1.093809 -9.641993 3.155956 0.025468 0.064365 -0.945382 -0.318530
1716975189.466709 -1.065947 -9.585389 3.168176 0.038083 0.069900 -0.950287 -0.301027
1716975189.543092 -1.082867 -9.531320 3.183150 0.038716 0.063441 -0.954676 -0.288217
1716975189.651217 -1.054062 -9.479678 3.197042 0.027715 0.067198 -0.963671 -0.257011
1716975189.718088 -0.992003 -9.455974 3.207121 0.029092 0.077713 -0.970392 -0.226836
1716975189.824256 -0.943285 -9.392825 3.219882 0.040002 0.081852 -0.978449 -0.185304
1716975189.894026 -0.882884 -9.351410 3.244142 0.040388 0.072993 -0.983564 -0.160130
1716975190.027005 -0.846464 -9.263711 3.260905 0.040128 0.059639 -0.988860 -0.130343
1716975190.143710 -0.803859 -9.199740 3.248223 0.038879 0.060846 -0.990892 -0.113661
1716975190.260417 -0.764036 -9.114105 3.255274 0.040984 0.070127 -0.991575 -0.100906
1716975190.364743 -0.733188 -9.027898 3.261699 0.033230 0.074279 -0.992057 -0.095922
1716975190.447841 -0.697957 -8.979947 3.279242 0.035222 0.083598 -0.991325 -0.095112
1716975190.559290 -0.668898 -8.893191 3.261686 0.030266 0.086546 -0.990862 -0.098924
1716975190.658802 -0.648288 -8.821999 3.272901 0.029263 0.080822 -0.991342 -0.099263
1716975190.750259 -0.619976 -8.770050 3.270930 0.028157 0.069684 -0.992960 -0.091555
1716975190.768681 -0.595824 -8.755746 3.272930 0.022771 0.068336 -0.993646 -0.086480
1716975190.959350 -0.543050 -8.621137 3.263353 0.035840 0.084153 -0.993860 -0.062265
1716975191.059685 -0.512182 -8.540470 3.297214 0.047771 0.078179 -0.994935 -0.041349
1716975191.113000 -0.500082 -8.504241 3.310074 0.051159 0.080659 -0.994715 -0.037669
1716975191.247338 -0.491317 -8.398081 3.334432 0.027081 0.056402 -0.997950 -0.013490
1716975191.295303 -0.475510 -8.359181 3.339928 0.042713 0.048283 -0.997919 -0.001554
1716975191.454260 -0.461127 -8.231406 3.350149 0.044739 0.041300 -0.998144 -0.001396
1716975191.469434 -0.459496 -8.213670 3.350685 0.049326 0.034860 -0.998173 -0.001232
1716975191.635432 -0.475704 -8.081279 3.331821 0.039363 0.060766 -0.997266 -0.014804
1716975191.668960 -0.454676 -8.059324 3.330922 0.033738 0.047048 -0.998205 -0.015333
1716975191.779422 -0.475580 -7.984690 3.344725 0.035404 0.051793 -0.997901 -0.016055
1716975191.916996 -0.448051 -7.880792 3.355222 0.045316 0.042036 -0.997990 -0.013980
1716975191.988160 -0.437362 -7.826042 3.357738 0.021551 0.048249 -0.998419 -0.019135
1716975192.129672 -0.413109 -7.730934 3.376080 0.033331 0.054069 -0.997797 -0.019133
1716975192.257429 -0.399018 -7.626446 3.388459 0.032106 0.052134 -0.997960 -0.018063
1716975192.343630 -0.392298 -7.549209 3.382200 0.041886 0.052323 -0.997721 -0.007844
1716975192.451930 -0.373726 -7.463488 3.407298 0.037799 0.044135 -0.998279 0.007849
1716975192.561641 -0.374930 -7.390454 3.388818 0.034671 0.044586 -0.998375 0.007542
1716975192.652480 -0.384418 -7.333199 3.380439 0.023791 0.043177 -0.998780 0.002902
1716975192.762575 -0.390281 -7.262252 3.374888 0.015961 0.054711 -0.998360 -0.005362
1716975192.834413 -0.377589 -7.204855 3.378929 0.024434 0.058285 -0.997966 -0.008319
1716975192.872611 -0.382040 -7.172731 3.396376 0.018480 0.056760 -0.997920 -0.024320
1716975192.979061 -0.382052 -7.080980 3.412672 0.016414 0.063457 -0.997454 -0.028100
1716975193.139767 -0.369596 -6.942549 3.433316 0.008192 0.054623 -0.997986 -0.031196
1716975193.201196 -0.369795 -6.893113 3.441988 0.014325 0.051062 -0.998073 -0.032204
1716975193.348254 -0.350732 -6.801300 3.436800 0.020162 0.062237 -0.997582 -0.023475
1716975193.444031 -0.337053 -6.710430 3.447294 0.030265 0.067512 -0.997229 -0.007724
1716975193.562495 -0.323451 -6.614983 3.459804 0.031797 0.071411 -0.996938 -0.002210
1716975193.639432 -0.319155 -6.545244 3.466999 0.035558 0.069355 -0.996908 0.009998
1716975193.760890 -0.312787 -6.445526 3.472876 0.035442 0.061235 -0.997475 0.006090
1716975193.860933 -0.310107 -6.364653 3.472358 0.027769 0.063309 -0.997584 0.006818
1716975193.879062 -0.307242 -6.352869 3.474920 0.026051 0.060912 -0.997714 0.013359
1716975194.034155 -0.305522 -6.236693 3.487266 0.012889 0.067940 -0.997605 -0.001527
1716975194.153204 -0.302398 -6.152790 3.509508 0.017619 0.080848 -0.996302 -0.023144
1716975194.262044 -0.288628 -6.065659 3.515050 0.010770 0.079964 -0.996501 -0.021814
1716975194.361587 -0.286186 -5.991468 3.524996 0.011072 0.081339 -0.995924 -0.037381
1716975194.452750 -0.271986 -5.913151 3.526791 0.004230 0.074118 -0.996613 -0.035361
1716975194.564318 -0.256783 -5.827377 3.532509 -0.003858 0.076158 -0.996406 -0.036879
1716975194.651299 -0.236624 -5.755990 3.534259 0.001844 0.075995 -0.996489 -0.035099
1716975194.712367 -0.224573 -5.730450 3.534130 0.011347 0.084195 -0.995941 -0.029734
1716975194.814980 -0.214368 -5.640722 3.540195 0.017834 0.077015 -0.996831 -0.008813
1716975194.877465 -0.203856 -5.587085 3.555681 0.018155 0.069248 -0.997434 -0.000153
1716975195.016965 -0.184846 -5.479167 3.568196 0.016534 0.064449 -0.997772 0.004971
1716975195.160805 -0.176118 -5.353772 3.578393 0.012388 0.069285 -0.997500 0.006240
1716975195.253163 -0.169298 -5.274352 3.591475 0.004125 0.073078 -0.997313 0.002919
1716975195.368493 -0.161941 -5.191476 3.597831 0.000536 0.075711 -0.997128 -0.001529
1716975195.465796 -0.160649 -5.110550 3.597007 -0.003206 0.080723 -0.996731 -0.000378
1716975195.530785 -0.159442 -5.063340 3.604491 -0.005202 0.072843 -0.997254 -0.012321
1716975195.660304 -0.159768 -4.959319 3.600050 -0.007174 0.069731 -0.997421 -0.015428
1716975195.668396 -0.162690 -4.960184 3.601621 -0.006563 0.068341 -0.997389 -0.022418
1716975195.841599 -0.131669 -4.833768 3.599382 0.000556 0.079943 -0.996736 -0.011239
1716975195.960366 -0.116175 -4.734224 3.609584 0.012055 0.085999 -0.996138 0.012983
1716975195.969432 -0.113279 -4.725017 3.619331 0.013704 0.084013 -0.996231 0.016697
1716975196.144093 -0.097077 -4.579532 3.632585 0.018973 0.074018 -0.996909 0.018265
1716975196.259055 -0.091971 -4.482524 3.645877 0.017458 0.066331 -0.997525 0.015496
1716975196.342125 -0.086064 -4.411164 3.659155 0.014572 0.069891 -0.997426 0.006718
1716975196.385598 -0.084487 -4.379562 3.658161 0.015197 0.076186 -0.996969 0.004084
1716975196.478125 -0.081154 -4.309320 3.659140 0.010379 0.094285 -0.995491 -0.000528
1716975196.605635 -0.083437 -4.221205 3.671243 0.005611 0.084929 -0.996310 -0.011026
1716975196.670196 -0.084848 -4.160140 3.685285 -0.004261 0.093317 -0.995303 -0.025405
1716975196.823008 -0.080147 -4.043885 3.695596 -0.007696 0.078738 -0.996571 -0.024249
1716975196.875782 -0.089197 -4.011222 3.692832 -0.002690 0.083410 -0.996155 -0.026654
1716975196.969618 -0.085119 -3.921615 3.692099 -0.003949 0.078799 -0.996704 -0.018862
1716975197.146411 -0.060147 -3.777195 3.702068 -0.000741 0.077462 -0.996990 0.003326
1716975197.252839 -0.044284 -3.698540 3.716689 0.001069 0.079642 -0.996760 0.011245
1716975197.334439 -0.037652 -3.637109 3.717215 0.008373 0.086272 -0.996063 0.018600
1716975197.427144 -0.033406 -3.561155 3.726922 0.007712 0.075690 -0.996856 0.022129
1716975197.492359 -0.024043 -3.517515 3.733156 0.005788 0.061170 -0.997935 0.018725
1716975197.586645 -0.012778 -3.455425 3.752367 0.001379 0.056664 -0.998319 0.012096
1716975197.725672 0.000424 -3.352962 3.758167 0.000980 0.080698 -0.996672 -0.011477
1716975197.812269 -0.011775 -3.305474 3.761030 -0.002036 0.089929 -0.995705 -0.021929
1716975197.879767 -0.010442 -3.263441 3.762704 -0.012218 0.098456 -0.994273 -0.039736
1716975197.984508 -0.005887 -3.192226 3.775161 -0.001948 0.084035 -0.995506 -0.043613
1716975198.087446 0.006776 -3.123149 3.771092 -0.000961 0.093716 -0.994731 -0.041550
1716975198.190584 0.011959 -3.050255 3.767430 -0.020597 0.082679 -0.995602 -0.038941
1716975198.279823 0.029421 -2.981812 3.772699 -0.016757 0.076338 -0.996479 -0.030363
1716975198.435309 0.063704 -2.872365 3.789562 0.002817 0.075564 -0.997079 -0.010765
1716975198.565843 0.089773 -2.788926 3.798920 0.002815 0.067414 -0.997709 0.004834
1716975198.657445 0.116284 -2.733483 3.811452 -0.001567 0.066873 -0.997743 0.005818
1716975198.762426 0.134599 -2.669134 3.816936 0.005700 0.057492 -0.998288 0.009113
1716975198.863039 0.155549 -2.595979 3.824628 -0.001117 0.070392 -0.997518 -0.001571
1716975198.952088 0.159957 -2.540299 3.826682 0.005823 0.077948 -0.996920 -0.006333
1716975199.053578 0.162849 -2.481916 3.830475 0.007682 0.075652 -0.996965 -0.016664
1716975199.170537 0.173614 -2.421052 3.841439 0.006970 0.085862 -0.995783 -0.031550
1716975199.254330 0.185831 -2.374009 3.847199 0.002739 0.079517 -0.996122 -0.037569
1716975199.362412 0.202017 -2.308409 3.857482 -0.000339 0.083947 -0.995025 -0.053648
1716975199.453363 0.220252 -2.262161 3.865002 0.001187 0.075994 -0.995355 -0.059091
1716975199.551872 0.227713 -2.208776 3.868331 0.001493 0.078383 -0.995466 -0.053858
1716975199.661286 0.237998 -2.153351 3.882970 -0.003298 0.092327 -0.994642 -0.046392
1716975199.688346 0.244200 -2.137094 3.875805 -0.002103 0.086783 -0.995443 -0.039463
1716975199.819563 0.261043 -2.067966 3.880118 0.013640 0.095158 -0.994948 -0.028935
1716975199.951692 0.283321 -2.003905 3.891109 0.022005 0.087529 -0.995726 -0.019614
1716975200.004338 0.284777 -1.979792 3.896227 0.020897 0.082405 -0.996251 -0.016019
1716975200.133384 0.288506 -1.919608 3.897916 0.015466 0.080226 -0.996356 -0.024467
1716975200.243089 0.293234 -1.865520 3.901204 0.006505 0.081764 -0.995981 -0.035970
1716975200.301363 0.294785 -1.845946 3.897148 0.005452 0.087558 -0.995265 -0.041840
1716975200.415415 0.299554 -1.795867 3.907578 -0.004971 0.084866 -0.994739 -0.057163
1716975200.526113 0.310641 -1.762820 3.925585 -0.013391 0.083474 -0.994338 -0.064374
1716975200.613576 0.311485 -1.748137 3.911327 -0.010606 0.088954 -0.993797 -0.065891
1716975200.692497 0.319369 -1.729252 3.919900 -0.011033 0.086624 -0.994406 -0.059430
1716975200.898647 0.326673 -1.695408 3.939578 -0.002060 0.085374 -0.995349 -0.044583
1716975200.889395 0.320753 -1.693817 3.944811 -0.002435 0.085584 -0.995335 -0.044470
1716975201.056117 0.337631 -1.663817 3.953224 0.002746 0.084435 -0.995758 -0.036449
1716975201.089939 0.332026 -1.661131 3.937103 0.010231 0.080735 -0.996132 -0.033144
1716975201.227303 0.346265 -1.645374 3.944070 0.009996 0.079330 -0.996350 -0.029899
1716975201.305716 0.349153 -1.646168 3.945072 0.012024 0.083853 -0.996071 -0.025822
1716975201.449897 0.357264 -1.641578 3.946039 0.008016 0.083826 -0.996188 -0.022776
1716975201.472235 0.351740 -1.635821 3.945830 0.007577 0.087364 -0.995929 -0.020850
1716975201.677387 0.360348 -1.619349 3.943351 0.008948 0.087655 -0.995899 -0.020520
1716975201.745009 0.354026 -1.624415 3.944829 0.010159 0.091586 -0.995599 -0.017081
1716975201.861069 0.353481 -1.628794 3.941736 0.011772 0.093316 -0.995450 -0.015256
1716975201.896486 0.352708 -1.630775 3.941551 0.012419 0.092709 -0.995516 -0.014062
1716975202.068878 0.350848 -1.621483 3.934682 0.009741 0.092503 -0.995577 -0.013188
1716975202.152681 0.355533 -1.620431 3.930998 0.007187 0.086534 -0.996134 -0.013324
1716975202.171305 0.354056 -1.624583 3.931562 0.008382 0.088862 -0.995925 -0.012929
