1716975408.580904 0.001889 -0.017014 -0.009184 -0.002076 -0.001643 -0.000725 0.999996
1716975408.743460 -0.003467 -0.004611 -0.006642 -0.005767 -0.002908 0.004829 0.999967
1716975408.824763 -0.011382 -0.007457 -0.008802 -0.005654 -0.001501 0.003322 0.999977
1716975408.891814 -0.005678 -0.006046 -0.004778 -0.006578 -0.000889 0.004990 0.999966
1716975409.061985 -0.000614 -0.014401 -0.006925 -0.008736 -0.000747 0.006752 0.999939
1716975409.163589 0.006706 -0.016638 -0.005763 -0.007545 -0.000841 0.005876 0.999954
1716975409.252566 0.014364 -0.017570 -0.006100 -0.008447 -0.000247 0.004847 0.999953
1716975409.361352 0.016967 -0.026255 -0.006232 -0.006311 -0.001420 0.004686 0.999968
1716975409.470007 0.030259 -0.038359 -0.004743 -0.005652 -0.002635 0.004120 0.999972
1716975409.561572 0.044120 -0.053140 -0.004050 -0.003394 -0.003673 0.001619 0.999986
1716975409.656827 0.050221 -0.064508 -0.015245 -0.001356 -0.006729 -0.000269 0.999976
1716975409.762197 0.057929 -0.079535 -0.022353 -0.001450 -0.009114 -0.003714 0.999951
1716975409.861865 0.063732 -0.105558 -0.027811 0.003381 -0.009615 -0.003236 0.999943
1716975409.953037 0.065187 -0.150443 -0.037089 -0.002816 -0.008257 -0.000972 0.999961
1716975410.063018 0.066535 -0.174462 -0.031636 -0.004255 -0.010061 0.012802 0.999858
1716975410.152225 0.059272 -0.173971 -0.039199 -0.008518 -0.009394 0.029549 0.999483
1716975410.260883 0.044773 -0.188751 -0.042609 -0.013709 -0.007275 0.043305 0.998941
1716975410.360048 0.035499 -0.214431 -0.039554 -0.018639 0.000862 0.060039 0.998022
1716975410.377996 0.029746 -0.235999 -0.039544 -0.017960 -0.000224 0.064269 0.997771
1716975410.532469 0.019573 -0.289438 -0.026054 -0.022713 0.007630 0.081646 0.996373
1716975410.660800 0.024858 -0.382533 -0.028357 -0.022670 0.008512 0.095746 0.995111
1716975410.752564 0.038536 -0.443473 -0.030538 -0.019319 0.005104 0.106862 0.994073
1716975410.769536 0.039763 -0.440940 -0.034393 -0.019399 0.009982 0.108058 0.993905
1716975410.943664 0.081310 -0.528361 -0.036856 -0.025772 0.002211 0.122606 0.992118
1716975411.060493 0.114230 -0.527824 -0.032775 -0.022960 -0.002251 0.146032 0.989011
1716975411.160247 0.146163 -0.540494 -0.026668 -0.028459 -0.004854 0.164508 0.985953
1716975411.251542 0.174490 -0.555236 -0.024853 -0.021195 -0.009502 0.185372 0.982394
1716975411.360286 0.197085 -0.691436 -0.036590 -0.020706 -0.014840 0.220769 0.974993
1716975411.451786 0.223508 -0.781335 -0.047108 -0.013013 -0.019833 0.248270 0.968400
1716975411.561626 0.282093 -0.862284 -0.052578 -0.010912 -0.023160 0.279390 0.959836
1716975411.661945 0.341141 -0.921790 -0.058797 -0.014869 -0.021511 0.312026 0.949714
1716975411.753735 0.384519 -0.955391 -0.054142 -0.020092 -0.023287 0.347002 0.937360
1716975411.862292 0.449903 -0.954891 -0.059206 -0.028550 -0.016624 0.390845 0.919863
1716975411.963144 0.482216 -0.929694 -0.059885 -0.028664 -0.010912 0.433022 0.900861
1716975412.017307 0.515652 -0.924959 -0.066450 -0.035828 -0.008100 0.457863 0.888264
1716975412.079219 0.557316 -1.010310 -0.058081 -0.030760 -0.002554 0.483900 0.874579
1716975412.261324 0.667123 -1.073579 -0.064877 -0.024493 -0.011518 0.545018 0.837988
1716975412.272732 0.675351 -1.078600 -0.064735 -0.023587 -0.011290 0.547735 0.836243
1716975412.413632 0.768459 -1.090849 -0.070823 -0.025419 -0.021039 0.575251 0.817311
1716975412.487772 0.836270 -1.062030 -0.066836 -0.030005 -0.022512 0.577243 0.815710
1716975412.589687 0.890570 -1.076294 -0.065359 -0.026733 -0.025229 0.600546 0.798745
1716975412.725932 0.977149 -1.087170 -0.055138 -0.025902 -0.033588 0.623658 0.780546
1716975412.862656 1.078081 -1.058424 -0.056790 -0.015055 -0.034841 0.644763 0.763440
1716975412.962469 1.154280 -1.043906 -0.058998 -0.012409 -0.036707 0.660552 0.749780
1716975413.064855 1.226205 -1.041256 -0.062851 -0.015675 -0.038936 0.678793 0.733129
1716975413.132905 1.269992 -1.046776 -0.065184 -0.016161 -0.034907 0.689236 0.723515
1716975413.197815 1.306063 -1.060510 -0.064434 -0.017539 -0.031610 0.695781 0.717344
1716975413.343673 1.408524 -1.063556 -0.059427 -0.034738 -0.038214 0.713557 0.698691
1716975413.451807 1.485091 -1.072869 -0.057406 -0.034773 -0.041048 0.718198 0.693756
1716975413.479272 1.495143 -1.077423 -0.058448 -0.035270 -0.042852 0.723968 0.687597
1716975413.624460 1.591527 -1.067475 -0.064893 -0.028717 -0.043619 0.723603 0.688238
1716975413.753971 1.680531 -1.056382 -0.063966 -0.031040 -0.045421 0.722042 0.689658
1716975413.862496 1.752344 -1.045552 -0.054123 -0.033681 -0.055002 0.712209 0.698998
1716975413.962265 1.824856 -1.032579 -0.056664 -0.029080 -0.056167 0.715879 0.695354
1716975414.061773 1.886723 -1.026830 -0.059541 -0.028781 -0.060653 0.707759 0.703257
1716975414.096072 1.918652 -1.022850 -0.060268 -0.024342 -0.058203 0.711850 0.699493
1716975414.227817 2.022436 -1.016826 -0.061658 -0.022537 -0.054491 0.711858 0.699843
1716975414.352729 2.119632 -1.026573 -0.067807 -0.023455 -0.047095 0.718731 0.693295
1716975414.430697 2.182232 -1.033454 -0.065558 -0.038257 -0.051268 0.724938 0.685838
1716975414.515136 2.253206 -1.037484 -0.061711 -0.029383 -0.040462 0.731866 0.679611
1716975414.624891 2.330242 -1.044879 -0.052266 -0.030087 -0.040367 0.735513 0.675637
1716975414.753647 2.414314 -1.044855 -0.060658 -0.024985 -0.035231 0.737792 0.673645
1716975414.787108 2.452310 -1.043245 -0.056454 -0.024039 -0.042929 0.738505 0.672451
1716975414.952372 2.567986 -1.032628 -0.060390 -0.027371 -0.045943 0.735090 0.675857
1716975415.043439 2.651408 -1.031745 -0.063606 -0.033895 -0.051098 0.727562 0.683296
1716975415.161453 2.741047 -1.032075 -0.063810 -0.022930 -0.049007 0.720561 0.691277
1716975415.176939 2.745836 -1.029784 -0.064048 -0.025436 -0.060188 0.717292 0.693702
1716975415.332761 2.866481 -1.017798 -0.061565 -0.015462 -0.051334 0.710477 0.701676
1716975415.459993 2.958635 -1.020708 -0.065563 -0.013765 -0.047356 0.716406 0.695939
1716975415.551519 3.027639 -1.026693 -0.066093 -0.016226 -0.044000 0.720700 0.691660
1716975415.652260 3.098340 -1.038315 -0.060973 -0.020945 -0.037374 0.723843 0.688634
1716975415.720676 3.159219 -1.041680 -0.060122 -0.025581 -0.042097 0.729462 0.682246
1716975415.826815 3.248844 -1.050471 -0.058982 -0.020932 -0.043025 0.734664 0.676742
1716975415.934791 3.337127 -1.052699 -0.062748 -0.016388 -0.031633 0.738286 0.673546
1716975416.057042 3.445963 -1.052383 -0.063428 -0.023374 -0.032141 0.737116 0.674597
1716975416.076973 3.462157 -1.053837 -0.061215 -0.023232 -0.026264 0.739160 0.672617
1716975416.220733 3.583441 -1.050578 -0.066976 -0.028653 -0.039255 0.733505 0.677944
1716975416.277836 3.630002 -1.044471 -0.074054 -0.026354 -0.037816 0.731873 0.679881
1716975416.441898 3.763689 -1.041849 -0.047236 -0.027621 -0.048452 0.722721 0.688886
1716975416.479417 3.791839 -1.041120 -0.043864 -0.025434 -0.047922 0.718287 0.693629
1716975416.633774 3.926514 -1.041474 -0.056609 -0.012716 -0.038450 0.719857 0.692940
1716975416.762135 4.048665 -1.047557 -0.059259 -0.020865 -0.040962 0.719231 0.693248
1716975416.811394 4.098126 -1.052646 -0.054558 -0.026715 -0.044223 0.722521 0.689415
1716975416.905048 4.181943 -1.064830 -0.066676 -0.026454 -0.045203 0.723168 0.688684
1716975417.052859 4.308464 -1.071779 -0.072929 -0.033405 -0.042024 0.730923 0.680346
1716975417.083147 4.335553 -1.074522 -0.069271 -0.028729 -0.036257 0.733432 0.678187
1716975417.232619 4.461371 -1.072063 -0.067612 -0.033235 -0.035833 0.735177 0.676111
1716975417.278353 4.502585 -1.074743 -0.070695 -0.033196 -0.036390 0.738225 0.672754
1716975417.460671 4.654025 -1.059394 -0.064720 -0.041334 -0.046197 0.726181 0.684703
1716975417.524893 4.704172 -1.055492 -0.066276 -0.040112 -0.046751 0.723758 0.687299
1716975417.598485 4.750839 -1.057272 -0.057969 -0.039682 -0.061289 0.719435 0.690712
1716975417.717131 4.861438 -1.056948 -0.053044 -0.027904 -0.042591 0.718661 0.693494
1716975417.862432 4.994332 -1.057433 -0.057461 -0.022348 -0.048825 0.721800 0.690015
1716975417.954616 5.071609 -1.059541 -0.060399 -0.027600 -0.050437 0.724217 0.687171
1716975417.988683 5.087416 -1.065521 -0.067947 -0.027736 -0.050949 0.724348 0.686990
1716975418.126373 5.191976 -1.068952 -0.058906 -0.044560 -0.051733 0.729506 0.680558
1716975418.262044 5.311985 -1.086178 -0.046877 -0.042252 -0.044257 0.733811 0.676593
1716975418.361974 5.383453 -1.090301 -0.063514 -0.039462 -0.042888 0.733455 0.677235
1716975418.453156 5.447757 -1.084484 -0.074940 -0.030850 -0.041990 0.735228 0.675815
1716975418.480649 5.461140 -1.080407 -0.074253 -0.032885 -0.040362 0.739160 0.671515
1716975418.571037 5.529767 -1.069329 -0.089966 -0.024876 -0.039964 0.731884 0.679801
1716975418.679294 5.611113 -1.049847 -0.095514 -0.020425 -0.052900 0.723589 0.687898
1716975418.857116 5.759514 -1.045609 -0.064983 -0.026227 -0.054903 0.706241 0.705352
1716975418.905153 5.796816 -1.052054 -0.066419 -0.017024 -0.047621 0.698162 0.714152
1716975419.061774 5.933151 -1.049776 -0.062929 -0.017589 -0.052369 0.699718 0.712280
1716975419.152417 6.031860 -1.051646 -0.072284 -0.016339 -0.050568 0.697273 0.714833
1716975419.261175 6.134344 -1.058711 -0.082395 -0.016477 -0.049442 0.704907 0.707382
1716975419.361135 6.224802 -1.068178 -0.088180 -0.023276 -0.055336 0.705675 0.705988
1716975419.452322 6.306651 -1.071668 -0.072419 -0.022956 -0.049345 0.712848 0.699203
1716975419.561800 6.384706 -1.057799 -0.077639 -0.020478 -0.050642 0.709086 0.703003
1716975419.662024 6.467105 -1.055174 -0.098151 -0.013768 -0.050311 0.718103 0.693979
1716975419.679273 6.481208 -1.058837 -0.102455 -0.012236 -0.034965 0.716005 0.697112
1716975419.845739 6.624634 -1.049417 -0.071775 -0.032082 -0.058631 0.710589 0.700426
1716975419.952183 6.703952 -1.039675 -0.061620 -0.030065 -0.068599 0.706642 0.703596
1716975420.060216 6.823336 -1.049307 -0.072852 -0.020936 -0.064673 0.701005 0.709909
1716975420.150887 6.916619 -1.045111 -0.074711 -0.022196 -0.062329 0.695907 0.715078
1716975420.236777 6.991269 -1.037732 -0.074197 -0.016008 -0.056805 0.695882 0.715727
1716975420.351105 7.099677 -1.047118 -0.087952 -0.019244 -0.057067 0.697115 0.714426
1716975420.386447 7.123514 -1.051704 -0.103140 -0.021375 -0.052686 0.698203 0.713639
1716975420.532911 7.264808 -1.082359 -0.092297 -0.029227 -0.054018 0.707250 0.704291
1716975420.652123 7.359471 -1.087113 -0.067704 -0.024958 -0.044041 0.719576 0.692566
1716975420.703441 7.406191 -1.094018 -0.063763 -0.017488 -0.033522 0.729208 0.683247
1716975420.768009 7.456845 -1.102743 -0.065648 -0.021745 -0.026128 0.729329 0.683318
1716975420.897551 7.570508 -1.101696 -0.083216 -0.021618 -0.030286 0.735899 0.676068
1716975421.067450 7.721765 -1.085877 -0.094258 -0.021192 -0.038669 0.727236 0.684970
1716975421.160189 7.807854 -1.088426 -0.087444 -0.021876 -0.045206 0.722579 0.689462
1716975421.184226 7.832279 -1.085391 -0.076425 -0.023836 -0.047544 0.728069 0.683437
1716975421.333359 7.963286 -1.081678 -0.062135 -0.011499 -0.040834 0.718499 0.694233
1716975421.460521 8.054647 -1.082000 -0.076557 -0.015624 -0.045589 0.720356 0.691928
1716975421.552110 8.125086 -1.091917 -0.083549 -0.021861 -0.047143 0.719622 0.692419
1716975421.661783 8.223616 -1.090530 -0.070222 -0.030877 -0.047897 0.726714 0.684573
1716975421.762003 8.317442 -1.086748 -0.066504 -0.034785 -0.047907 0.731060 0.679740
1716975421.853502 8.399618 -1.082705 -0.084108 -0.026288 -0.047218 0.740923 0.669412
1716975421.962749 8.503852 -1.089179 -0.092039 -0.025293 -0.037594 0.737521 0.673803
1716975422.068087 8.587571 -1.082163 -0.077135 -0.029188 -0.044106 0.736878 0.673953
1716975422.161176 8.660050 -1.068822 -0.049830 -0.030632 -0.049219 0.729724 0.681280
1716975422.252190 8.729035 -1.050785 -0.055551 -0.033032 -0.061318 0.726469 0.683661
1716975422.361822 8.811337 -1.026412 -0.070248 -0.038748 -0.068510 0.719971 0.689527
1716975422.370804 8.806518 -1.023812 -0.063169 -0.042969 -0.078530 0.725561 0.682310
1716975422.543903 8.951753 -1.017087 -0.068076 -0.031514 -0.063017 0.717391 0.693099
1716975422.662532 9.039086 -1.012277 -0.080196 -0.023094 -0.058195 0.721022 0.690078
1716975422.763074 9.116435 -1.012595 -0.077794 -0.022537 -0.058051 0.720443 0.690712
1716975422.768555 9.104268 -1.011822 -0.078078 -0.012237 -0.056830 0.721143 0.690343
1716975422.962791 9.261779 -1.006624 -0.056551 -0.034545 -0.063635 0.726281 0.683574
1716975423.006361 9.311272 -1.015821 -0.080108 -0.037272 -0.067821 0.729415 0.679680
1716975423.108596 9.404108 -1.018486 -0.065057 -0.032120 -0.067053 0.736276 0.672585
1716975423.226035 9.495895 -1.021546 -0.068154 -0.024329 -0.048151 0.738167 0.672458
1716975423.361890 9.609274 -1.007393 -0.083827 -0.028021 -0.049665 0.732546 0.678325
1716975423.461967 9.692361 -1.002663 -0.082566 -0.029450 -0.050550 0.734142 0.676471
1716975423.561987 9.775129 -0.997275 -0.085802 -0.035704 -0.058202 0.730021 0.680005
1716975423.662252 9.837731 -0.983494 -0.068894 -0.030115 -0.052931 0.725358 0.685672
1716975423.753536 9.918548 -0.981384 -0.061536 -0.032766 -0.057452 0.728721 0.681609
1716975423.862246 10.007990 -0.981372 -0.057961 -0.027517 -0.055463 0.718758 0.692498
1716975423.962509 10.095885 -0.979825 -0.058926 -0.026904 -0.058130 0.728122 0.682448
1716975424.005284 10.123356 -0.981106 -0.066193 -0.027620 -0.058941 0.721197 0.689665
1716975424.114939 10.219042 -0.993383 -0.061499 -0.037775 -0.056812 0.727668 0.682528
1716975424.244367 10.325336 -0.995672 -0.070078 -0.037004 -0.048446 0.730645 0.680030
1716975424.360753 10.427021 -0.998610 -0.067695 -0.040617 -0.052071 0.739326 0.670101
1716975424.369734 10.446383 -1.004268 -0.064254 -0.035935 -0.040531 0.737871 0.672765
1716975424.542526 10.591297 -0.994220 -0.086385 -0.029077 -0.044263 0.738165 0.672538
1716975424.652801 10.677550 -0.985122 -0.094745 -0.025582 -0.049476 0.735703 0.675010
1716975424.761720 10.766044 -0.973679 -0.097539 -0.030181 -0.061687 0.731417 0.678463
1716975424.853335 10.833255 -0.965047 -0.094408 -0.019571 -0.054111 0.726424 0.684834
1716975424.877624 10.857118 -0.968699 -0.102451 -0.025120 -0.067042 0.729214 0.680531
1716975425.044378 11.004164 -0.965690 -0.091586 -0.003298 -0.054487 0.722611 0.689096
1716975425.161275 11.102690 -0.961996 -0.073609 -0.005628 -0.047493 0.728477 0.683399
1716975425.259400 11.193595 -0.962957 -0.062496 -0.016577 -0.050943 0.728514 0.682933
1716975425.361901 11.294713 -0.961692 -0.067850 -0.019116 -0.053147 0.735757 0.674887
1716975425.418789 11.345640 -0.962555 -0.078831 -0.025215 -0.050808 0.739543 0.670715
1716975425.560302 11.458707 -0.967106 -0.066586 -0.028730 -0.049009 0.749620 0.659426
1716975425.660393 11.526517 -0.972153 -0.077095 -0.019884 -0.041197 0.750990 0.658727
1716975425.752143 11.601811 -0.974807 -0.081394 -0.025767 -0.044149 0.751087 0.658221
1716975425.860576 11.688962 -0.972254 -0.074149 -0.027866 -0.053127 0.749086 0.659751
1716975425.960621 11.772825 -0.965787 -0.085059 -0.029625 -0.059017 0.744302 0.664571
1716975426.060385 11.844056 -0.971573 -0.073872 -0.027551 -0.061039 0.738345 0.671090
1716975426.068844 11.878058 -0.978942 -0.076455 -0.029792 -0.069058 0.738084 0.670504
1716975426.234940 12.021389 -0.961743 -0.073450 -0.023270 -0.059214 0.727631 0.683012
1716975426.359974 12.137721 -0.961538 -0.075863 -0.022249 -0.057095 0.732244 0.678280
1716975426.460282 12.224855 -0.963687 -0.087763 -0.025304 -0.057782 0.735379 0.674714
1716975426.560932 12.303207 -0.957275 -0.070951 -0.029367 -0.055756 0.739993 0.669656
1716975426.652601 12.380602 -0.948607 -0.059976 -0.034320 -0.057421 0.745487 0.663155
1716975426.670882 12.397524 -0.955159 -0.084742 -0.044245 -0.062316 0.750270 0.656699
1716975426.823726 12.536524 -0.938736 -0.082106 -0.023751 -0.044515 0.755629 0.653054
1716975426.878537 12.583413 -0.928581 -0.078490 -0.023342 -0.042715 0.756761 0.651876
1716975426.977966 12.662096 -0.923976 -0.069281 -0.026179 -0.043238 0.756930 0.651539
1716975427.123340 12.773364 -0.904032 -0.070715 -0.031145 -0.051877 0.748724 0.660114
1716975427.204648 12.842717 -0.884048 -0.081816 -0.031669 -0.053071 0.745337 0.663817
1716975427.306398 12.919526 -0.870200 -0.101328 -0.034708 -0.053300 0.743048 0.666209
1716975427.461440 13.045714 -0.859361 -0.100917 -0.023235 -0.045262 0.740018 0.670660
1716975427.561835 13.118899 -0.854729 -0.094542 -0.012228 -0.042850 0.742601 0.668250
1716975427.662085 13.194381 -0.855486 -0.089218 -0.015359 -0.041842 0.741642 0.669314
1716975427.753324 13.258223 -0.858658 -0.078558 -0.021716 -0.044057 0.741789 0.668832
1716975427.862258 13.343069 -0.854801 -0.061115 -0.035550 -0.053685 0.745251 0.663668
1716975427.953640 13.416986 -0.858793 -0.071308 -0.033776 -0.041257 0.745145 0.664768
1716975428.064164 13.510063 -0.864215 -0.071681 -0.037420 -0.050310 0.746495 0.662430
1716975428.140622 13.571224 -0.866359 -0.068834 -0.028161 -0.043426 0.746761 0.663075
1716975428.235526 13.638885 -0.865482 -0.064893 -0.026740 -0.047278 0.746370 0.663311
1716975428.352723 13.730595 -0.852780 -0.068235 -0.028746 -0.049659 0.742193 0.667726
1716975428.432759 13.790768 -0.840601 -0.063747 -0.028067 -0.053219 0.742020 0.667672
1716975428.488575 13.840775 -0.855834 -0.065183 -0.017217 -0.051896 0.741835 0.668350
1716975428.664980 13.966494 -0.843212 -0.064125 -0.007284 -0.058320 0.731627 0.679167
1716975428.754263 14.029412 -0.835983 -0.072400 -0.005243 -0.054208 0.720578 0.691232
1716975428.797686 14.071869 -0.830516 -0.068802 -0.007879 -0.050785 0.721271 0.690744
1716975428.926434 14.170616 -0.835892 -0.096470 -0.023772 -0.056339 0.723938 0.687150
1716975429.052764 14.274248 -0.824153 -0.093914 -0.039761 -0.056692 0.733713 0.675921
1716975429.154443 14.356205 -0.828229 -0.099079 -0.041260 -0.049869 0.733853 0.676218
1716975429.256492 14.434725 -0.833494 -0.091324 -0.049643 -0.054770 0.746304 0.661487
1716975429.363822 14.519138 -0.836684 -0.092674 -0.034906 -0.050020 0.747999 0.660892
1716975429.423603 14.570385 -0.848234 -0.102300 -0.035493 -0.053964 0.750019 0.658255
1716975429.561135 14.683027 -0.822588 -0.095662 -0.022725 -0.055876 0.747213 0.661841
1716975429.613974 14.719121 -0.808643 -0.085038 -0.011150 -0.047031 0.736755 0.674430
1716975429.695825 14.791859 -0.820958 -0.086182 -0.006112 -0.045466 0.740500 0.670489
1716975429.770124 14.855346 -0.809776 -0.087910 -0.005366 -0.058922 0.726486 0.684630
1716975429.952491 15.003236 -0.788987 -0.090764 0.007024 -0.042215 0.714608 0.698214
1716975430.051854 15.095346 -0.768757 -0.091275 0.008514 -0.040039 0.721483 0.691221
1716975430.161062 15.194358 -0.770412 -0.071740 0.009652 -0.052153 0.719551 0.692412
1716975430.254603 15.279562 -0.763554 -0.071416 -0.000616 -0.045630 0.726124 0.686048
1716975430.352806 15.370508 -0.757578 -0.072871 -0.010761 -0.051299 0.726820 0.684825
1716975430.433230 15.444012 -0.758608 -0.091325 -0.020503 -0.045994 0.738403 0.672477
1716975430.560383 15.547243 -0.756881 -0.096294 -0.009590 -0.035110 0.741002 0.670516
1716975430.651410 15.614304 -0.753672 -0.105561 -0.008988 -0.033709 0.745519 0.665570
1716975430.694750 15.653206 -0.754636 -0.105137 -0.012392 -0.023748 0.745098 0.666417
1716975430.850336 15.779794 -0.721957 -0.081075 -0.018705 -0.053137 0.740079 0.670157
1716975430.926096 15.834489 -0.696501 -0.076006 -0.018137 -0.054164 0.738425 0.671913
1716975431.062171 15.957337 -0.693253 -0.079680 -0.021724 -0.054137 0.731541 0.679297
1716975431.078621 15.974310 -0.696416 -0.074335 -0.014134 -0.051898 0.726825 0.684713
1716975431.234782 16.103197 -0.690354 -0.066877 -0.007685 -0.056179 0.727629 0.683624
1716975431.351351 16.206145 -0.701210 -0.086189 -0.024124 -0.055635 0.728176 0.682702
1716975431.369307 16.209430 -0.706083 -0.083950 -0.025859 -0.063758 0.731145 0.678744
1716975431.551576 16.354590 -0.715862 -0.055364 -0.015108 -0.051341 0.733919 0.677125
1716975431.583742 16.392768 -0.731955 -0.063568 -0.018352 -0.051016 0.734448 0.676496
1716975431.667043 16.465531 -0.738399 -0.073024 -0.022295 -0.027313 0.743954 0.667300
1716975431.833870 16.606696 -0.744195 -0.091699 -0.028692 -0.040654 0.745573 0.664564
1716975431.897191 16.654110 -0.734786 -0.080650 -0.026009 -0.045023 0.747401 0.662335
1716975432.036806 16.771599 -0.720870 -0.075427 -0.031032 -0.053728 0.744445 0.664795
1716975432.125686 16.827390 -0.713982 -0.081789 -0.030557 -0.052388 0.745786 0.663419
1716975432.260814 16.953530 -0.688463 -0.087981 -0.010124 -0.051107 0.739339 0.671315
1716975432.296200 16.990497 -0.687150 -0.091316 -0.010888 -0.045439 0.740305 0.670645
1716975432.459478 17.131397 -0.672137 -0.092648 -0.004590 -0.048764 0.744192 0.666168
1716975432.504071 17.156217 -0.662026 -0.086116 -0.000015 -0.051066 0.743941 0.666291
1716975432.653063 17.279697 -0.685996 -0.081176 -0.012117 -0.054710 0.756065 0.652093
1716975432.762602 17.381205 -0.665607 -0.072264 -0.015905 -0.047647 0.765360 0.641639
1716975432.784004 17.405440 -0.663384 -0.086944 -0.036533 -0.052615 0.770058 0.634750
1716975432.934509 17.521829 -0.661253 -0.087193 -0.023659 -0.035631 0.778322 0.626406
1716975433.065076 17.628980 -0.648476 -0.082722 -0.020491 -0.044360 0.776541 0.628169
1716975433.161185 17.718905 -0.637987 -0.076517 -0.019275 -0.052238 0.775063 0.629426
1716975433.234323 17.784693 -0.625744 -0.081439 -0.023051 -0.056340 0.772818 0.631701
1716975433.362077 17.875288 -0.595136 -0.072400 -0.018031 -0.051718 0.764267 0.642570
1716975433.452607 17.927947 -0.594021 -0.072399 -0.015574 -0.054430 0.766649 0.639565
1716975433.470991 17.932814 -0.604211 -0.076063 -0.012427 -0.050104 0.762720 0.644665
1716975433.652713 18.055432 -0.612688 -0.092637 -0.013937 -0.056922 0.768424 0.637252
1716975433.762068 18.136551 -0.614944 -0.100718 -0.016766 -0.056794 0.769856 0.635465
1716975433.853499 18.206805 -0.621234 -0.099271 -0.020178 -0.054956 0.779839 0.623236
1716975433.905830 18.247481 -0.611090 -0.091476 -0.024125 -0.047943 0.779436 0.624178
1716975434.050743 18.341136 -0.616430 -0.076821 -0.024128 -0.039296 0.790956 0.610133
1716975434.121081 18.387065 -0.607353 -0.079231 -0.024514 -0.032038 0.796221 0.603659
1716975434.195507 18.453272 -0.599036 -0.079997 -0.017108 -0.033416 0.796148 0.603936
1716975434.343357 18.572924 -0.584502 -0.085113 -0.022345 -0.042162 0.794532 0.605344
1716975434.420569 18.623762 -0.581318 -0.101172 -0.026814 -0.048222 0.793300 0.606325
1716975434.561012 18.739599 -0.537299 -0.089820 -0.023415 -0.048767 0.780935 0.622266
1716975434.661691 18.821523 -0.533247 -0.081505 -0.016098 -0.049492 0.781649 0.621544
1716975434.762510 18.901374 -0.515485 -0.088225 -0.013701 -0.048705 0.773252 0.632077
1716975434.807320 18.933764 -0.511402 -0.085204 -0.006759 -0.049373 0.778528 0.625629
1716975434.908568 19.019760 -0.514688 -0.091005 -0.008773 -0.049450 0.777075 0.627401
1716975435.060136 19.153619 -0.501605 -0.080950 -0.015176 -0.044981 0.784415 0.618417
1716975435.159624 19.244152 -0.483474 -0.068379 -0.028266 -0.052296 0.790215 0.609940
1716975435.250170 19.322057 -0.479797 -0.084929 -0.030269 -0.046048 0.798919 0.598909
1716975435.292910 19.369128 -0.480845 -0.082378 -0.027961 -0.040942 0.802886 0.594067
1716975435.425459 19.472825 -0.473320 -0.087203 -0.018413 -0.043206 0.806444 0.589443
1716975435.550613 19.584338 -0.447964 -0.096092 -0.022568 -0.048876 0.800442 0.596988
1716975435.660033 19.662009 -0.428196 -0.088955 -0.025161 -0.046455 0.798055 0.600265
1716975435.668895 19.669299 -0.431553 -0.087264 -0.027986 -0.055525 0.797433 0.600195
1716975435.859752 19.827085 -0.403808 -0.068264 -0.016059 -0.052162 0.784335 0.617932
1716975435.951645 19.913192 -0.399498 -0.082402 -0.017234 -0.051033 0.780289 0.623095
1716975435.995519 19.952842 -0.396478 -0.076292 -0.004362 -0.049093 0.781946 0.621395
1716975436.121628 20.058950 -0.397923 -0.085285 -0.011198 -0.057578 0.784408 0.617465
1716975436.262823 20.185030 -0.374673 -0.079360 -0.016908 -0.060592 0.796911 0.600813
1716975436.335591 20.248253 -0.356407 -0.075499 -0.027186 -0.063474 0.804720 0.589624
1716975436.459620 20.358496 -0.365001 -0.071580 -0.025243 -0.054493 0.820076 0.569095
1716975436.564622 20.441950 -0.366866 -0.071179 -0.024599 -0.058099 0.825730 0.560526
1716975436.641060 20.492125 -0.364225 -0.082164 -0.024666 -0.047286 0.827600 0.558778
1716975436.752494 20.566887 -0.348386 -0.090950 -0.028834 -0.047596 0.826957 0.559505
1716975436.798084 20.598711 -0.340156 -0.086537 -0.027438 -0.050250 0.826245 0.560393
1716975436.926218 20.676968 -0.311889 -0.083769 -0.031564 -0.057643 0.825586 0.560436
1716975437.061510 20.769418 -0.277449 -0.078771 -0.030712 -0.063766 0.823991 0.562165
1716975437.143981 20.827748 -0.247863 -0.085165 -0.025905 -0.059969 0.823514 0.563522
1716975437.261436 20.907502 -0.228973 -0.089842 -0.018684 -0.060484 0.830706 0.553101
1716975437.360808 20.971775 -0.210374 -0.090092 -0.009784 -0.054259 0.837908 0.543019
1716975437.460966 21.041896 -0.190279 -0.091569 -0.002920 -0.054199 0.843294 0.534704
1716975437.554101 21.103529 -0.175106 -0.110096 -0.007061 -0.065139 0.850126 0.522488
1716975437.662629 21.159509 -0.143552 -0.103045 -0.012465 -0.056249 0.856585 0.512780
1716975437.753637 21.230122 -0.116405 -0.096741 -0.022137 -0.071220 0.864577 0.496935
1716975437.862108 21.299588 -0.077934 -0.099365 -0.028893 -0.056513 0.874045 0.481682
1716975437.953109 21.336135 -0.043285 -0.101253 -0.027863 -0.058120 0.876119 0.477766
1716975438.064904 21.387288 -0.009265 -0.114537 -0.018210 -0.055932 0.882605 0.466421
1716975438.068336 21.379140 -0.025310 -0.110542 -0.017647 -0.053730 0.883851 0.464337
1716975438.235985 21.458366 0.031191 -0.115930 -0.018844 -0.058958 0.887812 0.456024
1716975438.332676 21.505931 0.070414 -0.111756 -0.020568 -0.059684 0.888435 0.454640
1716975438.420813 21.536070 0.105765 -0.126955 -0.023705 -0.061146 0.890472 0.450288
1716975438.561344 21.593596 0.129498 -0.139672 -0.001809 -0.063905 0.906955 0.416347
1716975438.662134 21.628539 0.165946 -0.127536 -0.000230 -0.050981 0.916201 0.397462
1716975438.753042 21.670541 0.204411 -0.114856 -0.000988 -0.052114 0.926894 0.371685
1716975438.862122 21.714900 0.243714 -0.108778 0.002085 -0.058941 0.937434 0.343130
1716975438.961631 21.745890 0.293741 -0.103028 0.001788 -0.060884 0.947448 0.314057
1716975439.052897 21.769171 0.325771 -0.087126 0.001752 -0.065279 0.958539 0.277378
1716975439.161746 21.795350 0.355285 -0.079192 -0.002969 -0.065682 0.967204 0.245345
1716975439.251719 21.821316 0.368110 -0.099876 -0.010990 -0.081307 0.976781 0.197907
1716975439.360326 21.856999 0.363304 -0.099093 -0.013143 -0.076479 0.987247 0.139006
1716975439.451486 21.865613 0.360970 -0.096178 -0.016624 -0.074082 0.992337 0.097483
1716975439.470066 21.861668 0.384937 -0.091877 -0.016145 -0.066426 0.993446 0.091602
1716975439.587302 21.846833 0.430122 -0.085262 -0.017991 -0.058611 0.997393 0.038045
1716975439.736738 21.818242 0.451062 -0.078886 0.002918 -0.056978 0.998343 -0.007498
1716975439.843413 21.787383 0.499908 -0.083546 0.013463 -0.057846 0.997418 -0.040379
1716975439.960577 21.764124 0.527303 -0.084508 0.021959 -0.059057 0.995035 -0.077043
1716975440.059956 21.727574 0.558514 -0.088574 0.031249 -0.059171 0.991666 -0.110092
1716975440.160348 21.684681 0.580657 -0.090688 0.035843 -0.059582 0.985610 -0.154074
1716975440.250525 21.669648 0.570278 -0.091333 0.038080 -0.051815 0.975199 -0.211783
1716975440.350317 21.652627 0.551442 -0.090392 0.040669 -0.048727 0.962645 -0.263221
1716975440.459528 21.643369 0.600960 -0.093942 0.039944 -0.047900 0.940264 -0.334683
1716975440.559514 21.629073 0.636884 -0.089435 0.040703 -0.053645 0.916671 -0.393929
1716975440.659639 21.611244 0.678598 -0.084555 0.036831 -0.050421 0.888508 -0.454594
1716975440.751305 21.612306 0.703162 -0.081703 0.036067 -0.051764 0.864307 -0.498992
1716975440.860593 21.585110 0.701111 -0.074845 0.034993 -0.034763 0.829473 -0.556365
1716975440.960524 21.567397 0.697015 -0.078760 0.026568 -0.040715 0.792035 -0.608536
1716975441.055898 21.544576 0.674753 -0.080876 0.024670 -0.038199 0.759020 -0.649478
1716975441.077994 21.536132 0.662418 -0.085479 0.023736 -0.039404 0.749695 -0.660183
1716975441.219866 21.503240 0.633766 -0.093934 0.023617 -0.025100 0.705142 -0.708228
1716975441.359382 21.469040 0.602229 -0.095447 0.022575 -0.017290 0.676580 -0.735820
1716975441.459612 21.430286 0.588861 -0.101644 0.023120 -0.010707 0.660336 -0.750538
1716975441.559961 21.381065 0.569231 -0.106889 0.029613 -0.009601 0.648283 -0.760763
1716975441.595958 21.358522 0.552509 -0.106485 0.031570 -0.004346 0.641911 -0.766117
1716975441.763077 21.293115 0.521753 -0.102522 0.040627 0.003364 0.633360 -0.772783
1716975441.802576 21.269653 0.509045 -0.099455 0.042508 0.004826 0.632524 -0.773359
1716975441.905200 21.214234 0.492215 -0.106592 0.040186 0.009784 0.625487 -0.779138
1716975442.017019 21.145175 0.465444 -0.112593 0.032030 0.005066 0.619572 -0.784270
1716975442.153440 21.047186 0.442087 -0.108212 0.029820 -0.013721 0.608216 -0.793092
1716975442.251758 20.995823 0.430922 -0.118272 0.025786 -0.010564 0.595074 -0.803188
1716975442.360707 20.929513 0.413418 -0.111636 0.024404 -0.009747 0.582134 -0.812668
1716975442.460755 20.858163 0.400703 -0.109075 0.010121 -0.022335 0.572273 -0.819696
1716975442.552153 20.790082 0.381388 -0.098579 0.012975 -0.016778 0.569156 -0.821956
1716975442.661826 20.718225 0.359299 -0.098372 0.005670 -0.012867 0.567093 -0.823534
1716975442.756553 20.656161 0.335117 -0.098852 0.007990 -0.009674 0.572586 -0.819748
1716975442.862002 20.595554 0.333860 -0.097153 0.008349 -0.007323 0.585340 -0.810712
1716975442.961771 20.541918 0.329488 -0.085861 0.016896 -0.011710 0.597897 -0.801310
1716975442.971814 20.535928 0.331069 -0.091207 0.014447 -0.010276 0.595859 -0.802893
1716975443.134028 20.454005 0.297324 -0.089006 0.022791 -0.011637 0.611211 -0.791054
1716975443.187468 20.422155 0.270636 -0.087250 0.023273 -0.014242 0.617321 -0.786238
1716975443.326535 20.333331 0.248384 -0.097284 0.022142 -0.014352 0.621963 -0.782602
1716975443.452411 20.273725 0.229258 -0.103708 0.023246 -0.016205 0.616933 -0.786505
1716975443.481393 20.251150 0.230584 -0.092403 0.030709 -0.031959 0.621306 -0.782313
1716975443.588589 20.183923 0.223432 -0.077055 0.024073 -0.027740 0.607609 -0.793387
1716975443.754285 20.079474 0.204190 -0.083047 0.017991 -0.034617 0.605553 -0.794848
1716975443.863582 20.012186 0.181152 -0.089305 0.017742 -0.021973 0.606125 -0.794868
1716975443.936010 19.965408 0.154425 -0.096304 0.021335 -0.023572 0.609730 -0.791971
1716975444.052798 19.894233 0.130005 -0.076233 0.034957 -0.031608 0.617938 -0.784813
1716975444.156318 19.822884 0.119154 -0.077041 0.042630 -0.024829 0.631114 -0.774120
1716975444.242581 19.757813 0.113758 -0.075464 0.050450 -0.032103 0.643964 -0.762715
1716975444.360491 19.666406 0.094001 -0.082908 0.046997 -0.027707 0.650747 -0.757332
1716975444.451486 19.602373 0.076513 -0.078290 0.046975 -0.026354 0.661204 -0.748270
1716975444.552182 19.527831 0.063119 -0.081567 0.038862 -0.014493 0.665383 -0.745349
1716975444.579480 19.511350 0.061531 -0.085515 0.036212 0.001298 0.665684 -0.745354
1716975444.743779 19.388585 0.057815 -0.076359 0.025684 -0.016182 0.665364 -0.745901
1716975444.778168 19.347864 0.047071 -0.085807 0.019852 -0.027318 0.664034 -0.746939
1716975444.943774 19.197007 0.050669 -0.075421 0.024350 -0.029996 0.650469 -0.758550
1716975445.059869 19.097086 0.044948 -0.083264 0.024997 -0.018029 0.649921 -0.759377
1716975445.153525 19.021056 0.030244 -0.085408 0.022580 -0.015910 0.645630 -0.763150
1716975445.259593 18.934590 0.017485 -0.083881 0.027716 -0.014026 0.650375 -0.758978
1716975445.350482 18.871564 0.002314 -0.078346 0.034039 -0.008654 0.648952 -0.760019
1716975445.459532 18.790470 -0.013941 -0.074456 0.030099 -0.007096 0.657436 -0.752876
1716975445.559700 18.724633 -0.016583 -0.070797 0.038914 -0.013209 0.653565 -0.755754
1716975445.568474 18.720314 -0.024055 -0.075973 0.031314 -0.002867 0.653599 -0.756187
1716975445.742422 18.584346 -0.044728 -0.081693 0.030557 -0.001600 0.647795 -0.761200
1716975445.851951 18.490777 -0.057998 -0.096538 0.022567 -0.006902 0.640214 -0.767834
1716975445.960515 18.407134 -0.062329 -0.088838 0.020721 -0.009978 0.635438 -0.771810
1716975445.970462 18.394343 -0.070774 -0.091360 0.024837 -0.029571 0.633003 -0.773186
1716975446.068554 18.305171 -0.074538 -0.112612 0.042783 -0.030952 0.618781 -0.783787
1716975446.263739 18.152187 -0.085429 -0.108500 0.018430 -0.007062 0.633338 -0.773623
1716975446.309885 18.113090 -0.091800 -0.106400 0.013114 0.003638 0.633102 -0.773948
1716975446.369468 18.082662 -0.111302 -0.114721 0.015589 0.013500 0.634916 -0.772306
1716975446.551098 17.967841 -0.164362 -0.105845 0.025341 -0.001509 0.653505 -0.756497
1716975446.652191 17.904986 -0.175138 -0.108280 0.030265 -0.006172 0.663685 -0.747374
1716975446.670522 17.884458 -0.165199 -0.103455 0.038010 -0.018181 0.667389 -0.743517
1716975446.853005 17.736823 -0.177686 -0.103641 0.038998 0.005594 0.676199 -0.735664
1716975446.870754 17.717416 -0.177335 -0.099974 0.038342 0.010871 0.674177 -0.737493
1716975447.044788 17.583218 -0.186744 -0.099286 0.031176 0.000383 0.677768 -0.734614
1716975447.137915 17.504787 -0.176449 -0.109477 0.022519 -0.002992 0.676635 -0.735968
1716975447.169753 17.474886 -0.180760 -0.103521 0.016519 -0.005269 0.673471 -0.739010
1716975447.342627 17.334607 -0.159574 -0.090019 0.010287 -0.017191 0.666219 -0.745487
1716975447.461214 17.236923 -0.152227 -0.096321 0.005678 -0.019173 0.665832 -0.745833
1716975447.523756 17.179497 -0.159408 -0.101464 0.010888 -0.022168 0.665119 -0.746329
1716975447.595800 17.126693 -0.174429 -0.091432 0.012361 -0.022951 0.668159 -0.743562
1716975447.753103 17.017480 -0.194317 -0.078736 0.026336 -0.015920 0.673162 -0.738854
1716975447.853508 16.940903 -0.209289 -0.074157 0.025923 -0.012027 0.681058 -0.731672
1716975447.954422 16.862389 -0.227331 -0.083181 0.017595 -0.003469 0.688100 -0.725394
1716975448.025448 16.812391 -0.226066 -0.076956 0.014233 -0.007623 0.689133 -0.724455
1716975448.077885 16.768418 -0.236560 -0.083291 0.010666 -0.002402 0.692080 -0.721738
1716975448.181542 16.681950 -0.242831 -0.092570 0.019501 -0.012342 0.691405 -0.722099
1716975448.318290 16.590057 -0.231940 -0.115921 0.012500 -0.011825 0.684819 -0.728510
1716975448.368536 16.541347 -0.231197 -0.110521 0.002994 -0.016404 0.679495 -0.733490
1716975448.558903 16.394849 -0.214096 -0.098129 0.003735 -0.017742 0.664211 -0.747325
1716975448.643619 16.333082 -0.217330 -0.102391 0.003232 -0.011173 0.660340 -0.750877
1716975448.762421 16.245553 -0.214213 -0.089643 0.012481 -0.023445 0.657518 -0.752971
1716975448.861992 16.175993 -0.215669 -0.078924 0.021464 -0.025625 0.668051 -0.743364
1716975448.952849 16.112362 -0.211082 -0.069110 0.026077 -0.029533 0.667864 -0.743240
1716975449.061001 16.032369 -0.214569 -0.076113 0.020298 -0.018247 0.679071 -0.733565
1716975449.153834 15.962624 -0.202332 -0.084166 0.026110 -0.026598 0.679921 -0.732337
1716975449.260795 15.885677 -0.180427 -0.077074 0.019771 -0.018869 0.685714 -0.727357
1716975449.269506 15.902497 -0.207368 -0.071282 0.020538 -0.008002 0.684709 -0.728483
1716975449.436911 15.758829 -0.204599 -0.073647 0.023086 -0.016325 0.682938 -0.729929
1716975449.552225 15.645210 -0.201845 -0.062441 0.016788 -0.020397 0.678865 -0.733787
1716975449.603028 15.600621 -0.208023 -0.076914 0.019169 -0.018865 0.674879 -0.737438
1716975449.691037 15.529637 -0.219457 -0.083415 0.022108 -0.033509 0.670542 -0.740785
1716975449.852465 15.395144 -0.237588 -0.085613 0.015556 -0.030886 0.667447 -0.743854
1716975449.877548 15.372891 -0.232583 -0.080231 0.007898 -0.025548 0.666331 -0.745177
1716975450.052121 15.233966 -0.254900 -0.083171 0.018131 -0.026325 0.675668 -0.736513
1716975450.142501 15.154558 -0.253102 -0.081063 0.018624 -0.025257 0.680855 -0.731746
1716975450.178605 15.127871 -0.256998 -0.068496 0.011436 -0.023006 0.681850 -0.731041
1716975450.367219 14.985676 -0.293757 -0.063021 0.025354 -0.018712 0.684351 -0.728472
1716975450.440335 14.930384 -0.298652 -0.055574 0.019965 -0.017516 0.686751 -0.726407
1716975450.542715 14.834675 -0.284545 -0.059038 0.022394 -0.017390 0.682335 -0.730490
1716975450.660313 14.745158 -0.288134 -0.070879 0.025316 -0.015985 0.680053 -0.732551
1716975450.685820 14.721948 -0.278152 -0.069977 0.007282 -0.027330 0.678127 -0.734400
1716975450.826103 14.615464 -0.262554 -0.079080 0.019739 -0.028200 0.673865 -0.738052
1716975450.961318 14.507296 -0.266707 -0.083281 0.016200 -0.026718 0.669333 -0.742305
1716975451.051555 14.433319 -0.258994 -0.080777 0.016845 -0.025022 0.671693 -0.740215
1716975451.159646 14.343329 -0.275078 -0.083117 0.016360 -0.020438 0.675777 -0.736641
1716975451.187137 14.317783 -0.285227 -0.087080 0.014256 -0.020795 0.677375 -0.735206
1716975451.301752 14.217381 -0.276271 -0.086482 0.022978 -0.020742 0.690825 -0.722359
1716975451.461575 14.089539 -0.292882 -0.082984 0.028506 -0.017452 0.707030 -0.706393
1716975451.470288 14.090042 -0.298783 -0.086336 0.031495 -0.025414 0.701967 -0.711059
1716975451.661072 13.950907 -0.357042 -0.089790 0.025115 -0.000073 0.709544 -0.704214
1716975451.744084 13.884243 -0.358433 -0.076403 0.016775 -0.001189 0.714402 -0.699533
1716975451.861721 13.789433 -0.347277 -0.074439 0.021872 -0.002648 0.711847 -0.701989
1716975451.964824 13.709280 -0.343520 -0.063381 0.017913 -0.012682 0.708890 -0.704978
1716975452.013695 13.666689 -0.332580 -0.062123 0.021349 -0.015764 0.705595 -0.708118
1716975452.128606 13.571311 -0.324539 -0.059580 0.021571 -0.027456 0.697812 -0.715429
1716975452.247245 13.476971 -0.316977 -0.062517 0.011248 -0.027927 0.694790 -0.718582
1716975452.351710 13.388904 -0.311838 -0.072333 0.009815 -0.024133 0.693364 -0.720116
1716975452.463613 13.296924 -0.310238 -0.085366 0.015755 -0.026289 0.697630 -0.715803
1716975452.552558 13.230940 -0.300057 -0.085145 0.019236 -0.027713 0.700471 -0.712883
1716975452.664690 13.136842 -0.294619 -0.086430 0.026027 -0.030089 0.704326 -0.708761
1716975452.753257 13.076927 -0.276682 -0.083115 0.027373 -0.017532 0.709054 -0.704405
1716975452.797661 13.038513 -0.264184 -0.086295 0.029966 -0.021394 0.714104 -0.699071
1716975452.942683 12.928038 -0.267709 -0.085899 0.025012 -0.008987 0.714808 -0.698816
1716975453.052806 12.837467 -0.262621 -0.070711 0.029741 -0.011162 0.712622 -0.700829
1716975453.137635 12.786557 -0.264143 -0.048893 0.028208 -0.016618 0.710044 -0.703396
1716975453.254829 12.695102 -0.242893 -0.038218 0.030961 -0.025309 0.701628 -0.711420
1716975453.352937 12.618992 -0.243348 -0.033489 0.018920 -0.027696 0.699707 -0.713642
1716975453.372385 12.608654 -0.243603 -0.033307 0.029395 -0.038236 0.697753 -0.714713
1716975453.553044 12.473661 -0.235763 -0.054664 0.008745 -0.023381 0.694182 -0.719367
1716975453.580407 12.449492 -0.222360 -0.062809 0.009073 -0.019301 0.695233 -0.718468
1716975453.743765 12.326795 -0.212489 -0.087092 0.017308 -0.020884 0.699271 -0.714342
1716975453.853380 12.229548 -0.204086 -0.093651 0.019921 -0.024076 0.699201 -0.714242
1716975453.965506 12.143605 -0.181401 -0.098656 0.016760 -0.019090 0.711580 -0.702146
1716975453.970282 12.144562 -0.219045 -0.089416 0.031913 -0.028950 0.705919 -0.706981
1716975454.165752 12.000061 -0.221691 -0.093945 0.016102 -0.014170 0.715958 -0.697814
1716975454.253649 11.929777 -0.227458 -0.085671 0.011071 -0.010627 0.711439 -0.702580
1716975454.282237 11.918242 -0.234613 -0.088808 0.014845 -0.009400 0.715222 -0.698677
1716975454.429451 11.803572 -0.229531 -0.089225 0.013655 -0.014120 0.709194 -0.704739
1716975454.534103 11.724066 -0.230819 -0.089440 0.022316 -0.027632 0.702653 -0.710646
1716975454.571534 11.682355 -0.228378 -0.081059 0.034141 -0.036219 0.698759 -0.713624
1716975454.761526 11.524135 -0.228204 -0.082100 0.014207 -0.028810 0.702937 -0.710526
1716975454.852565 11.445402 -0.233533 -0.085462 0.007250 -0.026114 0.702809 -0.710862
1716975454.966065 11.363223 -0.223464 -0.076163 0.012155 -0.025076 0.710880 -0.702761
1716975455.056252 11.282124 -0.229857 -0.081099 0.015460 -0.025733 0.712172 -0.701362
1716975455.142132 11.216082 -0.227933 -0.076919 0.021377 -0.023215 0.722175 -0.690990
1716975455.179470 11.180128 -0.239709 -0.076527 0.022769 -0.030074 0.716919 -0.696135
1716975455.316797 11.082676 -0.262156 -0.075474 0.024164 -0.013950 0.721751 -0.691591
1716975455.461143 10.967100 -0.266206 -0.092908 0.021394 -0.008443 0.717464 -0.696216
1716975455.551862 10.889028 -0.251456 -0.103851 0.014431 -0.015454 0.711080 -0.702793
1716975455.661307 10.779275 -0.251076 -0.092247 0.012111 -0.025588 0.697917 -0.715619
1716975455.761284 10.690735 -0.242692 -0.069953 0.015660 -0.029679 0.695951 -0.717304
1716975455.852179 10.608121 -0.238872 -0.078175 0.013283 -0.035793 0.681028 -0.731261
1716975455.961824 10.517421 -0.236516 -0.080611 0.011269 -0.028925 0.682946 -0.729809
1716975455.971004 10.509139 -0.235733 -0.080751 0.010765 -0.028065 0.678571 -0.733920
1716975456.126331 10.376225 -0.242585 -0.082696 0.010967 -0.024087 0.685482 -0.727609
1716975456.260498 10.276010 -0.256441 -0.070835 0.016417 -0.025916 0.696764 -0.716644
1716975456.351074 10.207157 -0.273865 -0.075676 0.018086 -0.016769 0.703296 -0.710469
1716975456.396908 10.166106 -0.285653 -0.069188 0.032881 -0.019231 0.708927 -0.704253
1716975456.523778 10.064770 -0.288899 -0.078051 0.022307 -0.006173 0.714887 -0.698856
1716975456.590024 10.006874 -0.286428 -0.078623 0.019006 -0.004071 0.711423 -0.702496
1716975456.726108 9.892254 -0.269031 -0.092273 0.020207 -0.011302 0.707292 -0.706543
1716975456.771259 9.862404 -0.265907 -0.082408 0.025029 -0.011916 0.706162 -0.707508
1716975456.956181 9.711722 -0.257226 -0.066554 0.022757 -0.030380 0.694255 -0.718727
1716975457.034940 9.642032 -0.259745 -0.076485 0.018700 -0.036990 0.680892 -0.731210
1716975457.162868 9.544935 -0.258462 -0.077758 0.010676 -0.034440 0.678780 -0.733456
1716975457.170964 9.563502 -0.261780 -0.070558 0.007554 -0.039913 0.678267 -0.733692
1716975457.342519 9.411376 -0.271297 -0.084920 0.008645 -0.028777 0.683278 -0.729539
1716975457.462818 9.326430 -0.291564 -0.078456 0.011796 -0.023171 0.698001 -0.715625
1716975457.553290 9.262430 -0.300309 -0.093214 0.019122 -0.020936 0.706824 -0.706821
1716975457.663178 9.145545 -0.293015 -0.103843 0.014367 -0.011892 0.712002 -0.701930
1716975457.763067 9.055142 -0.287990 -0.104286 0.018408 -0.009804 0.715969 -0.697820
1716975457.855246 8.979082 -0.280488 -0.096430 0.020124 -0.004222 0.712071 -0.701806
1716975457.954709 8.888797 -0.278256 -0.093557 0.019867 -0.007243 0.708745 -0.705148
1716975458.054374 8.808983 -0.272546 -0.100804 0.019296 -0.014002 0.699895 -0.713848
1716975458.130378 8.752315 -0.269294 -0.090573 0.020729 -0.019732 0.692534 -0.720818
1716975458.193909 8.708336 -0.264307 -0.078973 0.020895 -0.015766 0.685359 -0.727735
1716975458.315784 8.594127 -0.258235 -0.086440 -0.003535 -0.015647 0.681385 -0.731749
1716975458.461865 8.473137 -0.255463 -0.099739 -0.005679 -0.014782 0.679246 -0.733740
1716975458.552972 8.419327 -0.262106 -0.112183 -0.004100 -0.015977 0.684131 -0.729173
1716975458.663133 8.324229 -0.268623 -0.101401 0.001074 -0.018243 0.692583 -0.721107
1716975458.673436 8.312768 -0.269504 -0.100756 0.000452 -0.018474 0.693466 -0.720252
1716975458.773225 8.222752 -0.268636 -0.097953 0.010878 -0.025149 0.701488 -0.712154
1716975458.935790 8.092813 -0.264480 -0.102946 0.004241 -0.010377 0.712085 -0.702003
1716975459.059393 7.992871 -0.259232 -0.091656 0.006649 -0.008683 0.709680 -0.704439
1716975459.140336 7.924378 -0.257313 -0.090760 0.011150 -0.011702 0.714324 -0.699628
1716975459.229266 7.857093 -0.253926 -0.104254 0.018391 -0.018077 0.709254 -0.704481
1716975459.289422 7.809868 -0.264650 -0.097001 0.016561 -0.032678 0.700178 -0.713028
1716975459.462340 7.640617 -0.252706 -0.068612 0.002241 -0.029335 0.685418 -0.727555
1716975459.562512 7.558996 -0.241342 -0.084794 -0.000658 -0.027946 0.681271 -0.731498
1716975459.662447 7.466935 -0.242727 -0.102664 -0.006411 -0.018796 0.675069 -0.737487
1716975459.678820 7.460455 -0.238377 -0.107243 -0.011309 -0.014975 0.676981 -0.735761
1716975459.836171 7.324611 -0.257088 -0.102872 0.005280 -0.026029 0.676952 -0.735548
1716975459.961125 7.225109 -0.250161 -0.086926 0.015722 -0.035495 0.686490 -0.726102
1716975460.059873 7.140003 -0.247574 -0.101086 0.010045 -0.026716 0.682155 -0.730651
1716975460.150840 7.076882 -0.245682 -0.093051 0.013118 -0.030141 0.689906 -0.723152
1716975460.260396 6.998743 -0.244603 -0.098935 0.006924 -0.024837 0.688560 -0.724721
1716975460.360548 6.913671 -0.243176 -0.105855 0.012213 -0.024456 0.689229 -0.724027
1716975460.377064 6.883246 -0.242582 -0.107237 0.014384 -0.024752 0.685386 -0.727617
1716975460.532919 6.757476 -0.232516 -0.104858 0.013268 -0.040392 0.677256 -0.734518
1716975460.577397 6.723369 -0.237322 -0.088981 0.017767 -0.050784 0.668682 -0.741600
1716975460.759197 6.586175 -0.246573 -0.105882 0.010562 -0.034468 0.669775 -0.741688
1716975460.827035 6.525598 -0.255092 -0.099802 0.006900 -0.035554 0.670343 -0.741167
1716975460.961771 6.412659 -0.251530 -0.096840 0.011367 -0.039263 0.678466 -0.733494
1716975461.034422 6.342332 -0.255908 -0.105686 0.009062 -0.036438 0.683049 -0.729407
1716975461.160369 6.241077 -0.260056 -0.112123 0.011876 -0.032716 0.689193 -0.723742
1716975461.260437 6.147621 -0.261751 -0.090673 0.008475 -0.029288 0.687132 -0.725892
1716975461.361096 6.057034 -0.258451 -0.094757 0.011790 -0.022456 0.691333 -0.722091
1716975461.451361 5.981730 -0.254657 -0.102476 0.007950 -0.021056 0.693560 -0.720048
1716975461.561905 5.885645 -0.255248 -0.099737 0.010503 -0.023808 0.692225 -0.721212
1716975461.571196 5.884126 -0.259417 -0.095506 0.007890 -0.024308 0.691760 -0.721676
1716975461.744384 5.754141 -0.266759 -0.082866 0.014602 -0.040580 0.675061 -0.736500
1716975461.864012 5.659258 -0.280595 -0.101783 0.007602 -0.034376 0.670698 -0.740895
1716975461.953504 5.591409 -0.292817 -0.112014 0.006163 -0.028171 0.671071 -0.740832
1716975462.034654 5.518536 -0.297742 -0.102866 -0.004274 -0.028498 0.670566 -0.741290
1716975462.161623 5.405334 -0.314946 -0.111243 0.003774 -0.040255 0.674026 -0.737600
1716975462.264734 5.310112 -0.335326 -0.095087 -0.000558 -0.033255 0.677781 -0.734511
1716975462.352084 5.232958 -0.329447 -0.101263 0.013312 -0.035067 0.677140 -0.734898
1716975462.463021 5.149985 -0.348158 -0.089579 0.005248 -0.023460 0.678560 -0.734152
1716975462.562846 5.076761 -0.337195 -0.084617 0.009785 -0.024444 0.685887 -0.727232
1716975462.653912 4.998722 -0.333730 -0.085017 0.003958 -0.020590 0.686910 -0.726440
1716975462.764474 4.915983 -0.337593 -0.076450 0.002458 -0.018241 0.683491 -0.729727
1716975462.780674 4.906095 -0.339163 -0.083570 0.007347 -0.020022 0.683375 -0.729756
1716975462.938380 4.787942 -0.338234 -0.084335 0.007714 -0.034821 0.671138 -0.740474
1716975463.055912 4.712689 -0.338785 -0.106121 0.002912 -0.037303 0.667121 -0.744009
1716975463.129652 4.650265 -0.326113 -0.111921 0.002930 -0.040765 0.663411 -0.747138
1716975463.171791 4.618530 -0.323679 -0.105948 -0.001136 -0.032735 0.661291 -0.749414
1716975463.352637 4.483826 -0.330885 -0.118278 0.006234 -0.034764 0.671409 -0.740245
1716975463.462582 4.405934 -0.350529 -0.110109 0.008747 -0.030321 0.679582 -0.732920
1716975463.561841 4.333809 -0.359395 -0.121741 0.021658 -0.034375 0.687265 -0.725270
1716975463.653061 4.263010 -0.370253 -0.099123 0.017289 -0.020923 0.700924 -0.712719
1716975463.762895 4.165321 -0.350917 -0.108890 0.020075 -0.023143 0.708836 -0.704708
1716975463.794724 4.139061 -0.330001 -0.090399 0.010963 -0.017501 0.722014 -0.691570
1716975463.928577 4.031482 -0.291684 -0.105980 0.011202 -0.020924 0.723197 -0.690234
1716975464.062131 3.928325 -0.279625 -0.098219 0.006851 -0.028876 0.716140 -0.697325
1716975464.070548 3.929518 -0.306419 -0.103217 0.018051 -0.035317 0.711495 -0.701571
1716975464.175125 3.845546 -0.295540 -0.081398 -0.002195 -0.032923 0.705358 -0.708083
1716975464.324979 3.723284 -0.294359 -0.071862 -0.006441 -0.052959 0.689893 -0.721943
1716975464.389634 3.665641 -0.292404 -0.073257 -0.013820 -0.050792 0.684814 -0.726814
1716975464.533385 3.538519 -0.265964 -0.088675 -0.001067 -0.042042 0.686012 -0.726374
1716975464.663560 3.439569 -0.263411 -0.085566 0.001328 -0.035035 0.685400 -0.727322
1716975464.690350 3.420877 -0.258906 -0.083156 0.004013 -0.043983 0.684976 -0.727226
1716975464.819986 3.315332 -0.265549 -0.064772 0.009180 -0.036669 0.694177 -0.718811
1716975464.971423 3.187634 -0.250273 -0.068254 0.019189 -0.035945 0.700441 -0.712547
1716975465.060584 3.117467 -0.239586 -0.076208 0.015519 -0.025008 0.703828 -0.709760
1716975465.150710 3.045032 -0.240573 -0.082906 0.015748 -0.028060 0.701042 -0.712394
1716975465.251629 2.951636 -0.237888 -0.088151 0.020656 -0.036301 0.698735 -0.714160
1716975465.361401 2.855116 -0.208752 -0.079630 0.017672 -0.033674 0.685395 -0.727177
1716975465.460861 2.772275 -0.202875 -0.070308 0.011611 -0.031565 0.686522 -0.726331
1716975465.560815 2.693087 -0.208217 -0.063534 0.016575 -0.032289 0.675562 -0.736409
1716975465.585930 2.676876 -0.205068 -0.071553 0.004204 -0.021195 0.679098 -0.733729
1716975465.724751 2.570325 -0.204784 -0.096081 0.007103 -0.023094 0.677676 -0.734964
1716975465.861013 2.464661 -0.218026 -0.083776 0.013290 -0.031463 0.685342 -0.727420
1716975465.919577 2.411801 -0.218573 -0.085341 0.020983 -0.034261 0.688794 -0.723843
1716975466.047872 2.305486 -0.234239 -0.081991 0.024094 -0.031347 0.693735 -0.719144
1716975466.090039 2.268984 -0.225428 -0.076925 0.032543 -0.033483 0.699991 -0.712624
1716975466.260306 2.120859 -0.215247 -0.086794 0.030100 -0.023566 0.698911 -0.714186
1716975466.362275 2.037752 -0.197000 -0.092536 0.030304 -0.028101 0.696475 -0.716390
1716975466.460845 1.967532 -0.184624 -0.092258 0.028551 -0.034057 0.688161 -0.724196
1716975466.551787 1.902328 -0.174278 -0.078274 0.023520 -0.036041 0.681416 -0.730630
1716975466.662211 1.814635 -0.163637 -0.067172 0.015906 -0.035654 0.673816 -0.737867
1716975466.724154 1.763815 -0.159385 -0.069546 0.012220 -0.038710 0.665298 -0.745473
1716975466.797574 1.709308 -0.151780 -0.071834 0.003543 -0.035179 0.659468 -0.750900
1716975466.967892 1.589188 -0.150593 -0.072257 0.013333 -0.037409 0.656510 -0.753271
1716975466.995792 1.573041 -0.148269 -0.068012 0.015988 -0.038973 0.652739 -0.756411
1716975467.112043 1.482304 -0.152245 -0.070747 0.027211 -0.048479 0.654473 -0.754039
1716975467.264154 1.372133 -0.154345 -0.067792 0.031401 -0.050243 0.651130 -0.756650
1716975467.361848 1.311539 -0.150309 -0.062768 0.035945 -0.042730 0.641532 -0.765062
1716975467.462048 1.246330 -0.152007 -0.074073 0.040469 -0.036457 0.634986 -0.770601
1716975467.552763 1.193507 -0.156628 -0.077191 0.037839 -0.031198 0.626687 -0.777726
1716975467.654070 1.127551 -0.181592 -0.078369 0.036499 -0.028502 0.602779 -0.796564
1716975467.762969 1.062302 -0.195977 -0.077722 0.038645 -0.034553 0.588886 -0.806552
1716975467.865566 1.006042 -0.207483 -0.083314 0.028820 -0.035256 0.566314 -0.822931
1716975467.962447 0.943536 -0.207136 -0.090850 0.030848 -0.046842 0.543676 -0.837419
1716975467.971059 0.939964 -0.200376 -0.093611 0.027922 -0.052220 0.543687 -0.837196
1716975468.070137 0.875496 -0.202582 -0.097818 0.024103 -0.053032 0.524229 -0.849582
1716975468.225982 0.783990 -0.211986 -0.102920 0.012592 -0.037209 0.490719 -0.870432
1716975468.334965 0.713694 -0.229032 -0.097642 0.009303 -0.033955 0.467390 -0.883350
1716975468.443118 0.657408 -0.244589 -0.094894 0.010006 -0.032074 0.444395 -0.895201
1716975468.563846 0.585780 -0.265510 -0.107776 0.020333 -0.032397 0.412076 -0.910346
1716975468.661866 0.552602 -0.282479 -0.100743 0.027687 -0.036530 0.383531 -0.922390
1716975468.753100 0.519041 -0.310125 -0.106132 0.027524 -0.032479 0.352160 -0.934971
1716975468.826087 0.501473 -0.339203 -0.104635 0.033612 -0.030324 0.337082 -0.940386
1716975468.887748 0.482516 -0.337243 -0.089044 0.033281 -0.020341 0.317629 -0.947412
1716975469.062975 0.444359 -0.372811 -0.091474 0.033603 -0.007887 0.254218 -0.966531
1716975469.069995 0.429885 -0.372269 -0.084904 0.032296 -0.007618 0.249863 -0.967713
1716975469.232876 0.386262 -0.412382 -0.081876 0.032736 -0.001105 0.175939 -0.983856
1716975469.364072 0.333630 -0.409756 -0.099131 0.041327 -0.010425 0.102541 -0.993815
