1716975723.771845 -0.005064 -0.017486 -0.010502 -0.001737 0.002522 -0.002155 0.999993
1716975723.953176 0.012317 -0.014023 -0.013724 0.002075 -0.002014 0.003835 0.999988
1716975724.061708 0.025946 -0.028035 -0.023706 0.006684 -0.007722 0.003916 0.999940
1716975724.153657 0.041079 -0.057973 -0.043392 0.010501 -0.010481 -0.004613 0.999879
1716975724.261549 0.038378 -0.078784 -0.051827 0.009667 -0.011530 -0.009900 0.999838
1716975724.352444 0.042697 -0.095085 -0.053655 0.014835 -0.011485 -0.008278 0.999790
1716975724.461128 0.031499 -0.126643 -0.059854 0.016017 -0.014010 -0.021676 0.999539
1716975724.521496 0.027793 -0.144794 -0.068559 0.012453 -0.012445 -0.014603 0.999738
1716975724.592290 0.017121 -0.173099 -0.065569 0.003338 -0.007522 -0.023080 0.999700
1716975724.753506 0.002316 -0.219240 -0.059858 -0.000951 0.003421 -0.014855 0.999883
1716975724.770756 -0.003738 -0.228624 -0.064444 -0.009427 0.011484 -0.010503 0.999834
1716975724.943781 -0.023664 -0.291729 -0.071397 -0.000265 0.007990 -0.010473 0.999913
1716975725.060621 -0.031533 -0.361417 -0.077641 0.003255 0.003454 -0.014891 0.999878
1716975725.168375 -0.028036 -0.423409 -0.078225 -0.001132 0.001134 -0.021199 0.999774
1716975725.241701 -0.021061 -0.470609 -0.081399 -0.003701 -0.001612 -0.022999 0.999727
1716975725.351285 -0.001949 -0.523526 -0.080669 -0.009343 -0.004014 -0.028426 0.999544
1716975725.377989 0.004708 -0.529613 -0.091849 -0.008390 -0.005208 -0.027724 0.999567
1716975725.524908 0.021010 -0.602047 -0.089204 -0.014131 -0.012645 -0.031546 0.999322
1716975725.586755 0.024917 -0.651039 -0.094624 -0.004692 -0.016589 -0.025481 0.999527
1716975725.734169 0.019049 -0.763539 -0.120506 -0.000009 -0.018610 -0.011690 0.999758
1716975725.777877 0.043136 -0.773603 -0.123059 0.007541 -0.019813 0.000740 0.999775
1716975725.958520 0.019024 -0.881007 -0.140662 -0.004939 -0.020951 0.033256 0.999215
1716975726.053194 0.062035 -0.935337 -0.154748 -0.002571 -0.017321 0.060159 0.998035
1716975726.166540 0.099335 -1.000361 -0.154647 -0.010826 -0.014503 0.084666 0.996245
1716975726.225875 0.109024 -1.036075 -0.161780 -0.014105 -0.015291 0.100660 0.994703
1716975726.362162 0.109026 -1.163734 -0.184483 -0.009663 -0.018828 0.129415 0.991365
1716975726.452924 0.118601 -1.248902 -0.187393 -0.004355 -0.022682 0.146505 0.988940
1716975726.472579 0.123818 -1.242003 -0.188650 -0.002023 -0.023686 0.161665 0.986559
1716975726.654241 0.169811 -1.349267 -0.202686 -0.001617 -0.032824 0.194613 0.980330
1716975726.723674 0.224148 -1.380364 -0.196014 -0.000800 -0.038183 0.205489 0.977914
1716975726.798696 0.256630 -1.425065 -0.200357 -0.000968 -0.039986 0.212962 0.976241
1716975726.952671 0.353217 -1.499498 -0.201599 0.008673 -0.056278 0.261510 0.963520
1716975726.996305 0.373748 -1.526973 -0.207535 0.007201 -0.057398 0.272047 0.960543
1716975727.127379 0.437828 -1.622293 -0.234632 0.004742 -0.062726 0.298792 0.952243
1716975727.252167 0.476732 -1.714481 -0.259717 0.005384 -0.058164 0.306100 0.950206
1716975727.362458 0.497163 -1.801096 -0.255444 0.001911 -0.056466 0.308489 0.949549
1716975727.455134 0.512361 -1.851436 -0.249435 0.009129 -0.050863 0.310819 0.949063
1716975727.489746 0.527386 -1.895629 -0.255468 0.014172 -0.045362 0.301203 0.952375
1716975727.635153 0.565301 -1.969965 -0.278727 0.015337 -0.039692 0.291506 0.955622
1716975727.673999 0.575902 -2.012311 -0.277113 0.009173 -0.037622 0.281237 0.958857
1716975727.770579 0.604809 -2.091494 -0.301071 0.003907 -0.042868 0.273544 0.960896
1716975727.945277 0.692439 -2.221401 -0.315917 0.002037 -0.048706 0.285064 0.957268
1716975728.065307 0.761683 -2.284755 -0.328483 0.006659 -0.047395 0.309492 0.949697
1716975728.157732 0.814656 -2.343594 -0.329128 0.000738 -0.053288 0.337268 0.939899
1716975728.228511 0.848558 -2.382866 -0.328529 -0.002474 -0.055478 0.366056 0.928934
1716975728.343688 0.890499 -2.447271 -0.335573 -0.010486 -0.051822 0.396710 0.916420
1716975728.433842 0.925544 -2.518127 -0.335942 -0.014475 -0.052980 0.426547 0.902796
1716975728.488429 0.978168 -2.529442 -0.346918 -0.011743 -0.048609 0.454603 0.889289
1716975728.571687 1.005997 -2.561867 -0.346504 -0.004206 -0.052691 0.480097 0.875622
1716975728.670500 1.064860 -2.589014 -0.356008 0.001837 -0.051949 0.512977 0.856827
1716975728.779292 1.143488 -2.616480 -0.376459 0.010819 -0.055424 0.538558 0.840694
1716975728.910926 1.236706 -2.673554 -0.382448 0.005331 -0.076614 0.560102 0.824856
1716975729.052740 1.331526 -2.700267 -0.377595 0.010400 -0.080804 0.585341 0.806683
1716975729.161645 1.413307 -2.724240 -0.367575 0.013670 -0.082511 0.603390 0.793049
1716975729.179740 1.422641 -2.725644 -0.369840 0.017195 -0.079451 0.610655 0.787713
1716975729.333412 1.531582 -2.762555 -0.384662 0.023237 -0.085935 0.639614 0.763524
1716975729.462610 1.627057 -2.776786 -0.382106 0.020856 -0.088341 0.661691 0.744262
1716975729.493948 1.667423 -2.781962 -0.394540 0.015903 -0.088612 0.671030 0.735944
1716975729.655952 1.798720 -2.810852 -0.399801 0.027180 -0.080218 0.688818 0.719969
1716975729.691709 1.814180 -2.820163 -0.396495 0.021641 -0.082656 0.690765 0.718013
1716975729.860733 1.927785 -2.849254 -0.398715 0.025388 -0.078545 0.701020 0.708348
1716975729.962883 1.994233 -2.871229 -0.396210 0.019912 -0.081712 0.701855 0.707337
1716975730.036848 2.037709 -2.884903 -0.392044 0.019031 -0.085780 0.702558 0.706181
1716975730.160381 2.128358 -2.890651 -0.384702 0.019086 -0.087428 0.702751 0.705785
1716975730.260324 2.203535 -2.888168 -0.390302 0.020428 -0.083898 0.695190 0.713621
1716975730.351924 2.269081 -2.906128 -0.387900 0.025090 -0.088400 0.695721 0.712410
1716975730.460905 2.341562 -2.929350 -0.401115 0.031998 -0.082640 0.695908 0.712643
1716975730.552678 2.423096 -2.955343 -0.410354 0.028301 -0.079337 0.700818 0.708349
1716975730.660877 2.517084 -2.968175 -0.400843 0.019921 -0.079624 0.701832 0.707598
1716975730.760691 2.615686 -2.984842 -0.412072 0.012714 -0.079602 0.710279 0.699289
1716975730.860566 2.702351 -3.000761 -0.420999 0.019553 -0.070461 0.714614 0.695687
1716975730.951995 2.774850 -3.009691 -0.415088 0.016521 -0.071950 0.717126 0.693023
1716975731.060072 2.853140 -3.016183 -0.417784 0.020595 -0.068162 0.720190 0.690113
1716975731.069038 2.853637 -3.020333 -0.420633 0.019161 -0.067439 0.717580 0.692939
1716975731.263155 3.010223 -3.005929 -0.427538 0.019998 -0.068749 0.712980 0.697519
1716975731.333054 3.056121 -3.011190 -0.426864 0.015753 -0.077405 0.707530 0.702255
1716975731.461622 3.123880 -3.000262 -0.411668 0.034911 -0.082311 0.695801 0.712648
1716975731.562197 3.227467 -3.010563 -0.419651 0.032607 -0.081171 0.689158 0.719312
1716975731.664737 3.311971 -3.019452 -0.411524 0.036993 -0.083674 0.683384 0.724304
1716975731.753879 3.381718 -3.024720 -0.402958 0.034437 -0.087354 0.684988 0.722478
1716975731.861934 3.468045 -3.038424 -0.397546 0.029613 -0.086009 0.686854 0.721081
1716975731.939080 3.526694 -3.042347 -0.391138 0.012059 -0.093358 0.691215 0.716492
1716975732.061296 3.614684 -3.050143 -0.393949 0.012209 -0.085232 0.698503 0.710409
1716975732.161256 3.683302 -3.054710 -0.399274 0.008623 -0.083657 0.702229 0.706967
1716975732.251847 3.735247 -3.057866 -0.410481 0.014801 -0.076595 0.704712 0.705192
1716975732.353398 3.810320 -3.059209 -0.432459 0.016162 -0.077672 0.699996 0.709727
1716975732.398831 3.835405 -3.056479 -0.431132 0.013022 -0.080376 0.699917 0.709568
1716975732.482970 3.910957 -3.057829 -0.428916 0.008023 -0.089054 0.692802 0.715563
1716975732.662691 4.061723 -3.052161 -0.427948 0.025571 -0.086860 0.680200 0.727413
1716975732.753874 4.150078 -3.054763 -0.447624 0.022282 -0.085593 0.681751 0.726218
1716975732.863401 4.227756 -3.047794 -0.451499 0.032682 -0.079529 0.677018 0.730927
1716975732.872208 4.198739 -3.039176 -0.435117 0.043608 -0.079538 0.678414 0.729058
1716975733.056817 4.345809 -3.053329 -0.438820 0.032078 -0.069366 0.684935 0.724585
1716975733.162791 4.430912 -3.062277 -0.418333 0.014302 -0.078944 0.693802 0.715683
1716975733.236380 4.497783 -3.063047 -0.424763 0.016329 -0.071687 0.698657 0.711669
1716975733.343873 4.580219 -3.060891 -0.415514 0.019936 -0.075722 0.706854 0.703012
1716975733.398738 4.617679 -3.061471 -0.413044 0.020401 -0.065267 0.710469 0.700399
1716975733.525313 4.726772 -3.057724 -0.428439 0.017720 -0.059325 0.705019 0.706480
1716975733.589435 4.771724 -3.050607 -0.436259 0.016974 -0.076530 0.696873 0.712898
1716975733.727463 4.871291 -3.036636 -0.423462 0.034903 -0.084841 0.680490 0.726992
1716975733.779747 4.926310 -3.038341 -0.435716 0.034967 -0.089199 0.674364 0.732157
1716975733.943729 5.077870 -3.036093 -0.441746 0.049689 -0.069689 0.664916 0.741998
1716975733.987592 5.109954 -3.035110 -0.440370 0.052389 -0.065720 0.666906 0.740387
1716975734.125436 5.221095 -3.039472 -0.437261 0.046943 -0.067886 0.667272 0.740227
1716975734.188015 5.258382 -3.040120 -0.442274 0.046595 -0.071690 0.665888 0.741136
1716975734.342861 5.388202 -3.048033 -0.438715 0.024317 -0.073305 0.682324 0.726959
1716975734.370483 5.405586 -3.046907 -0.429810 0.010637 -0.077521 0.684561 0.724744
1716975734.534595 5.549377 -3.047032 -0.429749 0.023917 -0.070943 0.700466 0.709748
1716975734.655327 5.639930 -3.047953 -0.453358 0.021625 -0.072431 0.703474 0.706690
1716975734.761431 5.736521 -3.038528 -0.421662 0.021862 -0.077253 0.693042 0.716412
1716975734.777855 5.762776 -3.037759 -0.448440 0.013703 -0.082474 0.694575 0.714546
1716975734.939643 5.903824 -3.030654 -0.457137 0.035145 -0.078768 0.678140 0.729854
1716975735.036491 5.991958 -3.027080 -0.485323 0.042169 -0.075013 0.675571 0.732256
1716975735.069608 5.998959 -3.025224 -0.465749 0.050710 -0.073750 0.668332 0.738459
1716975735.202041 6.099845 -3.027144 -0.460382 0.049264 -0.065350 0.669164 0.738595
1716975735.298613 6.177681 -3.027824 -0.431195 0.036087 -0.070194 0.676295 0.732390
1716975735.403956 6.247709 -3.041132 -0.428716 0.023423 -0.071451 0.688733 0.721106
1716975735.549099 6.356070 -3.046162 -0.418281 0.026038 -0.064827 0.698310 0.712378
1716975735.624788 6.425436 -3.046100 -0.431760 0.029758 -0.056664 0.707058 0.704254
1716975735.686350 6.484361 -3.050377 -0.431054 0.027335 -0.051490 0.709020 0.702775
1716975735.827984 6.599741 -3.041840 -0.440506 0.021727 -0.054668 0.699828 0.711885
1716975735.956274 6.718914 -3.039194 -0.438727 0.025122 -0.058418 0.691194 0.719866
1716975736.019525 6.758567 -3.033648 -0.430920 0.021918 -0.063547 0.686180 0.724319
1716975736.092745 6.802749 -3.030887 -0.421067 0.030780 -0.071429 0.679769 0.729291
1716975736.251584 6.930160 -3.027258 -0.433762 0.044413 -0.067394 0.673412 0.734848
1716975736.361064 7.025366 -3.023269 -0.442844 0.047560 -0.062260 0.678434 0.730472
1716975736.397815 7.063353 -3.025286 -0.447658 0.044125 -0.063379 0.675391 0.733405
1716975736.550046 7.205690 -3.027146 -0.447745 0.037789 -0.063372 0.681172 0.728396
1716975736.660877 7.297859 -3.051907 -0.453117 0.026948 -0.063013 0.690304 0.720266
1716975736.743618 7.351492 -3.049270 -0.442317 0.028200 -0.063416 0.698772 0.711970
1716975736.835485 7.444814 -3.055081 -0.448957 0.030047 -0.059017 0.702335 0.708759
1716975736.938991 7.546150 -3.051318 -0.428418 0.033817 -0.060102 0.702064 0.708766
1716975737.052345 7.655955 -3.058842 -0.437773 0.026554 -0.060295 0.700055 0.711044
1716975737.161427 7.742221 -3.045052 -0.422039 0.025701 -0.069108 0.691408 0.718692
1716975737.261748 7.816657 -3.021958 -0.446179 0.021352 -0.078119 0.679084 0.729580
1716975737.289326 7.832600 -3.023841 -0.436528 0.021381 -0.079108 0.679750 0.728852
1716975737.426784 7.928294 -3.032590 -0.430871 0.024300 -0.073320 0.668643 0.739560
1716975737.565220 8.055071 -3.054782 -0.452466 0.036122 -0.071275 0.671695 0.736505
1716975737.664196 8.137437 -3.058586 -0.440455 0.032633 -0.073677 0.676820 0.731725
1716975737.753743 8.235142 -3.074505 -0.468875 0.031652 -0.072182 0.685379 0.723908
1716975737.771495 8.235856 -3.069937 -0.450978 0.033427 -0.071766 0.678477 0.730343
1716975737.964507 8.409327 -3.098120 -0.474028 0.019951 -0.068887 0.698823 0.711690
1716975738.033070 8.470733 -3.107738 -0.467853 0.022173 -0.067039 0.697063 0.713525
1716975738.162801 8.575232 -3.120607 -0.479949 0.021036 -0.062577 0.695414 0.715571
1716975738.211509 8.608015 -3.115737 -0.452880 0.024119 -0.062260 0.690974 0.719790
1716975738.362678 8.721539 -3.093374 -0.452631 0.020217 -0.082279 0.675645 0.732342
1716975738.463204 8.789359 -3.079654 -0.454610 0.032786 -0.083414 0.659332 0.746491
1716975738.563203 8.851940 -3.078571 -0.452061 0.031273 -0.082187 0.662970 0.743464
1716975738.598276 8.883965 -3.075299 -0.453398 0.039243 -0.080242 0.656223 0.749261
1716975738.724863 8.990676 -3.081639 -0.479726 0.042834 -0.070783 0.657946 0.748507
1716975738.843995 9.093656 -3.091260 -0.462533 0.031438 -0.073185 0.664760 0.742799
1716975738.953395 9.194926 -3.096516 -0.466950 0.018999 -0.076073 0.674878 0.733752
1716975739.060534 9.293819 -3.108795 -0.470130 0.020104 -0.067307 0.680031 0.729810
1716975739.152601 9.377068 -3.127374 -0.489567 0.014380 -0.067674 0.690866 0.719665
1716975739.187263 9.398324 -3.135835 -0.493295 0.019996 -0.063286 0.694404 0.716518
1716975739.315116 9.494772 -3.142222 -0.484102 0.024494 -0.054249 0.691509 0.719911
1716975739.461920 9.604755 -3.113585 -0.463735 0.025502 -0.064231 0.677949 0.731853
1716975739.561994 9.670966 -3.110589 -0.488906 0.025254 -0.073758 0.671349 0.737029
1716975739.571442 9.661338 -3.114137 -0.489900 0.034810 -0.064714 0.677994 0.731385
1716975739.745068 9.794920 -3.111481 -0.477128 0.039361 -0.068811 0.656542 0.750112
1716975739.860920 9.905306 -3.114594 -0.487759 0.042593 -0.064887 0.644985 0.760243
1716975739.960391 9.991358 -3.122099 -0.478008 0.042303 -0.063349 0.645497 0.759955
1716975740.061383 10.072865 -3.129713 -0.465214 0.038324 -0.066454 0.644269 0.760942
1716975740.136775 10.145068 -3.144244 -0.473802 0.032881 -0.069056 0.650397 0.755734
1716975740.251114 10.255863 -3.176014 -0.475857 0.031974 -0.066130 0.652308 0.754386
1716975740.360558 10.351689 -3.192694 -0.470514 0.029331 -0.058028 0.665924 0.743181
1716975740.460496 10.435312 -3.195842 -0.484559 0.026295 -0.056453 0.663681 0.745419
1716975740.553058 10.516033 -3.202251 -0.502717 0.023813 -0.057654 0.664036 0.745094
1716975740.661540 10.592856 -3.178911 -0.489939 0.020182 -0.062478 0.660018 0.748376
1716975740.760740 10.675002 -3.185706 -0.474103 0.014930 -0.069467 0.652280 0.754640
1716975740.862197 10.776052 -3.226410 -0.492493 0.023017 -0.070113 0.635581 0.768499
1716975740.944763 10.847082 -3.253128 -0.500643 0.019051 -0.074509 0.632048 0.771103
1716975741.059894 10.931084 -3.274120 -0.502290 0.029817 -0.070279 0.626852 0.775389
1716975741.094238 10.963795 -3.263237 -0.512564 0.034229 -0.066842 0.627748 0.774786
1716975741.224811 11.046965 -3.239709 -0.513337 0.029820 -0.073731 0.635165 0.768271
1716975741.351913 11.155772 -3.277909 -0.516494 0.015458 -0.070236 0.645829 0.760087
1716975741.461418 11.232132 -3.282311 -0.505530 0.014480 -0.066117 0.653318 0.754052
1716975741.561928 11.316843 -3.306491 -0.507715 0.007006 -0.062852 0.656846 0.751368
1716975741.655883 11.387588 -3.317599 -0.509357 0.011576 -0.060993 0.658886 0.749677
1716975741.759562 11.486511 -3.335606 -0.500680 0.013590 -0.062212 0.649012 0.758108
1716975741.771873 11.509795 -3.356129 -0.488240 0.012214 -0.055360 0.653149 0.755105
1716975741.961055 11.677920 -3.383880 -0.468384 0.012264 -0.078750 0.631899 0.770942
1716975742.061040 11.785799 -3.382178 -0.485264 0.021259 -0.084331 0.617363 0.781856
1716975742.161652 11.859499 -3.360716 -0.481226 0.025922 -0.085666 0.610416 0.787008
1716975742.252405 11.924036 -3.349183 -0.499038 0.029714 -0.080203 0.602549 0.793485
1716975742.362031 12.007644 -3.351389 -0.535116 0.028299 -0.073830 0.601675 0.794818
1716975742.453554 12.066051 -3.370719 -0.551084 0.024023 -0.074737 0.600274 0.795933
1716975742.471669 12.081705 -3.372132 -0.557214 0.015437 -0.075923 0.601544 0.795074
1716975742.654198 12.208049 -3.398805 -0.553247 0.020375 -0.070499 0.601630 0.795397
1716975742.686365 12.244788 -3.421608 -0.549808 0.014835 -0.071926 0.602769 0.794529
1716975742.837253 12.338954 -3.446126 -0.543975 0.016966 -0.061218 0.600981 0.796735
1716975742.958466 12.444880 -3.464191 -0.528942 0.011591 -0.063594 0.589197 0.805400
1716975743.059682 12.532162 -3.477169 -0.521609 0.006660 -0.066048 0.577439 0.813731
1716975743.126218 12.591429 -3.485685 -0.519158 0.001717 -0.074166 0.566544 0.820685
1716975743.215562 12.657453 -3.514815 -0.523354 0.000669 -0.075605 0.550039 0.831709
1716975743.296882 12.714190 -3.519259 -0.531591 0.000182 -0.086129 0.538111 0.838462
1716975743.462491 12.824259 -3.547781 -0.566064 0.020491 -0.073000 0.526579 0.846738
1716975743.564653 12.874820 -3.591536 -0.578694 0.016114 -0.071602 0.517543 0.852504
1716975743.662437 12.917853 -3.617580 -0.556244 0.019965 -0.066378 0.498887 0.863891
1716975743.753587 12.965392 -3.663781 -0.525639 -0.000452 -0.069281 0.488411 0.869859
1716975743.862019 13.012396 -3.677420 -0.543021 0.009557 -0.062486 0.466359 0.882334
1716975743.956080 13.044878 -3.701130 -0.530315 0.006604 -0.057238 0.447344 0.892504
1716975744.052903 13.078136 -3.735852 -0.539884 0.012643 -0.058912 0.420928 0.905091
1716975744.143029 13.139971 -3.815772 -0.547959 0.009294 -0.057724 0.386225 0.920550
1716975744.261366 13.198268 -3.884073 -0.575053 0.000856 -0.061192 0.348833 0.935185
1716975744.361532 13.218499 -3.954717 -0.594162 -0.001011 -0.063954 0.308117 0.949196
1716975744.461708 13.240435 -3.994033 -0.579199 0.006996 -0.062642 0.273788 0.959723
1716975744.562150 13.242656 -3.993570 -0.602157 0.013667 -0.058367 0.246028 0.967407
1716975744.653243 13.247498 -4.009345 -0.616552 0.017638 -0.054358 0.221033 0.973591
1716975744.761227 13.256007 -4.049104 -0.609223 0.015029 -0.044588 0.204570 0.977720
1716975744.852237 13.263083 -4.089118 -0.612733 0.007654 -0.040209 0.194863 0.979976
1716975744.962736 13.265909 -4.134621 -0.604337 0.007588 -0.033301 0.179627 0.983142
1716975745.054532 13.271461 -4.188154 -0.614702 0.006117 -0.028645 0.167317 0.985468
1716975745.136298 13.269497 -4.226226 -0.626926 0.006056 -0.028078 0.155679 0.987390
1716975745.259507 13.291684 -4.298457 -0.639395 0.009592 -0.026701 0.135244 0.990406
1716975745.353226 13.309765 -4.330766 -0.643194 0.010307 -0.023647 0.118126 0.992663
1716975745.460960 13.334520 -4.386637 -0.650095 0.006769 -0.031167 0.096589 0.994813
1716975745.552052 13.349090 -4.432274 -0.664124 0.003846 -0.034232 0.083337 0.995926
1716975745.660645 13.369249 -4.489147 -0.664505 0.005330 -0.041517 0.089378 0.995118
1716975745.752395 13.382220 -4.527663 -0.667718 0.001341 -0.041955 0.104074 0.993683
1716975745.864242 13.408522 -4.574678 -0.673363 -0.002478 -0.043163 0.136679 0.989671
1716975745.936861 13.432421 -4.619894 -0.680711 -0.001180 -0.039386 0.164732 0.985551
1716975746.001968 13.430382 -4.653578 -0.690610 -0.009491 -0.038972 0.191959 0.980583
1716975746.108519 13.469394 -4.745417 -0.691987 -0.006894 -0.027912 0.258819 0.965498
1716975746.170019 13.489515 -4.787567 -0.687046 -0.016458 -0.021790 0.297238 0.954413
1716975746.360412 13.567497 -4.897683 -0.700748 0.003403 -0.031561 0.381119 0.923981
1716975746.460756 13.601003 -4.951556 -0.709999 0.009126 -0.040112 0.403582 0.914018
1716975746.552511 13.631434 -4.970592 -0.728143 0.028196 -0.041161 0.415407 0.908267
1716975746.653518 13.671426 -4.997122 -0.716887 0.018286 -0.040777 0.425335 0.903932
1716975746.762177 13.717637 -5.031487 -0.728292 0.037422 -0.045462 0.428849 0.901455
1716975746.778891 13.729374 -5.025033 -0.729872 0.024265 -0.042198 0.425012 0.903878
1716975746.936581 13.797339 -5.063172 -0.735473 0.039100 -0.044977 0.444713 0.893688
1716975747.061025 13.845103 -5.088601 -0.744541 0.038315 -0.045867 0.459662 0.886081
1716975747.160991 13.892383 -5.117804 -0.755966 0.032690 -0.049600 0.469735 0.880807
1716975747.261683 13.936955 -5.133065 -0.773057 0.030635 -0.046007 0.480787 0.875094
1716975747.352576 13.982142 -5.173705 -0.769815 0.022235 -0.043446 0.485514 0.872866
1716975747.462302 14.030345 -5.214732 -0.777461 0.016551 -0.040703 0.491936 0.869522
1716975747.553985 14.063440 -5.238084 -0.776113 0.016343 -0.038468 0.491209 0.870038
1716975747.571948 14.066759 -5.245274 -0.769259 0.019054 -0.038702 0.492588 0.869193
1716975747.753473 14.152110 -5.285982 -0.771120 0.019427 -0.043730 0.485819 0.872749
1716975747.858194 14.204993 -5.310460 -0.779963 0.020341 -0.048214 0.476219 0.877768
1716975747.958656 14.266070 -5.324543 -0.789605 0.017011 -0.057272 0.471890 0.879631
1716975748.057791 14.323006 -5.346898 -0.790564 0.025925 -0.062414 0.455241 0.887800
1716975748.125954 14.359910 -5.359145 -0.790747 0.026078 -0.070673 0.453580 0.888026
1716975748.261730 14.439971 -5.356194 -0.806991 0.031853 -0.068302 0.448922 0.890387
1716975748.313474 14.464768 -5.364131 -0.796543 0.033409 -0.062975 0.450421 0.889966
1716975748.453063 14.542988 -5.415112 -0.803597 0.025396 -0.065187 0.464019 0.883058
1716975748.562379 14.601705 -5.452768 -0.794468 0.026423 -0.063610 0.477392 0.875987
1716975748.653635 14.664090 -5.478000 -0.775102 0.008251 -0.067921 0.494889 0.866258
1716975748.762119 14.712388 -5.494476 -0.787304 0.022664 -0.057736 0.504653 0.861091
1716975748.861817 14.759672 -5.515383 -0.784005 0.015812 -0.058252 0.512591 0.856509
1716975748.957087 14.807220 -5.564395 -0.783580 0.019762 -0.053301 0.514794 0.855427
1716975749.061131 14.872462 -5.604331 -0.795604 0.016091 -0.054243 0.507170 0.859987
1716975749.161361 14.935197 -5.654389 -0.791586 0.014691 -0.057299 0.497353 0.865529
1716975749.261407 15.008721 -5.682776 -0.794190 0.016368 -0.064795 0.482115 0.873556
1716975749.352155 15.073158 -5.714429 -0.794773 0.026184 -0.065430 0.462271 0.883934
1716975749.370739 15.081624 -5.700065 -0.801507 0.024550 -0.069063 0.454462 0.887745
1716975749.552679 15.189651 -5.727024 -0.812827 0.029756 -0.064847 0.430557 0.899739
1716975749.596520 15.214566 -5.742487 -0.822394 0.031538 -0.063731 0.428818 0.900588
1716975749.717645 15.298573 -5.774753 -0.836718 0.024124 -0.068533 0.419335 0.904920
1716975749.860485 15.380207 -5.829802 -0.835865 0.017990 -0.068954 0.418857 0.905252
1716975749.959933 15.428062 -5.846574 -0.819122 0.023313 -0.063686 0.409373 0.909843
1716975750.062072 15.493565 -5.891399 -0.813214 0.018453 -0.062056 0.408585 0.910421
1716975750.150822 15.533069 -5.932547 -0.806453 0.026192 -0.055464 0.397817 0.915412
1716975750.260032 15.604224 -5.985779 -0.819536 0.022184 -0.052966 0.381478 0.922592
1716975750.360042 15.663732 -6.054755 -0.827584 0.014904 -0.054418 0.351885 0.934341
1716975750.460173 15.718410 -6.052999 -0.837967 0.019794 -0.055914 0.326206 0.943436
1716975750.551883 15.755483 -6.045113 -0.834728 0.022123 -0.053302 0.294348 0.953954
1716975750.660502 15.810394 -6.063534 -0.849866 0.026841 -0.056360 0.289772 0.955058
1716975750.760474 15.857802 -6.061856 -0.849372 0.022326 -0.053505 0.270438 0.960990
1716975750.860453 15.905242 -6.098056 -0.839917 0.025205 -0.053724 0.266908 0.961893
1716975750.962520 15.951162 -6.124195 -0.845469 0.022108 -0.053493 0.256147 0.964903
1716975751.036983 15.979290 -6.152921 -0.853868 0.018775 -0.049839 0.252979 0.966005
1716975751.159695 16.035776 -6.224291 -0.846984 0.015324 -0.049114 0.248317 0.967311
1716975751.250851 16.069871 -6.265164 -0.866833 0.014007 -0.046946 0.241588 0.969141
1716975751.360380 16.119215 -6.321947 -0.871311 0.019936 -0.039861 0.241006 0.969500
1716975751.451938 16.154318 -6.358617 -0.878506 0.015316 -0.037060 0.228528 0.972711
1716975751.561690 16.187769 -6.402609 -0.884960 0.019894 -0.034965 0.214343 0.975930
1716975751.661794 16.219966 -6.446555 -0.892907 0.017763 -0.036245 0.196003 0.979772
1716975751.753813 16.255495 -6.483987 -0.896675 0.021011 -0.031252 0.175618 0.983738
1716975751.861482 16.308184 -6.530128 -0.903452 0.011985 -0.040383 0.155379 0.986956
1716975751.939470 16.342398 -6.556850 -0.914271 0.019872 -0.041167 0.139386 0.989182
1716975751.971308 16.363615 -6.584260 -0.904519 0.011480 -0.050121 0.125217 0.990796
1716975752.143159 16.428994 -6.659301 -0.905331 0.028617 -0.043868 0.114671 0.992022
1716975752.170721 16.446591 -6.682113 -0.915822 0.032258 -0.037149 0.110976 0.992605
1716975752.352455 16.495939 -6.766242 -0.935002 0.028474 -0.032876 0.114619 0.992457
1716975752.462178 16.523526 -6.865473 -0.939237 0.015699 -0.028064 0.129662 0.991037
1716975752.562320 16.547195 -6.928519 -0.943545 0.034063 -0.021180 0.129166 0.990811
1716975752.653952 16.572380 -6.983835 -0.958170 0.025959 -0.017099 0.134675 0.990402
1716975752.753545 16.582552 -7.028255 -0.973844 0.036336 -0.011858 0.126174 0.991272
1716975752.788482 16.584384 -7.046038 -0.980171 0.038208 -0.005607 0.130483 0.990698
1716975752.945354 16.619999 -7.127714 -1.002912 0.035096 -0.002591 0.095893 0.994769
1716975753.031773 16.643480 -7.169523 -1.013491 0.033308 -0.005666 0.076415 0.996503
1716975753.161917 16.700753 -7.257459 -1.016237 0.030766 -0.006893 0.054094 0.998038
1716975753.170877 16.708458 -7.248974 -1.013602 0.035924 -0.001564 0.050330 0.998085
1716975753.352639 16.786018 -7.354145 -1.024930 0.026825 -0.008036 0.026334 0.999261
1716975753.371158 16.800943 -7.358965 -1.021689 0.028327 -0.012411 0.017983 0.999360
1716975753.552764 16.862185 -7.449233 -1.042395 0.020396 -0.005097 0.007555 0.999750
1716975753.665421 16.883480 -7.523410 -1.063999 0.009817 -0.001239 0.013012 0.999866
1716975753.715880 16.884917 -7.549700 -1.060811 0.010789 0.001206 0.012095 0.999868
1716975753.804671 16.901677 -7.593765 -1.059284 0.014923 0.000032 0.019443 0.999700
1716975753.961747 16.937294 -7.679301 -1.068977 0.012799 0.007051 0.030890 0.999416
1716975754.061409 16.956895 -7.738948 -1.074432 0.015311 0.011087 0.027315 0.999448
1716975754.086931 16.962020 -7.736924 -1.073879 0.011178 0.010201 0.034363 0.999295
1716975754.232308 16.998251 -7.811938 -1.086685 0.019923 0.011417 0.018139 0.999572
1716975754.360396 17.038974 -7.877480 -1.087566 0.023729 0.006633 0.006189 0.999677
1716975754.451485 17.055084 -7.938339 -1.095775 0.030768 0.001826 -0.008523 0.999489
1716975754.561052 17.092656 -8.011733 -1.094899 0.036140 -0.003563 -0.018725 0.999165
1716975754.661017 17.121989 -8.089834 -1.111155 0.037624 -0.000548 -0.036510 0.998625
1716975754.761204 17.134725 -8.162514 -1.124113 0.041809 -0.002963 -0.036529 0.998453
1716975754.852763 17.139551 -8.229889 -1.145005 0.037341 0.001197 -0.036610 0.998631
1716975754.960553 17.148247 -8.312433 -1.149250 0.033670 0.006164 -0.028797 0.998999
1716975755.051703 17.157909 -8.379347 -1.157876 0.034799 0.008874 -0.026459 0.999005
1716975755.159287 17.152622 -8.453311 -1.169776 0.033610 0.011828 -0.016562 0.999228
1716975755.265842 17.154353 -8.517562 -1.183242 0.040111 0.018326 -0.015957 0.998900
1716975755.350454 17.151737 -8.579127 -1.185956 0.043111 0.018552 -0.014047 0.998799
1716975755.451237 17.152932 -8.680860 -1.205007 0.033805 0.015247 -0.031433 0.998818
1716975755.560013 17.140981 -8.770892 -1.204713 0.031410 0.009501 -0.039746 0.998671
1716975755.660209 17.137556 -8.843388 -1.209966 0.033958 0.001904 -0.070402 0.996939
1716975755.751934 17.112504 -8.921086 -1.219721 0.039262 -0.004967 -0.070886 0.996699
1716975755.860848 17.124951 -8.999056 -1.236190 0.039164 0.000020 -0.085726 0.995549
1716975755.960754 17.117530 -9.075689 -1.241173 0.040160 0.002720 -0.084252 0.995631
1716975756.011816 17.121794 -9.112449 -1.246630 0.038788 0.001841 -0.085830 0.995553
1716975756.101553 17.115749 -9.179882 -1.251288 0.025292 0.008711 -0.075941 0.996753
1716975756.259719 17.094318 -9.297714 -1.256877 0.023697 0.012459 -0.057705 0.997975
1716975756.350994 17.086187 -9.373941 -1.256580 0.024044 0.018041 -0.052524 0.998167
1716975756.460408 17.069554 -9.468250 -1.260866 0.024845 0.022615 -0.052800 0.998040
1716975756.560800 17.058781 -9.539909 -1.271567 0.022430 0.025039 -0.060108 0.997626
1716975756.652785 17.052885 -9.596471 -1.283947 0.022157 0.023076 -0.075629 0.996623
1716975756.671053 17.046826 -9.611116 -1.287175 0.022684 0.026387 -0.078422 0.996313
1716975756.853189 17.024043 -9.737324 -1.296236 0.027627 0.023642 -0.109086 0.993367
1716975756.870605 17.015901 -9.744207 -1.303413 0.021123 0.023341 -0.105901 0.993878
1716975757.053166 17.001767 -9.874628 -1.320054 0.030058 0.020818 -0.119702 0.992136
1716975757.163543 16.990019 -9.947671 -1.330924 0.032446 0.012519 -0.123587 0.991724
1716975757.243396 16.979051 -9.996650 -1.337674 0.028938 0.014470 -0.124330 0.991713
1716975757.352540 16.974909 -10.069873 -1.348595 0.017642 0.012813 -0.123144 0.992149
1716975757.461695 16.930639 -10.148220 -1.369393 0.015495 0.031436 -0.112841 0.992995
1716975757.553551 16.915581 -10.216542 -1.376245 0.020810 0.034226 -0.107599 0.993387
1716975757.606932 16.897425 -10.250107 -1.378601 0.015839 0.041385 -0.101282 0.993870
1716975757.705371 16.867569 -10.321426 -1.380580 0.029102 0.041351 -0.102884 0.993407
1716975757.863221 16.830136 -10.427813 -1.388425 0.024579 0.039527 -0.118124 0.991907
1716975757.957519 16.802615 -10.491527 -1.389303 0.017930 0.036409 -0.127152 0.991053
1716975758.031488 16.792397 -10.542668 -1.402927 0.014782 0.031772 -0.136991 0.989952
1716975758.153288 16.791779 -10.658328 -1.404041 0.014203 0.025936 -0.149522 0.988316
1716975758.180844 16.799477 -10.685229 -1.397506 0.003608 0.028047 -0.151009 0.988128
1716975758.352534 16.795302 -10.809880 -1.416163 0.018054 0.016746 -0.153217 0.987886
1716975758.461776 16.772470 -10.895265 -1.434017 0.018648 0.013065 -0.145865 0.989042
1716975758.500112 16.779997 -10.919864 -1.446253 0.018984 0.014423 -0.146390 0.988940
1716975758.662021 16.752303 -11.043029 -1.460843 0.012137 0.020278 -0.143050 0.989433
1716975758.732834 16.744855 -11.098686 -1.475907 0.007524 0.021719 -0.131557 0.991042
1716975758.791349 16.749558 -11.130168 -1.478026 0.006597 0.027277 -0.130496 0.991052
1716975758.945781 16.717270 -11.240620 -1.497729 0.013256 0.027475 -0.127384 0.991384
1716975759.061455 16.677249 -11.305350 -1.514157 0.016859 0.029241 -0.135733 0.990170
1716975759.152104 16.649479 -11.350812 -1.522495 0.014671 0.031381 -0.147542 0.988449
1716975759.251431 16.621291 -11.409395 -1.532853 0.012165 0.029177 -0.165134 0.985764
1716975759.360843 16.619243 -11.511428 -1.538237 0.005855 0.027412 -0.188022 0.981765
1716975759.460862 16.608890 -11.589513 -1.539145 0.009609 0.023714 -0.217329 0.975763
1716975759.561089 16.614487 -11.665900 -1.536465 0.002909 0.019159 -0.229226 0.973180
1716975759.652620 16.618501 -11.730888 -1.548036 0.007843 0.018384 -0.255231 0.966673
1716975759.752640 16.593643 -11.793777 -1.568131 0.005791 0.018703 -0.261624 0.964971
1716975759.768819 16.593401 -11.797428 -1.567498 0.010921 0.019631 -0.267218 0.963374
1716975759.952062 16.535134 -11.899880 -1.585264 -0.000584 0.029467 -0.275503 0.960848
1716975760.060746 16.490529 -11.967349 -1.592239 -0.000269 0.026988 -0.279337 0.959814
1716975760.150470 16.435756 -12.014534 -1.593591 -0.003014 0.034775 -0.286156 0.957547
1716975760.259223 16.382256 -12.081255 -1.598244 0.004696 0.030858 -0.300120 0.953391
1716975760.350761 16.344662 -12.146064 -1.594872 -0.000635 0.030773 -0.313445 0.949107
1716975760.401472 16.328076 -12.173300 -1.593772 -0.004569 0.033372 -0.326667 0.944539
1716975760.560287 16.269150 -12.279644 -1.587849 -0.006764 0.029927 -0.371820 0.927798
1716975760.651777 16.224536 -12.332708 -1.605434 -0.020548 0.034133 -0.403597 0.914069
1716975760.668725 16.194802 -12.349914 -1.616565 -0.013068 0.031322 -0.401646 0.915166
1716975760.852167 16.113281 -12.423655 -1.627924 -0.012569 0.026970 -0.448865 0.893104
1716975760.960097 16.064899 -12.478172 -1.641618 -0.007797 0.031945 -0.475684 0.879001
1716975761.051467 16.035813 -12.502696 -1.661271 -0.004708 0.040573 -0.489407 0.871099
1716975761.150796 15.984678 -12.523805 -1.669869 0.000754 0.052989 -0.501740 0.863393
1716975761.259675 15.932723 -12.545500 -1.659869 0.001731 0.064158 -0.509152 0.858280
1716975761.360007 15.867639 -12.585175 -1.656095 0.001254 0.064085 -0.517210 0.853455
1716975761.460520 15.791283 -12.651973 -1.608628 0.001905 0.058366 -0.535050 0.842800
1716975761.552301 15.719604 -12.683172 -1.610481 0.013874 0.044843 -0.548790 0.834641
1716975761.597260 15.676584 -12.694888 -1.622413 0.016611 0.046479 -0.556124 0.829632
1716975761.734504 15.579037 -12.771790 -1.629777 0.014722 0.035468 -0.579751 0.813888
1716975761.844393 15.509312 -12.786245 -1.649002 0.006590 0.031073 -0.595171 0.802971
1716975761.945066 15.411998 -12.827217 -1.679710 0.007222 0.030707 -0.609655 0.792039
1716975762.060702 15.359570 -12.858670 -1.700411 0.002858 0.029512 -0.618052 0.785578
1716975762.151738 15.302658 -12.863165 -1.707728 0.010194 0.030103 -0.626552 0.778731
1716975762.261243 15.231631 -12.867181 -1.715134 0.014336 0.037851 -0.627740 0.777370
1716975762.310471 15.214269 -12.850992 -1.703963 0.008895 0.040126 -0.625411 0.779213
1716975762.461529 15.115177 -12.845603 -1.687137 0.005952 0.056454 -0.618025 0.784106
1716975762.544284 15.047231 -12.867876 -1.681402 0.007632 0.063706 -0.615711 0.785355
1716975762.662157 14.937674 -12.909066 -1.696748 0.012732 0.066952 -0.621367 0.780550
1716975762.761881 14.850397 -12.929966 -1.702049 0.025390 0.065583 -0.627675 0.775292
1716975762.861824 14.758564 -12.962241 -1.707896 0.027187 0.065045 -0.637509 0.767211
1716975762.961990 14.658605 -12.999206 -1.710824 0.027792 0.057195 -0.648815 0.758284
1716975763.057773 14.572023 -13.036923 -1.715285 0.022693 0.054648 -0.662279 0.746917
1716975763.138177 14.509837 -13.053824 -1.705619 0.024671 0.051534 -0.665686 0.744041
1716975763.227643 14.465283 -13.068739 -1.706484 0.021184 0.045775 -0.668955 0.741590
1716975763.352274 14.380179 -13.101070 -1.728737 0.018847 0.041703 -0.673225 0.738021
1716975763.452756 14.305014 -13.119770 -1.724999 0.016495 0.046087 -0.671824 0.739091
1716975763.471210 14.293533 -13.109100 -1.750882 0.022476 0.045584 -0.671975 0.738828
1716975763.661906 14.143777 -13.128413 -1.745233 0.011861 0.066306 -0.656622 0.751206
1716975763.679981 14.131794 -13.128387 -1.732583 0.010839 0.070701 -0.656995 0.750494
1716975763.834812 14.002408 -13.141681 -1.726473 0.015185 0.061259 -0.652961 0.754757
1716975763.961323 13.913544 -13.159210 -1.718537 0.013420 0.061302 -0.649907 0.757418
1716975764.060938 13.841412 -13.168321 -1.717341 0.009378 0.064057 -0.656199 0.751805
1716975764.151730 13.760597 -13.177331 -1.716987 0.003266 0.065528 -0.656452 0.751509
1716975764.260259 13.696010 -13.202248 -1.707256 -0.005063 0.063707 -0.659227 0.749224
1716975764.303909 13.663144 -13.210460 -1.713170 0.000907 0.054686 -0.659925 0.749338
1716975764.407074 13.597764 -13.228721 -1.715108 -0.002671 0.056769 -0.669878 0.740293
1716975764.560985 13.533225 -13.262902 -1.728768 -0.001837 0.051163 -0.674756 0.736263
1716975764.661457 13.468153 -13.282209 -1.738970 -0.003089 0.052053 -0.670401 0.740164
1716975764.752656 13.415439 -13.289083 -1.743786 -0.005353 0.057492 -0.668249 0.741694
1716975764.860581 13.347309 -13.312727 -1.728106 -0.003448 0.060411 -0.662652 0.746479
1716975764.951496 13.277879 -13.336076 -1.721395 -0.001822 0.059400 -0.654399 0.753811
1716975764.967956 13.251173 -13.328861 -1.741787 -0.006743 0.070477 -0.654379 0.752845
1716975765.141854 13.131520 -13.367347 -1.734840 0.010969 0.064118 -0.642354 0.763642
1716975765.168319 13.095137 -13.356752 -1.722576 0.018975 0.067008 -0.634401 0.769860
1716975765.350893 12.952431 -13.380641 -1.710254 0.006822 0.069464 -0.642514 0.763088
1716975765.450883 12.855878 -13.423752 -1.707559 -0.003970 0.068554 -0.653161 0.754099
1716975765.560002 12.772119 -13.451986 -1.709321 -0.012094 0.064881 -0.662184 0.746429
1716975765.660103 12.693452 -13.467332 -1.720558 -0.000589 0.045839 -0.671579 0.739514
1716975765.751920 12.653037 -13.498504 -1.722423 0.001212 0.046251 -0.672897 0.738288
1716975765.860526 12.583083 -13.511228 -1.731894 -0.001881 0.042037 -0.678947 0.732980
1716975765.961100 12.519150 -13.519321 -1.734907 0.000481 0.045063 -0.679324 0.732454
1716975765.986483 12.506242 -13.518869 -1.735873 -0.000800 0.049206 -0.679855 0.731694
1716975766.108671 12.414806 -13.520673 -1.748633 0.002608 0.054873 -0.674349 0.736366
1716975766.192736 12.369150 -13.531554 -1.749180 0.005068 0.052895 -0.668521 0.741792
1716975766.327662 12.263801 -13.541314 -1.752880 0.008380 0.061605 -0.660047 0.748647
1716975766.451715 12.155972 -13.552492 -1.759355 0.017482 0.064061 -0.658722 0.749450
1716975766.561798 12.065112 -13.555300 -1.764859 0.015518 0.068777 -0.658925 0.748897
1716975766.661664 11.969303 -13.551580 -1.756637 0.016383 0.066319 -0.667587 0.741392
1716975766.761600 11.873475 -13.572036 -1.753525 0.012288 0.069578 -0.672232 0.736962
1716975766.861399 11.801693 -13.568459 -1.738056 0.006747 0.067602 -0.695580 0.715229
1716975766.959606 11.703085 -13.576569 -1.730250 0.010129 0.057728 -0.704364 0.707415
1716975767.029606 11.661056 -13.601097 -1.747037 0.001183 0.063324 -0.711043 0.700290
1716975767.160726 11.572408 -13.624939 -1.763077 0.003386 0.057934 -0.716121 0.695559
1716975767.261240 11.525537 -13.629258 -1.760021 0.009908 0.057004 -0.719192 0.692399
1716975767.300848 11.511367 -13.627858 -1.746494 0.016654 0.059498 -0.718669 0.692602
1716975767.461892 11.398135 -13.617703 -1.749712 0.006255 0.074312 -0.711670 0.698545
1716975767.553289 11.314637 -13.613126 -1.754332 0.006508 0.076865 -0.711168 0.698777
1716975767.616135 11.254837 -13.609324 -1.762394 0.004398 0.078058 -0.711532 0.698291
1716975767.764930 11.145725 -13.611827 -1.759240 0.009279 0.067690 -0.717441 0.693261
1716975767.861676 11.068260 -13.609602 -1.766141 0.011086 0.064162 -0.721099 0.689766
1716975767.964229 10.997272 -13.612242 -1.778777 0.014847 0.054541 -0.723829 0.687660
1716975768.058084 10.945821 -13.623368 -1.750768 0.010364 0.052067 -0.723903 0.687856
1716975768.124525 10.903636 -13.619963 -1.760063 0.015276 0.047091 -0.725012 0.686955
1716975768.265367 10.820598 -13.612345 -1.765305 0.012294 0.044565 -0.719564 0.692886
1716975768.361495 10.761560 -13.602837 -1.777741 0.015318 0.043145 -0.713753 0.698899
1716975768.452772 10.700516 -13.600823 -1.781591 0.012591 0.046997 -0.709110 0.703418
1716975768.471626 10.663612 -13.594696 -1.801875 0.011294 0.053592 -0.705926 0.706165
1716975768.653194 10.523070 -13.582884 -1.790436 0.011104 0.080248 -0.695058 0.714375
1716975768.670862 10.505421 -13.582617 -1.774232 0.008983 0.085579 -0.694857 0.713981
1716975768.861656 10.341415 -13.558349 -1.752176 0.015187 0.079401 -0.693756 0.715659
1716975768.944197 10.283469 -13.557176 -1.748582 0.015244 0.076557 -0.690410 0.719195
1716975768.969701 10.271108 -13.562426 -1.740017 0.015029 0.073514 -0.692480 0.717525
1716975769.103580 10.145597 -13.531451 -1.724246 0.009719 0.075192 -0.692160 0.717751
1716975769.208639 10.052282 -13.533414 -1.727474 0.003431 0.073627 -0.696703 0.713563
1716975769.360421 9.932823 -13.518158 -1.730530 0.002339 0.067883 -0.704753 0.706194
1716975769.442847 9.884024 -13.524924 -1.726712 0.002663 0.063313 -0.707920 0.703445
1716975769.561907 9.788707 -13.508130 -1.742709 0.007478 0.062691 -0.707772 0.703615
1716975769.625900 9.746180 -13.504408 -1.744688 0.008695 0.065615 -0.706143 0.704969
1716975769.670898 9.718627 -13.513485 -1.737855 0.010641 0.067108 -0.707739 0.703199
1716975769.860607 9.573654 -13.507753 -1.728932 0.009535 0.073711 -0.693167 0.716935
1716975769.901928 9.518776 -13.481095 -1.740689 0.007618 0.080166 -0.686657 0.722508
1716975770.030168 9.419360 -13.472190 -1.743714 0.012388 0.069466 -0.686987 0.723236
1716975770.141803 9.331386 -13.464774 -1.752218 0.015529 0.064645 -0.689423 0.721302
1716975770.259373 9.238924 -13.444403 -1.752892 0.012299 0.057932 -0.699383 0.712289
1716975770.350789 9.178996 -13.461369 -1.740974 0.015930 0.051049 -0.709427 0.702747
1716975770.369167 9.179557 -13.473309 -1.744028 0.015966 0.042867 -0.716708 0.695872
1716975770.551033 9.073147 -13.500827 -1.724325 0.012833 0.031628 -0.731001 0.681522
1716975770.651835 9.009106 -13.537632 -1.735096 0.012987 0.031440 -0.733466 0.678874
1716975770.760674 8.922330 -13.551981 -1.750440 0.016254 0.036038 -0.733083 0.678990
1716975770.860603 8.844998 -13.562534 -1.734148 0.017580 0.042446 -0.726590 0.685533
1716975770.954527 8.789944 -13.572127 -1.725586 0.018927 0.049470 -0.715717 0.696379
1716975770.973117 8.799842 -13.587663 -1.716937 0.018602 0.044137 -0.721117 0.691156
1716975771.127935 8.664376 -13.600280 -1.706958 0.014937 0.061402 -0.695176 0.716057
1716975771.250592 8.546042 -13.578698 -1.718349 0.017071 0.064321 -0.688187 0.722474
1716975771.272185 8.522405 -13.571733 -1.723402 0.013402 0.062631 -0.685520 0.725231
1716975771.450966 8.346918 -13.579921 -1.732950 0.010658 0.068717 -0.686505 0.723792
1716975771.552324 8.251677 -13.576797 -1.721644 0.008717 0.061240 -0.689082 0.722038
1716975771.661900 8.164393 -13.573931 -1.717739 0.007766 0.063424 -0.699488 0.711782
1716975771.753460 8.070661 -13.562182 -1.739253 0.002543 0.052779 -0.698507 0.713650
1716975771.865629 7.991759 -13.556911 -1.737967 0.006536 0.052789 -0.704215 0.707991
1716975771.869817 8.003786 -13.547738 -1.738740 0.002843 0.047754 -0.698688 0.713826
1716975772.038165 7.872033 -13.538777 -1.741160 0.006438 0.055234 -0.699312 0.712650
1716975772.151706 7.790663 -13.541620 -1.729793 0.005664 0.062375 -0.695665 0.715631
1716975772.251952 7.701346 -13.517337 -1.721222 0.003533 0.072905 -0.683784 0.726025
1716975772.316631 7.635605 -13.521059 -1.698226 0.006536 0.076440 -0.678648 0.730445
1716975772.401444 7.562474 -13.520549 -1.697646 0.011262 0.069472 -0.680695 0.729179
1716975772.561759 7.415972 -13.508042 -1.718611 0.024188 0.076849 -0.681625 0.727253
1716975772.646743 7.342858 -13.506840 -1.714856 0.025245 0.074266 -0.688096 0.721368
1716975772.762188 7.235175 -13.496760 -1.704228 0.023764 0.072793 -0.696326 0.713629
1716975772.861671 7.149778 -13.511013 -1.695319 0.013021 0.069752 -0.708168 0.702470
1716975772.964710 7.057751 -13.505132 -1.699375 0.010354 0.069067 -0.711614 0.699091
1716975773.057433 7.007872 -13.521230 -1.715015 0.008386 0.068508 -0.713898 0.696840
1716975773.157784 6.942703 -13.532363 -1.721973 0.012492 0.060860 -0.716810 0.694495
1716975773.236758 6.885430 -13.532079 -1.728949 0.011218 0.057860 -0.715296 0.696332
1716975773.342915 6.822044 -13.537476 -1.759726 0.006971 0.058109 -0.711406 0.700341
1716975773.453259 6.728901 -13.559599 -1.759847 -0.006979 0.053862 -0.692747 0.719133
1716975773.562572 6.650409 -13.593963 -1.769390 -0.008778 0.051764 -0.692618 0.719391
1716975773.662568 6.551955 -13.611721 -1.776007 -0.008750 0.057093 -0.685563 0.725719
1716975773.762124 6.474931 -13.629338 -1.790193 -0.003443 0.056327 -0.692155 0.719539
1716975773.853262 6.407751 -13.647654 -1.789359 0.002154 0.060074 -0.695033 0.716460
1716975773.878988 6.386648 -13.636978 -1.768270 0.007773 0.056277 -0.691271 0.720359
1716975773.995551 6.283975 -13.642739 -1.754509 -0.006338 0.056613 -0.703840 0.708071
1716975774.112457 6.207526 -13.657197 -1.743270 -0.006244 0.058079 -0.719128 0.692418
1716975774.187071 6.156165 -13.663572 -1.738355 -0.014293 0.064985 -0.724263 0.686305
1716975774.323497 6.077538 -13.659677 -1.730919 -0.002045 0.050123 -0.730827 0.680717
1716975774.452472 5.986327 -13.648429 -1.746316 -0.004910 0.054164 -0.726761 0.684734
1716975774.561747 5.897918 -13.628504 -1.768464 -0.003943 0.067108 -0.720383 0.690311
1716975774.653047 5.842837 -13.617629 -1.766079 -0.001438 0.068302 -0.712118 0.698728
1716975774.677963 5.842906 -13.612349 -1.757465 0.000276 0.072044 -0.710501 0.699998
1716975774.852055 5.707019 -13.593186 -1.753993 0.006601 0.069181 -0.695971 0.714699
1716975774.958723 5.606675 -13.569473 -1.761280 0.013889 0.065693 -0.694298 0.716549
1716975775.059424 5.517016 -13.577364 -1.738338 0.012977 0.065119 -0.694335 0.716582
1716975775.132864 5.444536 -13.570130 -1.734816 0.013318 0.063595 -0.697823 0.713317
1716975775.263020 5.318716 -13.571528 -1.714662 0.002820 0.063751 -0.712451 0.698814
1716975775.286185 5.308161 -13.570781 -1.731663 -0.001957 0.057892 -0.717479 0.694168
1716975775.431812 5.177691 -13.566958 -1.713772 -0.005371 0.059624 -0.726835 0.684198
1716975775.477297 5.149481 -13.561072 -1.706023 0.000182 0.055900 -0.730749 0.680354
1716975775.651163 5.013452 -13.530880 -1.710454 0.006063 0.045572 -0.726662 0.685456
1716975775.735290 4.942343 -13.514505 -1.715916 0.011196 0.041622 -0.724224 0.688216
1716975775.865157 4.860122 -13.497368 -1.700376 0.006173 0.049473 -0.717896 0.694363
1716975775.957203 4.786974 -13.494296 -1.681944 0.007044 0.053769 -0.705969 0.706163
1716975775.986048 4.796210 -13.513141 -1.677332 0.007637 0.059535 -0.706683 0.704980
1716975776.099305 4.690457 -13.527547 -1.679776 0.000458 0.058913 -0.690750 0.720689
1716975776.259961 4.565564 -13.548250 -1.700733 0.014825 0.056567 -0.690267 0.721188
1716975776.314202 4.508167 -13.544180 -1.703701 0.019258 0.057346 -0.689051 0.722184
1716975776.402963 4.429384 -13.540529 -1.704282 0.024402 0.061794 -0.688491 0.722195
1716975776.542952 4.312266 -13.547503 -1.704002 0.014839 0.056542 -0.702580 0.709199
1716975776.653661 4.238223 -13.535324 -1.711366 0.012435 0.049127 -0.709770 0.702609
1716975776.761739 4.166309 -13.533808 -1.720458 0.006203 0.044316 -0.710686 0.702084
1716975776.809550 4.159125 -13.530481 -1.726476 0.004957 0.038076 -0.713403 0.699701
1716975776.933552 4.064408 -13.524978 -1.725968 0.005626 0.041821 -0.707788 0.705163
1716975777.034817 3.995231 -13.513571 -1.718390 0.009088 0.044918 -0.701078 0.711610
1716975777.151699 3.894551 -13.499275 -1.730408 0.002688 0.055167 -0.691105 0.720641
1716975777.188742 3.868635 -13.495657 -1.737728 -0.001119 0.061479 -0.686444 0.724578
1716975777.351219 3.714967 -13.511245 -1.710201 0.002075 0.055209 -0.673846 0.736803
1716975777.443310 3.637139 -13.502806 -1.705072 0.009318 0.058246 -0.673237 0.737070
1716975777.471597 3.615559 -13.491923 -1.705554 0.021197 0.053891 -0.673495 0.736920
1716975777.655446 3.462322 -13.491129 -1.708313 0.006108 0.062902 -0.682954 0.727722
1716975777.679662 3.436706 -13.491041 -1.712584 0.005122 0.063307 -0.682342 0.728269
1716975777.843704 3.310857 -13.498071 -1.684553 -0.009949 0.070754 -0.692449 0.717920
1716975777.958066 3.215820 -13.490972 -1.678644 -0.004565 0.063510 -0.704416 0.706925
1716975777.972198 3.225943 -13.490943 -1.681742 -0.008350 0.076921 -0.705293 0.704681
1716975778.109522 3.143351 -13.489152 -1.690738 -0.001502 0.054833 -0.708632 0.703443
1716975778.213686 3.061990 -13.475214 -1.706322 -0.001176 0.049134 -0.707312 0.705191
1716975778.312800 2.991219 -13.468773 -1.700459 0.000057 0.055003 -0.704222 0.707846
1716975778.453106 2.882729 -13.457581 -1.678277 -0.005048 0.072870 -0.698507 0.711866
1716975778.562324 2.802372 -13.452071 -1.674349 0.001934 0.070937 -0.703830 0.706815
1716975778.588831 2.759126 -13.444807 -1.679215 0.001207 0.074698 -0.702139 0.708110
1716975778.688244 2.672178 -13.437476 -1.681538 0.005021 0.075968 -0.711705 0.698340
1716975778.849382 2.565193 -13.424732 -1.701382 0.002438 0.084584 -0.737968 0.669510
1716975778.905196 2.512388 -13.440679 -1.694745 -0.007896 0.084155 -0.750826 0.655070
1716975779.061503 2.367218 -13.416279 -1.681535 -0.016381 0.080715 -0.780078 0.620238
1716975779.121356 2.302802 -13.408133 -1.669973 -0.024772 0.081815 -0.791246 0.605494
1716975779.263764 2.231217 -13.378321 -1.676043 -0.021527 0.070331 -0.818470 0.569822
1716975779.289089 2.239703 -13.374775 -1.682899 -0.016216 0.061473 -0.827163 0.558355
1716975779.452945 2.147195 -13.344072 -1.705679 -0.014885 0.065848 -0.845429 0.529804
1716975779.564960 2.090480 -13.314700 -1.691026 -0.009709 0.075497 -0.852428 0.517274
1716975779.662445 2.039630 -13.281304 -1.688768 -0.015717 0.092680 -0.855253 0.509613
1716975779.686449 2.034716 -13.271396 -1.682985 -0.015705 0.097730 -0.855724 0.507876
1716975779.827134 1.952596 -13.213607 -1.660787 -0.002984 0.087590 -0.868539 0.487810
1716975779.963425 1.847092 -13.138079 -1.653831 0.000640 0.092373 -0.879589 0.466680
1716975780.034466 1.821599 -13.113975 -1.652888 0.000092 0.095393 -0.888272 0.449303
1716975780.161471 1.696123 -13.076366 -1.650926 -0.008743 0.106618 -0.903939 0.414066
1716975780.259740 1.662684 -13.038673 -1.642323 -0.020417 0.113873 -0.919025 0.376841
1716975780.305748 1.628395 -13.012089 -1.634080 -0.023147 0.113430 -0.925185 0.361428
1716975780.460486 1.584040 -12.949265 -1.618305 -0.028544 0.104120 -0.944656 0.309788
1716975780.563394 1.558593 -12.897339 -1.619039 -0.026775 0.090272 -0.955961 0.277979
1716975780.620376 1.561581 -12.866538 -1.613011 -0.025933 0.096031 -0.957606 0.270362
1716975780.718273 1.534595 -12.817717 -1.614461 -0.026330 0.095336 -0.960145 0.261419
1716975780.826757 1.502868 -12.749369 -1.595025 -0.016897 0.103961 -0.958371 0.265388
1716975780.960800 1.472673 -12.664405 -1.576532 -0.003207 0.083664 -0.960067 0.266949
1716975781.060924 1.430523 -12.599399 -1.573141 0.005741 0.073442 -0.961986 0.262976
1716975781.093111 1.392947 -12.581311 -1.577062 0.008705 0.063881 -0.962664 0.262908
1716975781.198618 1.346482 -12.502143 -1.577149 0.016607 0.051366 -0.968586 0.242749
1716975781.279063 1.303633 -12.460703 -1.586332 0.011741 0.041977 -0.973977 0.222417
1716975781.434922 1.228364 -12.362832 -1.578154 0.000040 0.058190 -0.982623 0.176255
1716975781.562843 1.187172 -12.279986 -1.552967 -0.008112 0.062364 -0.987398 0.145226
1716975781.624257 1.173890 -12.235914 -1.545052 -0.009722 0.064374 -0.988398 0.137227
1716975781.694831 1.159285 -12.180346 -1.542384 -0.014947 0.058283 -0.989948 0.127994
1716975781.854319 1.122637 -12.050354 -1.532543 -0.019763 0.079171 -0.990075 0.114425
1716975781.951822 1.113710 -11.973033 -1.519690 -0.017789 0.089121 -0.989351 0.113690
1716975781.985387 1.109342 -11.938368 -1.518914 -0.011024 0.100059 -0.988058 0.116655
1716975782.142600 1.069319 -11.818579 -1.509760 -0.015436 0.097471 -0.986574 0.130128
1716975782.252124 1.047494 -11.742965 -1.465843 -0.009921 0.087456 -0.986631 0.137161
1716975782.279901 1.036411 -11.720240 -1.466712 -0.007197 0.075171 -0.987730 0.136698
1716975782.434008 0.998374 -11.600004 -1.465370 -0.000602 0.084336 -0.987748 0.131305
1716975782.563184 0.953489 -11.499681 -1.454428 -0.007853 0.078517 -0.990937 0.108711
1716975782.580978 0.937098 -11.486116 -1.450357 -0.007808 0.090965 -0.988488 0.120651
1716975782.697818 0.904981 -11.409930 -1.432141 -0.016447 0.074051 -0.992417 0.096714
1716975782.810857 0.879860 -11.345444 -1.421562 -0.017511 0.079718 -0.994069 0.071875
1716975782.881756 0.881175 -11.293680 -1.420397 -0.023751 0.074838 -0.994998 0.061755
1716975783.045573 0.870109 -11.159073 -1.407047 -0.033863 0.057892 -0.996264 0.054407
1716975783.157302 0.864620 -11.073079 -1.399475 -0.033257 0.058037 -0.996446 0.051187
1716975783.217149 0.864853 -11.039389 -1.390721 -0.027523 0.056900 -0.996745 0.050048
1716975783.288737 0.867880 -10.985133 -1.379576 -0.024822 0.055060 -0.996437 0.058871
1716975783.424710 0.850419 -10.881917 -1.359585 -0.022180 0.052294 -0.995990 0.069112
1716975783.553534 0.822363 -10.778478 -1.365436 -0.018912 0.062938 -0.995539 0.067703
1716975783.663194 0.791346 -10.671124 -1.366033 -0.014875 0.085143 -0.994044 0.066383
1716975783.706735 0.782774 -10.611711 -1.354108 -0.016870 0.089133 -0.993707 0.065710
1716975783.809996 0.761122 -10.508524 -1.321170 -0.026738 0.091555 -0.993672 0.059325
1716975783.888105 0.740254 -10.446963 -1.305922 -0.030680 0.089909 -0.993887 0.056241
1716975784.034319 0.703646 -10.317814 -1.279877 -0.030415 0.091456 -0.994149 0.048761
1716975784.151601 0.679293 -10.217829 -1.271675 -0.026518 0.092681 -0.994383 0.043708
1716975784.262080 0.660491 -10.107961 -1.266362 -0.019430 0.102308 -0.993090 0.054106
1716975784.280176 0.666487 -10.102619 -1.266034 -0.018688 0.101216 -0.993443 0.049767
1716975784.420490 0.642190 -9.984544 -1.228562 -0.009422 0.116180 -0.990435 0.073840
1716975784.534763 0.626548 -9.888504 -1.198282 0.002308 0.116784 -0.989100 0.089652
1716975784.662263 0.615622 -9.770556 -1.186708 0.009844 0.116379 -0.988722 0.093747
1716975784.752452 0.608911 -9.685196 -1.183344 0.011815 0.111043 -0.989082 0.096158
1716975784.825698 0.596125 -9.636595 -1.172661 0.009952 0.109348 -0.989655 0.092343
1716975784.890477 0.582242 -9.594387 -1.164413 0.005825 0.104662 -0.990788 0.085741
1716975785.060566 0.565830 -9.466515 -1.145599 -0.006311 0.099144 -0.993451 0.056449
1716975785.166602 0.548660 -9.371614 -1.135456 -0.012416 0.096776 -0.994080 0.047796
1716975785.260783 0.527319 -9.294588 -1.120915 -0.015541 0.090111 -0.995213 0.034499
1716975785.277313 0.514325 -9.281188 -1.116371 -0.016469 0.082783 -0.995912 0.032172
1716975785.459093 0.480413 -9.134293 -1.131467 -0.017957 0.080907 -0.996180 0.027524
1716975785.559178 0.456000 -9.052814 -1.127006 -0.014386 0.084397 -0.995873 0.030121
1716975785.626052 0.454960 -8.997373 -1.119301 -0.012917 0.090141 -0.995104 0.038421
1716975785.760960 0.432960 -8.892323 -1.105425 -0.003526 0.084374 -0.995281 0.047805
1716975785.851625 0.427887 -8.824741 -1.099994 0.001405 0.089370 -0.995042 0.043627
1716975785.962428 0.429229 -8.739373 -1.086114 0.001854 0.089767 -0.995266 0.037204
1716975786.063724 0.418422 -8.658194 -1.076331 0.000332 0.096706 -0.995042 0.023236
1716975786.078014 0.404065 -8.642049 -1.085820 -0.000906 0.102852 -0.994489 0.020324
1716975786.232805 0.365864 -8.517361 -1.067495 -0.011199 0.111641 -0.993686 -0.000145
1716975786.279379 0.359545 -8.479052 -1.061484 -0.012130 0.110319 -0.993793 -0.007685
1716975786.410105 0.335029 -8.386237 -1.030645 -0.013228 0.110380 -0.993574 -0.021244
1716975786.489302 0.331683 -8.324529 -1.029449 -0.022387 0.097037 -0.994846 -0.019063
1716975786.597040 0.323714 -8.230211 -1.025552 -0.023629 0.083414 -0.996063 -0.018512
1716975786.715311 0.340719 -8.125697 -1.028001 -0.024380 0.083172 -0.996077 -0.017852
1716975786.778993 0.347234 -8.065564 -1.017406 -0.021004 0.094058 -0.995302 -0.009300
1716975786.926977 0.328305 -7.942234 -0.989401 -0.020157 0.099834 -0.994646 0.017480
1716975787.006455 0.323817 -7.889578 -0.973421 -0.023124 0.099156 -0.994494 0.024784
1716975787.070876 0.335552 -7.836912 -0.965225 -0.018606 0.085149 -0.995310 0.041961
1716975787.225829 0.339453 -7.714121 -0.958758 -0.013810 0.074201 -0.996514 0.035554
1716975787.335197 0.334923 -7.618574 -0.960620 -0.011669 0.075060 -0.996583 0.032434
1716975787.462008 0.343670 -7.533662 -0.935581 -0.013832 0.077328 -0.996886 0.006916
1716975787.480048 0.339816 -7.527551 -0.937847 -0.012851 0.077739 -0.996873 0.005937
1716975787.634742 0.360280 -7.414699 -0.905218 -0.019842 0.070646 -0.997290 -0.005327
1716975787.755941 0.374505 -7.317503 -0.913243 -0.017083 0.056237 -0.998251 -0.006399
1716975787.772382 0.375929 -7.297591 -0.919940 -0.020729 0.049148 -0.998534 -0.009164
1716975787.964801 0.385014 -7.151459 -0.910807 -0.011085 0.066657 -0.997689 -0.007153
1716975788.058733 0.398382 -7.066838 -0.900896 -0.005923 0.067768 -0.997681 -0.002115
1716975788.123634 0.396401 -7.013057 -0.888858 -0.003417 0.081077 -0.996688 0.005299
1716975788.262224 0.385879 -6.881377 -0.868261 -0.001339 0.078336 -0.996732 0.019665
1716975788.352778 0.383314 -6.806376 -0.864972 -0.002218 0.079103 -0.996522 0.026115
1716975788.462795 0.373137 -6.704305 -0.867222 -0.005570 0.085790 -0.995857 0.029622
1716975788.563527 0.366433 -6.631584 -0.862437 -0.013703 0.086819 -0.995854 0.023435
1716975788.654124 0.371275 -6.544961 -0.857193 -0.018647 0.088054 -0.995779 0.017946
1716975788.688905 0.373512 -6.516308 -0.853026 -0.024980 0.089135 -0.995566 0.016693
1716975788.835762 0.373938 -6.389772 -0.832046 -0.024632 0.074020 -0.996883 0.011752
1716975788.951637 0.348313 -6.301084 -0.825519 -0.022090 0.057649 -0.998009 0.012879
1716975789.032023 0.355971 -6.230359 -0.812359 -0.017319 0.055542 -0.998128 0.018857
1716975789.161845 0.352493 -6.119965 -0.805492 -0.013316 0.061039 -0.997670 0.027426
1716975789.188781 0.351062 -6.086510 -0.796178 -0.013823 0.063207 -0.997484 0.028987
1716975789.335876 0.328145 -5.956954 -0.774176 -0.011143 0.062257 -0.997031 0.043927
1716975789.379940 0.327678 -5.922670 -0.760082 -0.013038 0.069743 -0.995895 0.056198
1716975789.534762 0.318026 -5.793152 -0.746082 -0.010555 0.051272 -0.996632 0.063130
1716975789.587609 0.323889 -5.743979 -0.742886 -0.009763 0.049389 -0.996645 0.064528
1716975789.738085 0.314393 -5.626367 -0.750615 -0.011871 0.063281 -0.996539 0.052589
1716975789.851557 0.329560 -5.521589 -0.736351 -0.012083 0.070703 -0.996464 0.043758
1716975789.967674 0.330099 -5.423406 -0.722947 -0.015908 0.074465 -0.996853 0.022031
1716975790.052303 0.331747 -5.359188 -0.711972 -0.019981 0.075069 -0.996873 0.014500
1716975790.165786 0.347834 -5.264452 -0.697026 -0.023541 0.069335 -0.997299 0.005735
1716975790.251993 0.349207 -5.188292 -0.694121 -0.024598 0.071068 -0.997154 0.005330
1716975790.269946 0.355615 -5.185031 -0.701450 -0.025847 0.063315 -0.997651 0.004077
1716975790.451452 0.373625 -5.031774 -0.661251 -0.006848 0.067758 -0.997589 0.013324
1716975790.562677 0.371925 -4.934639 -0.651137 -0.003314 0.076721 -0.996728 0.025220
1716975790.661012 0.373769 -4.851990 -0.641350 -0.002032 0.070085 -0.997095 0.029745
1716975790.751955 0.388958 -4.783425 -0.635187 -0.001163 0.072534 -0.996994 0.027197
1716975790.866360 0.398240 -4.693179 -0.632393 -0.002646 0.069834 -0.997279 0.023448
1716975790.934914 0.401099 -4.636256 -0.624686 -0.000026 0.071872 -0.997242 0.018533
1716975791.060199 0.416809 -4.525919 -0.613708 -0.002686 0.072028 -0.997394 0.003014
1716975791.162687 0.424531 -4.437019 -0.604450 -0.003737 0.080398 -0.996727 -0.007571
1716975791.224672 0.414094 -4.390649 -0.592635 -0.005408 0.070452 -0.997342 -0.017792
1716975791.284889 0.404118 -4.338561 -0.579564 -0.005774 0.067477 -0.997408 -0.024309
1716975791.461774 0.417319 -4.196397 -0.573986 -0.017571 0.067247 -0.997496 -0.013070
1716975791.553622 0.425331 -4.107143 -0.562813 -0.015309 0.071104 -0.997348 -0.002583
1716975791.662524 0.436921 -4.005507 -0.557764 -0.009111 0.075757 -0.997044 0.008963
1716975791.763403 0.432572 -3.926054 -0.537627 -0.009285 0.078989 -0.996358 0.030760
1716975791.865098 0.420865 -3.845840 -0.530550 -0.004501 0.072455 -0.996447 0.042703
1716975791.943994 0.421135 -3.785198 -0.530886 0.000570 0.077736 -0.995578 0.052734
1716975792.052666 0.425859 -3.697648 -0.519823 -0.000131 0.073556 -0.995924 0.052206
1716975792.079499 0.431374 -3.677420 -0.518013 0.008523 0.072555 -0.995920 0.052973
1716975792.254206 0.464971 -3.524763 -0.493912 -0.000619 0.079143 -0.996258 0.034731
1716975792.305919 0.462299 -3.495017 -0.495492 -0.005109 0.083514 -0.996088 0.028415
1716975792.442845 0.462682 -3.394456 -0.479344 -0.007643 0.088510 -0.995849 0.019815
1716975792.526535 0.458363 -3.329099 -0.464966 -0.010045 0.086679 -0.996041 0.016983
1716975792.589433 0.440398 -3.274256 -0.466860 -0.013665 0.082273 -0.996388 0.015983
1716975792.726784 0.432023 -3.170849 -0.464791 -0.016883 0.072110 -0.997075 0.018884
1716975792.788827 0.424618 -3.133625 -0.455122 -0.018525 0.065136 -0.997538 0.018224
1716975792.947556 0.423420 -3.003800 -0.420501 -0.011407 0.079664 -0.996190 0.033585
1716975793.030477 0.414445 -2.937205 -0.414809 -0.008879 0.088892 -0.995117 0.041969
1716975793.162267 0.416603 -2.837951 -0.399164 -0.007264 0.083886 -0.994930 0.054993
1716975793.265951 0.417229 -2.756244 -0.392191 -0.004137 0.082374 -0.995061 0.055229
1716975793.330362 0.411868 -2.713084 -0.395370 -0.001425 0.082448 -0.994987 0.056576
1716975793.433441 0.419024 -2.625745 -0.386288 0.003604 0.095926 -0.994384 0.044565
1716975793.562797 0.423675 -2.532820 -0.379133 -0.012207 0.108685 -0.993543 0.030176
1716975793.668087 0.416954 -2.449953 -0.363801 -0.022081 0.098338 -0.994831 0.012373
1716975793.754030 0.410183 -2.368544 -0.367172 -0.026583 0.095625 -0.994970 0.013591
1716975793.862160 0.393166 -2.277062 -0.367804 -0.031136 0.082495 -0.996078 0.007323
1716975793.952676 0.394308 -2.218134 -0.359403 -0.029168 0.078093 -0.996453 0.011517
1716975794.040490 0.392210 -2.164626 -0.342084 -0.029662 0.071321 -0.996887 0.015820
1716975794.161805 0.381237 -2.088549 -0.318799 -0.020834 0.077996 -0.996360 0.027369
1716975794.252362 0.376178 -2.015440 -0.302535 -0.020318 0.068957 -0.996935 0.030870
1716975794.353245 0.385924 -1.943283 -0.295105 -0.010044 0.068908 -0.996601 0.044016
1716975794.371394 0.398174 -1.932787 -0.295663 -0.008580 0.062666 -0.996868 0.047470
1716975794.562046 0.414984 -1.815834 -0.293759 -0.012750 0.072892 -0.996592 0.036449
1716975794.652645 0.447839 -1.772596 -0.282568 -0.018293 0.070931 -0.997110 0.020124
1716975794.673852 0.452876 -1.746605 -0.288122 -0.014469 0.081188 -0.996280 0.025012
1716975794.860679 0.454824 -1.618714 -0.273398 -0.028195 0.081518 -0.996270 0.002319
1716975794.958351 0.439596 -1.525395 -0.271562 -0.031528 0.086268 -0.995772 -0.001001
1716975795.067257 0.432588 -1.444525 -0.254659 -0.031971 0.078166 -0.996411 -0.005798
1716975795.134108 0.427967 -1.393310 -0.243452 -0.031917 0.077778 -0.996438 -0.006643
1716975795.251753 0.421553 -1.315453 -0.244433 -0.023034 0.084781 -0.996133 -0.001151
1716975795.352069 0.446802 -1.247593 -0.223577 -0.009788 0.085632 -0.996147 0.016190
1716975795.369618 0.451595 -1.233327 -0.222606 -0.009494 0.093441 -0.995432 0.017151
1716975795.468851 0.461615 -1.185378 -0.208934 0.002444 0.101629 -0.994048 0.039162
1716975795.642597 0.468131 -1.086065 -0.196691 0.002086 0.089990 -0.993850 0.064499
1716975795.752766 0.478831 -1.036388 -0.203126 -0.000797 0.082182 -0.993896 0.073591
1716975795.769186 0.488936 -1.037062 -0.203590 0.002621 0.086967 -0.993458 0.073964
1716975795.943219 0.494688 -0.966616 -0.175304 -0.005678 0.092659 -0.992969 0.073450
1716975796.060135 0.499104 -0.913979 -0.171510 -0.006864 0.104250 -0.991958 0.071444
1716975796.160244 0.485275 -0.863200 -0.162144 -0.010097 0.105213 -0.991580 0.074818
1716975796.253302 0.481284 -0.815295 -0.167379 -0.010739 0.095827 -0.991484 0.087529
1716975796.270433 0.476743 -0.801916 -0.168146 -0.011674 0.093792 -0.992035 0.083268
1716975796.451881 0.477823 -0.714397 -0.160797 -0.010454 0.087370 -0.988181 0.125518
1716975796.553582 0.461380 -0.652078 -0.151003 -0.010558 0.087526 -0.984108 0.154138
1716975796.662371 0.428580 -0.607148 -0.144616 -0.009230 0.094668 -0.976030 0.195749
1716975796.762051 0.414821 -0.564384 -0.150570 0.005468 0.105655 -0.964380 0.242443
1716975796.853492 0.405868 -0.551249 -0.155416 0.005445 0.100279 -0.951206 0.291756
1716975796.961322 0.367256 -0.516028 -0.155468 0.012545 0.103826 -0.929520 0.353631
1716975797.052432 0.342090 -0.478991 -0.152858 0.011584 0.098314 -0.903146 0.417766
1716975797.094082 0.349774 -0.469295 -0.149071 0.010796 0.101031 -0.891311 0.441861
1716975797.242020 0.323746 -0.452399 -0.140188 0.004369 0.098621 -0.854839 0.509416
1716975797.352194 0.296493 -0.442415 -0.147779 -0.002900 0.091147 -0.821421 0.562985
1716975797.462540 0.232737 -0.425659 -0.143704 -0.002295 0.084395 -0.785919 0.612539
1716975797.553927 0.187171 -0.418586 -0.158687 0.000673 0.074005 -0.749407 0.657960
1716975797.663223 0.152213 -0.449787 -0.163677 -0.001091 0.056616 -0.686268 0.725142
1716975797.759735 0.153999 -0.474318 -0.165817 -0.003982 0.054508 -0.618346 0.784003
1716975797.777851 0.160813 -0.466057 -0.154543 -0.000933 0.044880 -0.604695 0.795191
1716975797.936516 0.108548 -0.458226 -0.146476 0.012495 0.041316 -0.457080 0.888377
1716975797.993414 0.109463 -0.464698 -0.148244 0.012292 0.039525 -0.412102 0.910197
1716975798.124044 0.105434 -0.455766 -0.142357 0.043046 0.041601 -0.291414 0.954722
1716975798.226785 0.081442 -0.430536 -0.129819 0.051791 0.034312 -0.224950 0.972388
1716975798.353032 0.099451 -0.419588 -0.140974 0.052463 0.021190 -0.169856 0.983843
1716975798.405173 0.150281 -0.430047 -0.133898 0.048301 0.016811 -0.153431 0.986835
1716975798.562569 0.155631 -0.439094 -0.128375 0.044542 0.008603 -0.127433 0.990809
1716975798.662510 0.190851 -0.435710 -0.140291 0.040507 0.002658 -0.109886 0.993115
1716975798.753853 0.205448 -0.434293 -0.133354 0.040524 -0.000994 -0.093305 0.994812
1716975798.771058 0.201112 -0.424980 -0.134594 0.038392 -0.000249 -0.082098 0.995884
1716975798.955658 0.215052 -0.418465 -0.138414 0.036963 -0.012057 -0.061686 0.997338
1716975798.970353 0.218959 -0.414128 -0.136133 0.036743 -0.011193 -0.063084 0.997269
1716975799.069323 0.228553 -0.422235 -0.142309 0.036621 -0.013845 -0.054735 0.997733
1716975799.225802 0.230171 -0.413265 -0.136907 0.046260 -0.018801 -0.049045 0.997548
1716975799.361707 0.222964 -0.413921 -0.130842 0.043731 -0.009035 -0.044253 0.998022
1716975799.461818 0.222844 -0.413265 -0.137540 0.041069 -0.012657 -0.037466 0.998373
1716975799.561876 0.213961 -0.416907 -0.141448 0.034794 -0.002585 -0.034872 0.998783
1716975799.661998 0.216382 -0.412843 -0.128758 0.033147 -0.003800 -0.032127 0.998927
1716975799.753918 0.200241 -0.407905 -0.122258 0.030955 -0.000789 -0.029144 0.999096
1716975799.862235 0.190612 -0.401257 -0.126395 0.026724 -0.006206 -0.031042 0.999141
1716975799.962826 0.187372 -0.398894 -0.129121 0.026367 -0.003964 -0.031946 0.999134
1716975800.041628 0.186435 -0.393369 -0.125309 0.023753 0.002123 -0.033467 0.999155
1716975800.160092 0.183370 -0.393012 -0.117723 0.022959 0.001292 -0.032775 0.999198
1716975800.251487 0.187098 -0.389445 -0.112371 0.023930 0.001398 -0.032801 0.999174
1716975800.360593 0.189546 -0.390615 -0.102645 0.022983 0.000947 -0.031778 0.999230
1716975800.460653 0.199409 -0.388877 -0.103258 0.021335 0.003924 -0.030843 0.999289
1716975800.552381 0.199106 -0.387805 -0.100361 0.020913 0.003877 -0.031734 0.999270
1716975800.660966 0.203173 -0.372058 -0.098445 0.018112 0.005449 -0.030742 0.999348
1716975800.760294 0.205801 -0.369288 -0.094941 0.017647 0.002142 -0.030691 0.999371
1716975800.860539 0.212272 -0.369534 -0.102323 0.016643 -0.002783 -0.027927 0.999468
1716975800.942391 0.217125 -0.370516 -0.097512 0.016870 -0.000529 -0.028323 0.999456
1716975801.051523 0.217753 -0.359409 -0.103084 0.017145 0.000323 -0.028567 0.999445
1716975801.160213 0.212508 -0.353264 -0.102369 0.015702 0.000263 -0.028183 0.999479
1716975801.260466 0.212773 -0.355004 -0.098312 0.016259 0.001017 -0.026919 0.999505
1716975801.353365 0.214762 -0.359348 -0.095617 0.016065 -0.000687 -0.027441 0.999494
1716975801.461850 0.219668 -0.366399 -0.098067 0.013239 0.003710 -0.026349 0.999558
1716975801.562001 0.219425 -0.366403 -0.095550 0.013450 0.001669 -0.024948 0.999597
1716975801.653723 0.217557 -0.359038 -0.084848 0.014415 0.006979 -0.022862 0.999610
1716975801.766681 0.213811 -0.355594 -0.083357 0.015847 0.004274 -0.022327 0.999616
1716975801.842279 0.210494 -0.353567 -0.083595 0.015757 0.004223 -0.021819 0.999629
