1714023044.807640 -0.000934 0.001369 -0.000794 -0.000132 -0.000319 -0.002431 0.999997
1714023044.906096 -0.002333 0.002467 -0.001509 0.000096 -0.000532 -0.005728 0.999983
1714023045.005800 -0.004704 0.003748 -0.002279 0.000706 -0.002323 -0.009046 0.999956
1714023045.106963 -0.003650 0.006522 -0.020181 0.001282 -0.002723 -0.014562 0.999889
1714023045.206071 -0.008223 0.008777 -0.023924 0.003638 -0.002443 -0.021229 0.999765
1714023045.308078 -0.011735 0.006916 -0.028158 0.005682 -0.003655 -0.030519 0.999511
1714023045.406979 -0.016018 0.004817 -0.029274 0.006769 -0.004768 -0.039408 0.999189
1714023045.506053 -0.021838 0.006796 -0.027975 0.009315 -0.006071 -0.049177 0.998728
1714023045.607051 -0.029689 0.008766 -0.029422 0.011083 -0.009346 -0.057638 0.998232
1714023045.706990 -0.035632 0.011334 -0.029565 0.012871 -0.013500 -0.068332 0.997488
1714023045.805818 -0.043578 0.013628 -0.030650 0.014031 -0.016542 -0.078508 0.996677
1714023045.907521 -0.052074 0.015170 -0.032452 0.012956 -0.018866 -0.090245 0.995657
1714023046.007102 -0.060919 0.016770 -0.033672 0.011857 -0.021580 -0.100479 0.994634
1714023046.107403 -0.070962 0.017009 -0.036096 0.012926 -0.025313 -0.110024 0.993522
1714023046.206981 -0.080088 0.014414 -0.038293 0.013077 -0.029728 -0.118276 0.992449
1714023046.307011 -0.090386 0.014306 -0.038673 0.012359 -0.033859 -0.124724 0.991537
1714023046.406033 -0.102210 0.017870 -0.041693 0.012873 -0.037387 -0.132004 0.990460
1714023046.507319 -0.113024 0.019146 -0.041952 0.008838 -0.042563 -0.136311 0.989712
1714023046.606904 -0.125044 0.018859 -0.041329 0.008565 -0.048237 -0.139467 0.989014
1714023046.705972 -0.133925 0.015633 -0.040160 0.008038 -0.048703 -0.140274 0.988881
1714023046.806960 -0.140859 0.015577 -0.037807 0.003814 -0.046908 -0.142616 0.988659
1714023046.906857 -0.147326 0.012836 -0.034915 -0.003684 -0.041011 -0.142246 0.988975
1714023047.007051 -0.153976 0.010996 -0.031920 -0.008008 -0.036057 -0.141995 0.989178
1714023047.106974 -0.159041 0.011086 -0.031790 -0.009538 -0.034171 -0.139701 0.989558
1714023047.206878 -0.163963 0.008442 -0.029251 -0.010371 -0.030743 -0.135528 0.990242
1714023047.307195 -0.166273 0.006110 -0.026893 -0.011779 -0.026976 -0.129942 0.991085
1714023047.407016 -0.167153 0.005179 -0.025671 -0.011198 -0.026105 -0.123914 0.991886
1714023047.506844 -0.168074 0.003482 -0.022741 -0.010761 -0.024919 -0.115413 0.992947
1714023047.605986 -0.165527 0.004338 -0.022395 -0.010793 -0.021558 -0.105519 0.994125
1714023047.706279 -0.159053 0.002168 -0.019880 -0.010708 -0.017607 -0.092412 0.995508
1714023047.806725 -0.150748 -0.001798 -0.017704 -0.009395 -0.012685 -0.076307 0.996959
1714023047.906047 -0.142000 -0.007008 -0.017361 -0.009677 -0.007173 -0.057785 0.998256
1714023048.004796 -0.133128 -0.012606 -0.014666 -0.012263 -0.002610 -0.037689 0.999211
1714023048.106826 -0.124689 -0.018707 -0.012147 -0.012368 0.000920 -0.016126 0.999793
1714023048.206995 -0.114156 -0.019190 -0.014859 -0.011046 0.003441 0.006548 0.999912
1714023048.305157 -0.103498 -0.022292 -0.014285 -0.007311 0.006483 0.027990 0.999560
1714023048.406798 -0.091628 -0.024984 -0.015344 -0.004527 0.009284 0.048437 0.998773
1714023048.506969 -0.080923 -0.027727 -0.015841 -0.004475 0.010589 0.069593 0.997509
1714023048.606951 -0.071130 -0.029343 -0.016442 -0.004203 0.011060 0.089585 0.995909
1714023048.705236 -0.060629 -0.030872 -0.016993 0.000392 0.013328 0.107959 0.994066
1714023048.805961 -0.049825 -0.030375 -0.017046 -0.001692 0.019454 0.127676 0.991624
1714023048.906881 -0.036212 -0.029174 -0.016273 -0.006088 0.021972 0.147518 0.988797
1714023049.006824 -0.015861 -0.028329 -0.014307 -0.009544 0.022893 0.169557 0.985208
1714023049.105121 0.007408 -0.025871 -0.009159 -0.011119 0.023107 0.192842 0.980895
1714023049.206884 0.033078 -0.024307 -0.005512 -0.013777 0.022556 0.214498 0.976367
1714023049.306851 0.060731 -0.020807 -0.003344 -0.014606 0.020736 0.235403 0.971567
1714023049.406945 0.087176 -0.017480 -0.000478 -0.016980 0.019168 0.247675 0.968505
1714023049.506853 0.115933 -0.015806 0.002597 -0.011993 0.016113 0.258057 0.965921
1714023049.606824 0.144482 -0.012472 0.005054 -0.007014 0.017285 0.265322 0.963979
1714023049.705920 0.171398 -0.008873 0.009160 -0.005261 0.014235 0.266851 0.963618
1714023049.806852 0.197278 -0.004382 0.013368 -0.006096 0.007097 0.263053 0.964736
1714023049.907542 0.218564 -0.002078 0.016605 -0.006585 -0.000563 0.248883 0.968511
1714023050.005894 0.235958 -0.001739 0.019087 -0.011852 -0.008837 0.235067 0.971867
1714023050.105125 0.251051 -0.003294 0.025107 -0.016270 -0.014604 0.221812 0.974844
1714023050.206772 0.263144 -0.005986 0.033350 -0.020455 -0.019832 0.208382 0.977633
1714023050.306769 0.268372 -0.011744 0.039487 -0.027030 -0.029818 0.191753 0.980618
1714023050.407076 0.265549 -0.017542 0.045593 -0.032837 -0.035143 0.169382 0.984376
1714023050.506986 0.252351 -0.023567 0.050727 -0.038692 -0.037523 0.143640 0.988161
1714023050.605968 0.231250 -0.027477 0.052047 -0.042651 -0.038556 0.114404 0.991769
1714023050.705502 0.204782 -0.031943 0.052167 -0.044295 -0.037664 0.081030 0.995014
1714023050.806911 0.172862 -0.035808 0.052440 -0.039173 -0.034706 0.049572 0.997398
1714023050.907512 0.140247 -0.036357 0.051453 -0.039120 -0.034044 0.016786 0.998513
1714023051.006842 0.108369 -0.033422 0.051091 -0.038887 -0.032199 -0.019239 0.998539
1714023051.105731 0.074839 -0.030441 0.049572 -0.035164 -0.028541 -0.053079 0.997563
1714023051.205835 0.038856 -0.027944 0.048074 -0.035618 -0.024975 -0.082311 0.995657
1714023051.306649 0.002429 -0.024603 0.047100 -0.034687 -0.020817 -0.110028 0.993105
1714023051.406914 -0.032228 -0.021677 0.047199 -0.035097 -0.017746 -0.135982 0.989930
1714023051.506828 -0.065390 -0.019723 0.047942 -0.035416 -0.011998 -0.157359 0.986833
1714023051.606987 -0.095601 -0.019674 0.049164 -0.037062 -0.002163 -0.167039 0.985251
1714023051.707087 -0.120327 -0.021659 0.053557 -0.037031 0.008536 -0.166450 0.985317
1714023051.805866 -0.142075 -0.021940 0.055381 -0.036028 0.018610 -0.160460 0.986209
1714023051.906876 -0.158250 -0.026169 0.058809 -0.041498 0.025932 -0.155302 0.986654
1714023052.002871 -0.172224 -0.033450 0.066184 -0.041979 0.035302 -0.146602 0.987674
1714023052.108196 -0.178483 -0.042676 0.072020 -0.038823 0.051621 -0.134146 0.988854
1714023052.207011 -0.179365 -0.052313 0.077007 -0.039680 0.059574 -0.115470 0.990729
1714023052.306957 -0.172490 -0.063937 0.081004 -0.039773 0.057927 -0.093728 0.993115
1714023052.407585 -0.156395 -0.076495 0.082510 -0.040753 0.056097 -0.069260 0.995186
1714023052.506796 -0.130300 -0.089498 0.083811 -0.039068 0.054389 -0.041733 0.996882
1714023052.610036 -0.101068 -0.102272 0.079492 -0.029994 0.049151 -0.012574 0.998262
1714023052.707004 -0.066168 -0.110014 0.075733 -0.026537 0.042422 0.016078 0.998618
1714023052.806895 -0.027159 -0.112742 0.072989 -0.028481 0.035194 0.044876 0.997966
1714023052.907031 0.012285 -0.117826 0.069617 -0.022576 0.024931 0.074897 0.996624
1714023053.006946 0.051822 -0.121333 0.066251 -0.021449 0.014220 0.100320 0.994622
1714023053.108470 0.087178 -0.121190 0.064617 -0.020901 0.000787 0.123783 0.992089
1714023053.206864 0.116587 -0.117495 0.063372 -0.020233 -0.010814 0.140255 0.989850
1714023053.306844 0.142871 -0.116528 0.062873 -0.020409 -0.025820 0.152592 0.987741
1714023053.406934 0.163966 -0.114595 0.062084 -0.017861 -0.040975 0.162130 0.985757
1714023053.506679 0.180981 -0.109593 0.061064 -0.017065 -0.056979 0.166880 0.984182
1714023053.606726 0.195556 -0.107168 0.062838 -0.017777 -0.069495 0.168079 0.983160
1714023053.706912 0.203502 -0.101905 0.063071 -0.023406 -0.080083 0.165273 0.982713
1714023053.806790 0.208794 -0.099633 0.068691 -0.032117 -0.086527 0.161374 0.982568
1714023053.905027 0.207035 -0.092588 0.076707 -0.047777 -0.089193 0.153088 0.983019
1714023054.007149 0.198410 -0.084843 0.084124 -0.062297 -0.088308 0.138409 0.984461
1714023054.106650 0.181428 -0.081269 0.091849 -0.071532 -0.085117 0.117829 0.986790
1714023054.206788 0.158371 -0.077849 0.097074 -0.077881 -0.080319 0.094301 0.989237
1714023054.306716 0.129877 -0.075841 0.100793 -0.084662 -0.073371 0.069266 0.991288
1714023054.406796 0.101695 -0.074206 0.102133 -0.087980 -0.066489 0.045654 0.992852
1714023054.506779 0.071513 -0.074684 0.103616 -0.084781 -0.054307 0.022681 0.994660
1714023054.606859 0.040615 -0.074887 0.102113 -0.076891 -0.040389 -0.000927 0.996221
1714023054.706848 0.007707 -0.072699 0.099066 -0.067502 -0.028682 -0.027898 0.996917
1714023054.806957 -0.026222 -0.072722 0.095804 -0.055708 -0.015274 -0.055373 0.996793
1714023054.906865 -0.059517 -0.072684 0.092030 -0.047290 0.000671 -0.085457 0.995219
1714023055.004835 -0.093628 -0.070839 0.085898 -0.027180 0.014034 -0.112916 0.993134
1714023055.106801 -0.128112 -0.066594 0.078035 -0.007126 0.018067 -0.137820 0.990267
1714023055.206805 -0.159221 -0.061230 0.068196 0.002572 0.022430 -0.162084 0.986519
1714023055.307799 -0.185541 -0.053938 0.057061 0.018555 0.027457 -0.182445 0.982657
1714023055.406897 -0.207434 -0.048807 0.045713 0.032531 0.031284 -0.196386 0.979487
1714023055.506063 -0.225086 -0.043899 0.036606 0.044258 0.032102 -0.204122 0.977418
1714023055.606736 -0.235550 -0.043089 0.024465 0.056687 0.032778 -0.209961 0.975514
1714023055.708565 -0.241024 -0.047470 0.013300 0.070216 0.029064 -0.206622 0.975465
1714023055.806856 -0.241458 -0.054041 0.006190 0.076742 0.023234 -0.201671 0.976166
1714023055.902882 -0.233016 -0.062676 0.006527 0.077412 0.016565 -0.187637 0.979043
1714023056.007305 -0.220895 -0.074053 0.011271 0.076612 0.013775 -0.169608 0.982433
1714023056.104987 -0.203180 -0.083352 0.018223 0.068276 0.013412 -0.148614 0.986444
1714023056.206714 -0.180390 -0.092682 0.026149 0.057579 0.014298 -0.128280 0.989962
1714023056.306882 -0.152244 -0.100159 0.033351 0.046174 0.014704 -0.104723 0.993320
1714023056.406785 -0.120667 -0.107224 0.042311 0.037429 0.015308 -0.079174 0.996040
1714023056.507003 -0.083740 -0.112827 0.049986 0.023907 0.013344 -0.051145 0.998316
1714023056.606858 -0.042722 -0.117918 0.056594 0.013352 0.008898 -0.018536 0.999699
1714023056.702681 0.006805 -0.124320 0.063386 0.007574 0.006075 0.022644 0.999696
1714023056.806730 0.059227 -0.127786 0.070146 0.001372 0.004807 0.065181 0.997861
1714023056.904861 0.115232 -0.127103 0.071090 0.003000 0.000104 0.112475 0.993650
1714023057.006803 0.168939 -0.122288 0.069825 0.003831 -0.005865 0.158026 0.987410
1714023057.108050 0.220903 -0.111926 0.067797 0.006765 -0.008305 0.200696 0.979595
1714023057.206670 0.264689 -0.097616 0.064364 0.009283 -0.008278 0.236905 0.971453
1714023057.306592 0.299977 -0.084375 0.061854 0.009970 -0.008606 0.267455 0.963480
1714023057.407032 0.325543 -0.074157 0.057997 0.012768 -0.011985 0.284413 0.958542
1714023057.505719 0.339289 -0.066625 0.055725 0.014735 -0.013575 0.288086 0.957395
1714023057.606887 0.336738 -0.066759 0.057109 0.013400 -0.013204 0.276267 0.960897
1714023057.705384 0.317712 -0.068338 0.058627 0.009277 -0.012416 0.251963 0.967613
1714023057.806650 0.287821 -0.071789 0.059813 0.005554 -0.011513 0.220667 0.975265
1714023057.906767 0.248471 -0.074017 0.061303 0.001297 -0.011997 0.178110 0.983937
1714023058.006656 0.201746 -0.072658 0.061966 -0.001775 -0.015986 0.129569 0.991440
1714023058.107048 0.152375 -0.070864 0.062984 -0.002487 -0.018246 0.076662 0.996887
1714023058.206714 0.103241 -0.064389 0.064506 -0.001943 -0.020648 0.025944 0.999448
1714023058.307025 0.055795 -0.055248 0.064465 -0.004843 -0.028568 -0.017850 0.999421
1714023058.406614 0.011357 -0.045747 0.062951 -0.005663 -0.040173 -0.057013 0.997549
1714023058.506555 -0.029798 -0.034759 0.060248 -0.004561 -0.049501 -0.090179 0.994684
1714023058.606665 -0.068484 -0.025131 0.055918 0.000183 -0.059468 -0.117990 0.991233
1714023058.705917 -0.102403 -0.014867 0.050785 0.001766 -0.064552 -0.147304 0.986981
1714023058.806831 -0.134228 -0.004849 0.045366 0.002166 -0.064202 -0.173944 0.982658
1714023058.906644 -0.161752 0.004315 0.044012 0.000641 -0.058302 -0.199316 0.978199
1714023059.006622 -0.183818 0.012735 0.043231 -0.004244 -0.043559 -0.217907 0.974988
1714023059.107070 -0.200959 0.013722 0.045563 -0.006356 -0.021404 -0.223944 0.974346
1714023059.206606 -0.209681 0.008170 0.046913 -0.001766 -0.004872 -0.220859 0.975292
1714023059.306605 -0.211690 -0.002895 0.048216 0.002629 0.003778 -0.205537 0.978638
1714023059.405932 -0.205055 -0.017902 0.046477 0.006966 0.012515 -0.183063 0.982997
1714023059.506622 -0.190903 -0.037925 0.047904 0.014889 0.019769 -0.159866 0.986828
1714023059.606869 -0.174598 -0.054853 0.047779 0.021153 0.027558 -0.137847 0.989844
1714023059.706602 -0.161356 -0.069701 0.041801 0.031243 0.026858 -0.117041 0.992272
1714023059.806425 -0.150266 -0.079057 0.032532 0.035531 0.024070 -0.103258 0.993728
1714023059.906654 -0.141390 -0.087659 0.019513 0.045463 0.019004 -0.099198 0.993847
1714023060.007193 -0.136107 -0.092210 0.006187 0.056947 0.015479 -0.096671 0.993565
1714023060.106401 -0.132465 -0.091048 -0.008906 0.063533 0.018723 -0.098627 0.992918
1714023060.206388 -0.128809 -0.089872 -0.025664 0.067706 0.020250 -0.099467 0.992528
1714023060.305741 -0.123460 -0.088231 -0.043772 0.071986 0.019282 -0.101451 0.992045
1714023060.406573 -0.118980 -0.086989 -0.061731 0.075377 0.015473 -0.104065 0.991589
1714023060.505723 -0.114785 -0.081429 -0.081183 0.084116 0.016850 -0.106620 0.990592
1714023060.607476 -0.109624 -0.077976 -0.100825 0.086933 0.016449 -0.109098 0.990086
1714023060.706571 -0.105546 -0.077039 -0.118315 0.089428 0.015599 -0.106882 0.990119
1714023060.807693 -0.100062 -0.075873 -0.132288 0.091358 0.013496 -0.107668 0.989888
1714023060.906868 -0.095397 -0.077793 -0.139637 0.087998 0.015479 -0.108760 0.990044
1714023061.006575 -0.091888 -0.076883 -0.136369 0.077564 0.015051 -0.108690 0.990931
1714023061.107490 -0.086041 -0.072518 -0.124522 0.068315 0.012151 -0.109347 0.991579
1714023061.206720 -0.079955 -0.070697 -0.099336 0.056065 0.012052 -0.106969 0.992607
1714023061.306574 -0.075270 -0.069126 -0.068897 0.036760 0.012886 -0.100075 0.994217
1714023061.406540 -0.071776 -0.065666 -0.036076 0.017594 0.012303 -0.093185 0.995417
1714023061.506539 -0.066657 -0.062079 0.000843 -0.002560 0.012484 -0.084099 0.996376
1714023061.611515 -0.064148 -0.060029 0.031313 -0.019783 0.011673 -0.073117 0.997059
1714023061.706757 -0.063139 -0.057786 0.058255 -0.031064 0.007728 -0.063679 0.997457
1714023061.806634 -0.063593 -0.056503 0.078362 -0.043753 0.005274 -0.057786 0.997356
1714023061.906523 -0.063535 -0.056696 0.093128 -0.055291 0.003439 -0.054721 0.996964
1714023062.006435 -0.060370 -0.058566 0.104869 -0.058768 0.005306 -0.051804 0.996912
1714023062.106788 -0.053300 -0.060489 0.109745 -0.067036 0.009706 -0.042982 0.996777
1714023062.206493 -0.040791 -0.065220 0.109299 -0.063888 0.011397 -0.031397 0.997398
1714023062.306521 -0.025731 -0.070344 0.103000 -0.048321 0.010889 -0.021994 0.998530
1714023062.406625 -0.007577 -0.076381 0.095403 -0.037342 0.010867 -0.009579 0.999198
1714023062.506869 0.014120 -0.082455 0.087285 -0.024216 0.007538 0.000839 0.999678
1714023062.607725 0.036009 -0.088414 0.078299 -0.008888 0.004083 0.008314 0.999918
1714023062.706556 0.059161 -0.096202 0.069495 -0.001624 0.004464 0.016803 0.999848
1714023062.806518 0.084001 -0.101474 0.062661 0.007036 -0.000186 0.021040 0.999754
1714023062.906770 0.109024 -0.108085 0.055710 0.015790 -0.001189 0.025729 0.999544
1714023063.006710 0.132484 -0.113600 0.050881 0.018119 0.005820 0.030230 0.999362
1714023063.106740 0.151845 -0.120322 0.050232 0.010883 0.009316 0.035268 0.999275
1714023063.206452 0.166476 -0.137436 0.048212 0.016710 0.016581 0.039208 0.998954
1714023063.306563 0.177462 -0.163077 0.047085 0.020850 0.022166 0.043156 0.998605
1714023063.406518 0.186290 -0.195320 0.048427 0.022855 0.028634 0.043624 0.998376
1714023063.506727 0.191629 -0.232477 0.048960 0.021439 0.033264 0.045096 0.998198
1714023063.606856 0.193390 -0.278755 0.049755 0.022689 0.028685 0.049438 0.998107
1714023063.708445 0.192856 -0.329685 0.049889 0.022408 0.022065 0.055983 0.997936
1714023063.806692 0.191296 -0.386957 0.051559 0.012169 0.017686 0.062341 0.997824
1714023063.906501 0.189456 -0.450346 0.056276 0.015202 0.013342 0.067967 0.997483
1714023064.006490 0.186585 -0.510232 0.057705 0.014895 0.005104 0.062741 0.997906
1714023064.106437 0.183685 -0.566880 0.063177 0.017997 0.009904 0.059079 0.998042
1714023064.206560 0.183818 -0.623185 0.067743 0.016312 0.012855 0.049731 0.998547
1714023064.306462 0.186886 -0.684237 0.065812 0.022651 0.010437 0.044164 0.998713
1714023064.406618 0.191885 -0.752634 0.065018 0.024897 0.006653 0.038245 0.998936
1714023064.504852 0.200678 -0.826553 0.064891 0.024557 0.006053 0.022146 0.999435
1714023064.606393 0.210958 -0.900566 0.070554 0.010045 0.001532 0.005835 0.999931
1714023064.704780 0.219943 -0.977982 0.079802 0.010323 -0.000273 -0.003392 0.999941
1714023064.806508 0.228578 -1.049904 0.085678 0.012345 0.007042 -0.015781 0.999774
1714023064.905202 0.231730 -1.127695 0.088048 0.019669 0.009326 -0.015735 0.999639
1714023065.006427 0.233909 -1.208440 0.087491 0.013611 0.006781 -0.013565 0.999792
1714023065.106612 0.232518 -1.294441 0.085486 0.012424 -0.001623 -0.005364 0.999907
1714023065.206507 0.226635 -1.378550 0.090581 0.004718 -0.002706 0.001930 0.999983
1714023065.306589 0.219894 -1.460959 0.102558 -0.006908 -0.006611 0.012946 0.999870
1714023065.406475 0.214012 -1.540949 0.114016 -0.005817 -0.001617 0.012217 0.999907
1714023065.508147 0.208866 -1.614445 0.120529 -0.000783 0.001616 0.013858 0.999902
1714023065.606598 0.203879 -1.693542 0.121928 -0.002289 0.002584 0.020301 0.999788
1714023065.706472 0.201868 -1.774605 0.120325 -0.002145 0.003308 0.018503 0.999821
1714023065.806411 0.203951 -1.860899 0.118093 -0.001701 0.005319 0.011057 0.999923
1714023065.906381 0.208390 -1.950277 0.122716 -0.009542 0.009962 0.008154 0.999872
1714023066.006493 0.212729 -2.041197 0.132215 -0.005094 0.010638 0.006412 0.999910
1714023066.106414 0.215592 -2.125641 0.142999 -0.003195 0.011540 0.001775 0.999927
1714023066.206540 0.217422 -2.212108 0.148861 0.001207 0.010244 0.004029 0.999939
1714023066.306637 0.215443 -2.293402 0.155234 -0.003178 0.008236 0.003589 0.999955
1714023066.406395 0.212526 -2.383205 0.155895 -0.007116 0.004176 0.010508 0.999911
1714023066.506494 0.209050 -2.475151 0.151989 -0.010831 0.000282 0.018297 0.999774
1714023066.606483 0.205525 -2.561366 0.158994 -0.012738 -0.000072 0.026399 0.999570
1714023066.705216 0.202492 -2.648878 0.168087 -0.008474 0.006244 0.028900 0.999527
1714023066.806341 0.197909 -2.730386 0.174341 -0.000675 0.004896 0.030897 0.999510
1714023066.906720 0.191740 -2.810782 0.177307 0.002379 0.002774 0.030262 0.999535
1714023067.006393 0.189794 -2.894609 0.180160 -0.000746 0.007179 0.022552 0.999720
1714023067.106461 0.192430 -2.982488 0.180512 -0.003068 0.009525 0.009815 0.999902
1714023067.206422 0.195164 -3.070911 0.184866 -0.008634 0.010735 0.001376 0.999904
1714023067.306364 0.200206 -3.158995 0.193083 -0.001194 0.012708 -0.012098 0.999845
1714023067.406466 0.203847 -3.243234 0.199821 0.003918 0.013294 -0.015167 0.999789
1714023067.506462 0.206367 -3.328598 0.203692 0.010372 0.010038 -0.013095 0.999810
1714023067.606387 0.207586 -3.413833 0.203495 0.010591 0.005180 -0.018312 0.999763
1714023067.706486 0.204497 -3.505886 0.199570 0.005860 -0.000913 -0.014786 0.999873
1714023067.806584 0.197968 -3.597833 0.194826 0.007587 -0.010564 -0.017821 0.999757
1714023067.906349 0.190291 -3.681387 0.201708 0.009002 -0.011010 -0.029805 0.999455
1714023068.006465 0.182659 -3.764241 0.211474 0.015377 -0.002687 -0.030410 0.999416
1714023068.106328 0.176828 -3.841574 0.215292 0.023997 0.001299 -0.032901 0.999170
1714023068.206306 0.172959 -3.919751 0.217076 0.016199 0.012065 -0.028007 0.999404
1714023068.306325 0.173291 -4.004494 0.219360 0.015205 0.016483 -0.019502 0.999558
1714023068.406396 0.181002 -4.091347 0.218925 0.005264 0.020918 -0.014481 0.999662
1714023068.506320 0.189465 -4.181811 0.227560 0.000803 0.023149 -0.003409 0.999726
1714023068.606311 0.198910 -4.267605 0.237230 0.004073 0.025109 0.001888 0.999675
1714023068.706423 0.209880 -4.348143 0.237885 0.014041 0.029893 0.003499 0.999448
1714023068.806294 0.218485 -4.431264 0.242710 0.015483 0.028690 0.005951 0.999451
1714023068.907022 0.224541 -4.514820 0.243633 0.013845 0.023449 0.011464 0.999563
1714023069.006356 0.227426 -4.601473 0.243259 0.009040 0.015812 0.016192 0.999703
1714023069.106305 0.226732 -4.687723 0.248350 0.003457 0.006308 0.024167 0.999682
1714023069.206441 0.229465 -4.769574 0.253236 0.006100 0.009411 0.028786 0.999523
1714023069.306598 0.232826 -4.845355 0.261791 0.005729 0.014585 0.033091 0.999329
1714023069.406406 0.237168 -4.912928 0.269500 0.005949 0.010798 0.034949 0.999313
1714023069.503022 0.244876 -4.989676 0.271850 0.002651 0.007334 0.038309 0.999236
1714023069.606359 0.254872 -5.065195 0.271753 0.001428 0.007990 0.031860 0.999459
1714023069.705730 0.266938 -5.141212 0.274370 -0.006423 0.006844 0.021825 0.999718
1714023069.806230 0.280035 -5.221004 0.276407 -0.015709 0.006659 0.015978 0.999727
1714023069.906350 0.296485 -5.302890 0.284789 -0.013801 0.008495 0.012572 0.999790
1714023070.006261 0.311433 -5.376653 0.286537 -0.007739 0.010827 0.007766 0.999881
1714023070.106351 0.321949 -5.450687 0.288239 -0.001656 0.006252 0.012350 0.999903
1714023070.206213 0.330078 -5.523402 0.284785 0.001706 0.002069 0.000876 0.999996
1714023070.306276 0.333400 -5.603587 0.281354 -0.001224 -0.003016 -0.000531 0.999995
1714023070.406247 0.334466 -5.684910 0.280447 -0.008777 -0.003052 -0.001965 0.999955
1714023070.506341 0.336335 -5.767048 0.284577 -0.004146 -0.001190 -0.002128 0.999988
1714023070.606212 0.341272 -5.844961 0.290839 -0.000001 0.003551 -0.006244 0.999974
1714023070.705915 0.346955 -5.917306 0.297129 0.006832 0.004906 -0.008272 0.999930
1714023070.806307 0.355062 -5.991364 0.301164 0.004507 0.012160 -0.003236 0.999911
1714023070.906245 0.365900 -6.064140 0.302595 0.003710 0.016514 0.000427 0.999857
1714023071.006387 0.379173 -6.139530 0.302462 -0.001454 0.014621 -0.003194 0.999887
1714023071.106330 0.396466 -6.212644 0.302367 -0.007167 0.009139 -0.014428 0.999828
1714023071.206223 0.412791 -6.294909 0.306529 -0.005113 0.002461 -0.024255 0.999690
1714023071.306326 0.427843 -6.373158 0.317317 -0.003663 0.000917 -0.033891 0.999418
1714023071.406286 0.439556 -6.446603 0.325265 0.004325 -0.003514 -0.043987 0.999017
1714023071.506233 0.449593 -6.517996 0.326957 0.010520 -0.006839 -0.054298 0.998446
1714023071.606291 0.454653 -6.586649 0.323647 0.010003 -0.008362 -0.065876 0.997743
1714023071.706266 0.458685 -6.658058 0.322167 0.008353 -0.009146 -0.074271 0.997161
1714023071.806339 0.462956 -6.727172 0.318722 0.001839 -0.008513 -0.087712 0.996108
1714023071.904134 0.468046 -6.793886 0.315175 -0.007497 -0.006034 -0.106252 0.994293
1714023072.006266 0.470796 -6.853604 0.317354 -0.004473 -0.009344 -0.126682 0.991889
1714023072.106165 0.471533 -6.907123 0.323178 0.006560 -0.012927 -0.154427 0.987898
1714023072.206280 0.476843 -6.954565 0.329029 0.007271 -0.012204 -0.179227 0.983705
1714023072.305734 0.486664 -6.997433 0.330722 0.008986 -0.007231 -0.210420 0.977543
1714023072.406195 0.499918 -7.037954 0.326757 0.009767 -0.011043 -0.249116 0.968361
1714023072.506274 0.520121 -7.076527 0.326176 0.001226 -0.017915 -0.282718 0.959035
1714023072.606122 0.543929 -7.118730 0.329337 0.009472 -0.022817 -0.322736 0.946167
1714023072.706788 0.565679 -7.158049 0.333247 0.013120 -0.030084 -0.352850 0.935104
1714023072.806261 0.586406 -7.194234 0.335168 0.008869 -0.033014 -0.379029 0.924753
1714023072.906238 0.601799 -7.231332 0.334661 0.012970 -0.034680 -0.395722 0.917623
1714023073.006168 0.613860 -7.266457 0.330721 0.018434 -0.034593 -0.410288 0.911113
1714023073.106276 0.625278 -7.301215 0.326655 0.022485 -0.031844 -0.423009 0.905286
1714023073.206263 0.636828 -7.338772 0.320437 0.022255 -0.032091 -0.432237 0.900914
1714023073.306139 0.649017 -7.375150 0.315110 0.023601 -0.034501 -0.444546 0.894780
1714023073.407118 0.662397 -7.407654 0.310638 0.015962 -0.034694 -0.456445 0.888932
1714023073.506395 0.682537 -7.441814 0.306689 0.017571 -0.032687 -0.467001 0.883478
1714023073.606131 0.707052 -7.475356 0.306855 0.026052 -0.030362 -0.467804 0.882926
1714023073.706131 0.735651 -7.506430 0.311972 0.031858 -0.021528 -0.467562 0.883123
1714023073.806208 0.769551 -7.536418 0.320305 0.033031 -0.016093 -0.466622 0.883693
1714023073.906097 0.803332 -7.567754 0.330415 0.035980 -0.008365 -0.466050 0.883987
1714023074.006221 0.839353 -7.597742 0.336034 0.040073 0.000750 -0.462051 0.885947
1714023074.106240 0.875097 -7.625630 0.339149 0.035228 0.001028 -0.460873 0.886766
1714023074.206120 0.905236 -7.654706 0.342482 0.033088 -0.002889 -0.457429 0.888626
1714023074.306253 0.933017 -7.685298 0.343274 0.031658 -0.003033 -0.447171 0.893883
1714023074.406204 0.956936 -7.712377 0.345587 0.027972 -0.004161 -0.428060 0.903308
1714023074.506133 0.974924 -7.741376 0.349866 0.031864 0.000226 -0.405890 0.913366
1714023074.606220 0.990658 -7.771757 0.353639 0.031983 0.008158 -0.380719 0.924101
1714023074.705952 1.002117 -7.806208 0.357439 0.038567 0.010918 -0.353344 0.934634
1714023074.806163 1.013522 -7.841837 0.358250 0.042792 0.011224 -0.328157 0.943587
1714023074.906182 1.020697 -7.880915 0.358878 0.044366 0.014950 -0.298230 0.953345
1714023075.006188 1.024504 -7.923266 0.360017 0.043406 0.017969 -0.272203 0.961092
1714023075.106096 1.025784 -7.969472 0.358288 0.042513 0.018934 -0.241573 0.969266
1714023075.206090 1.021080 -8.017748 0.359525 0.035813 0.022840 -0.210411 0.976690
1714023075.304935 1.016848 -8.066835 0.363786 0.026118 0.014242 -0.182288 0.982795
1714023075.406098 1.012385 -8.118102 0.368655 0.021847 0.014320 -0.157357 0.987196
1714023075.506203 1.008860 -8.167571 0.372908 0.018996 0.022824 -0.135046 0.990394
1714023075.606132 1.006586 -8.216403 0.375777 0.024747 0.031061 -0.110152 0.993121
1714023075.706061 1.007584 -8.264374 0.377617 0.024058 0.032786 -0.088262 0.995267
1714023075.806453 1.011365 -8.313731 0.378503 0.028880 0.031223 -0.066827 0.996858
1714023075.907054 1.018115 -8.361932 0.379880 0.019052 0.028461 -0.054473 0.997928
1714023076.005680 1.025737 -8.414467 0.380945 0.011099 0.018870 -0.044456 0.998771
1714023076.106027 1.034545 -8.471164 0.386878 -0.003107 0.009959 -0.042580 0.999039
1714023076.206079 1.043449 -8.527372 0.396719 -0.007229 0.011075 -0.035460 0.999284
1714023076.306047 1.052036 -8.578838 0.401431 -0.013376 0.011308 -0.029598 0.999408
1714023076.406073 1.057932 -8.628234 0.405066 -0.006188 0.010415 -0.020792 0.999710
1714023076.506069 1.063400 -8.677070 0.405717 -0.005921 0.009608 -0.017241 0.999788
1714023076.606048 1.067469 -8.731226 0.403337 -0.004401 0.009595 -0.007261 0.999918
1714023076.706108 1.068672 -8.791550 0.402162 -0.003740 0.009314 -0.001760 0.999948
1714023076.806068 1.066252 -8.847481 0.403361 -0.012806 0.002340 -0.013397 0.999826
1714023076.906138 1.053629 -8.902551 0.404570 -0.020633 -0.005333 -0.031486 0.999277
1714023077.006135 1.043516 -8.951584 0.409158 -0.022442 -0.015575 -0.059521 0.997853
1714023077.106094 1.033413 -8.995189 0.414156 -0.025912 -0.022847 -0.088980 0.995434
1714023077.206030 1.027365 -9.032358 0.421825 -0.023593 -0.018260 -0.122278 0.992047
1714023077.305916 1.021711 -9.073239 0.425934 -0.025763 -0.015216 -0.150349 0.988180
1714023077.406104 1.015529 -9.117704 0.426699 -0.025939 -0.009859 -0.180868 0.983116
1714023077.507413 1.013219 -9.161764 0.426432 -0.027608 -0.010841 -0.219067 0.975259
1714023077.606129 1.013809 -9.202846 0.425900 -0.033055 -0.018548 -0.261440 0.964475
1714023077.706196 1.014081 -9.243018 0.425157 -0.038304 -0.025393 -0.304193 0.951501
1714023077.805960 1.014883 -9.279954 0.426228 -0.037648 -0.029720 -0.346634 0.936773
1714023077.906139 1.014687 -9.311290 0.429576 -0.041128 -0.035310 -0.382059 0.922547
1714023078.006066 1.009975 -9.341117 0.431936 -0.039028 -0.038282 -0.412939 0.909117
1714023078.104064 1.002954 -9.369140 0.431660 -0.031167 -0.036126 -0.440086 0.896687
1714023078.205942 0.993042 -9.391974 0.429841 -0.026793 -0.033881 -0.466854 0.883279
1714023078.306086 0.981323 -9.415432 0.425649 -0.023189 -0.032149 -0.488866 0.871458
1714023078.406375 0.969806 -9.436925 0.421437 -0.026051 -0.028856 -0.512359 0.857891
1714023078.506150 0.954160 -9.458973 0.418346 -0.027497 -0.027414 -0.532898 0.845288
1714023078.606021 0.936508 -9.480172 0.417136 -0.032617 -0.024680 -0.553082 0.832123
1714023078.706336 0.918843 -9.503570 0.416107 -0.031788 -0.031045 -0.570646 0.819993
1714023078.806108 0.897278 -9.528447 0.418103 -0.021586 -0.039551 -0.589869 0.806241
1714023078.906054 0.878740 -9.555005 0.424065 -0.014471 -0.033404 -0.602329 0.797418
1714023079.006999 0.861175 -9.582739 0.430237 -0.008469 -0.025538 -0.612681 0.789872
1714023079.106326 0.842994 -9.613440 0.430377 -0.006730 -0.019659 -0.626213 0.779375
1714023079.206164 0.822844 -9.646749 0.428343 -0.002170 -0.022154 -0.640759 0.767420
1714023079.305921 0.801553 -9.678497 0.424897 -0.009029 -0.028356 -0.655153 0.754910
1714023079.406086 0.777445 -9.708372 0.426004 -0.015993 -0.033200 -0.665922 0.745110
1714023079.506034 0.749663 -9.737620 0.431331 -0.015142 -0.032754 -0.672961 0.738797
1714023079.606149 0.716316 -9.766067 0.436233 -0.009432 -0.032587 -0.680253 0.732192
1714023079.706109 0.674684 -9.789993 0.436634 0.000352 -0.035049 -0.682439 0.730102
1714023079.806461 0.630603 -9.810836 0.435178 0.007046 -0.038955 -0.687950 0.724678
1714023079.906152 0.581396 -9.824145 0.431572 0.008840 -0.049681 -0.693376 0.718807
1714023080.005937 0.522840 -9.833591 0.427338 0.007465 -0.056448 -0.694197 0.717530
1714023080.105962 0.457615 -9.843663 0.427093 0.006083 -0.050941 -0.692469 0.719621
1714023080.206111 0.392993 -9.851873 0.431152 0.012026 -0.046495 -0.689407 0.722781
1714023080.305945 0.329666 -9.858836 0.433362 0.015971 -0.044695 -0.685550 0.726477
1714023080.405962 0.263187 -9.868750 0.436225 0.021570 -0.046136 -0.678073 0.733228
1714023080.506127 0.197363 -9.880022 0.436442 0.021632 -0.043891 -0.679826 0.731739
1714023080.606025 0.129620 -9.893697 0.435030 0.022104 -0.041084 -0.684543 0.727478
1714023080.706020 0.061035 -9.909468 0.432001 0.015703 -0.039074 -0.696181 0.716630
1714023080.806126 -0.004224 -9.923329 0.434809 0.010658 -0.038488 -0.704056 0.709020
1714023080.906725 -0.069554 -9.937795 0.440936 0.010038 -0.040423 -0.710615 0.702347
1714023081.006043 -0.141158 -9.950363 0.442319 0.011648 -0.046835 -0.714821 0.697641
1714023081.106241 -0.209492 -9.957784 0.443552 0.018336 -0.052269 -0.718875 0.692928
1714023081.206030 -0.285172 -9.960315 0.440657 0.019187 -0.052455 -0.721740 0.689907
1714023081.305949 -0.365576 -9.961705 0.440350 0.015370 -0.043448 -0.718058 0.694455
1714023081.406945 -0.448019 -9.962630 0.443422 0.005397 -0.036270 -0.709369 0.703883
1714023081.506090 -0.528046 -9.961103 0.445789 0.008147 -0.039362 -0.701827 0.711213
1714023081.605947 -0.602436 -9.958138 0.447780 0.013313 -0.037595 -0.698021 0.714966
1714023081.705851 -0.679425 -9.957140 0.446708 0.021485 -0.039167 -0.692887 0.719661
1714023081.806010 -0.758635 -9.957192 0.445178 0.024348 -0.035956 -0.691891 0.720695
1714023081.905928 -0.840422 -9.963068 0.444664 0.021261 -0.033233 -0.695071 0.717858
1714023082.005980 -0.925192 -9.972833 0.445698 0.018734 -0.025574 -0.700142 0.713300
1714023082.106050 -1.008867 -9.984548 0.450228 0.023489 -0.022190 -0.700788 0.712638
1714023082.206006 -1.094814 -9.998720 0.454337 0.029643 -0.024216 -0.702211 0.710940
1714023082.306075 -1.178698 -10.009928 0.458156 0.037033 -0.029342 -0.704627 0.708003
1714023082.406016 -1.268073 -10.018454 0.456649 0.041005 -0.037950 -0.700742 0.711224
1714023082.506946 -1.353521 -10.023972 0.447603 0.042069 -0.046283 -0.699959 0.711439
1714023082.605793 -1.437957 -10.027081 0.439444 0.038632 -0.048107 -0.693445 0.717863
1714023082.705875 -1.526880 -10.032350 0.435636 0.039571 -0.046732 -0.684483 0.726453
1714023082.806060 -1.611637 -10.039716 0.435384 0.050588 -0.050021 -0.671467 0.737611
1714023082.906050 -1.691393 -10.048938 0.435221 0.057985 -0.053464 -0.657759 0.749088
1714023083.006027 -1.770651 -10.061138 0.433044 0.066775 -0.056186 -0.647212 0.757298
1714023083.106996 -1.854894 -10.077989 0.427895 0.072027 -0.051604 -0.638154 0.764793
1714023083.207420 -1.933343 -10.098485 0.423413 0.077544 -0.053309 -0.633791 0.767759
1714023083.305946 -2.009775 -10.120409 0.421986 0.068692 -0.048901 -0.630943 0.771233
1714023083.405951 -2.086539 -10.143233 0.421433 0.072661 -0.054976 -0.622133 0.777591
1714023083.505844 -2.154197 -10.165155 0.420497 0.075933 -0.064576 -0.619726 0.778463
1714023083.605755 -2.219631 -10.187096 0.419609 0.080454 -0.081728 -0.608280 0.785394
1714023083.705735 -2.288722 -10.206584 0.418989 0.074789 -0.088355 -0.603396 0.788995
1714023083.806375 -2.362074 -10.223150 0.414021 0.069672 -0.094005 -0.594203 0.795759
1714023083.905932 -2.432948 -10.235746 0.410543 0.062327 -0.098784 -0.590284 0.798700
1714023084.006077 -2.509710 -10.245260 0.413316 0.049636 -0.097591 -0.585658 0.803129
1714023084.107409 -2.584286 -10.252984 0.419299 0.048075 -0.101107 -0.587394 0.801520
1714023084.206000 -2.655252 -10.258226 0.420579 0.044126 -0.102937 -0.587832 0.801193
1714023084.306115 -2.726905 -10.262982 0.421748 0.046596 -0.100243 -0.586903 0.802076
1714023084.405975 -2.796084 -10.271404 0.422428 0.038513 -0.110682 -0.585375 0.802248
1714023084.505895 -2.866212 -10.281347 0.421590 0.035448 -0.114433 -0.589276 0.799001
1714023084.605824 -2.945953 -10.294572 0.420376 0.034017 -0.110711 -0.596709 0.794056
1714023084.706639 -3.020093 -10.309441 0.420900 0.025683 -0.107752 -0.607111 0.786858
1714023084.806184 -3.093266 -10.326702 0.422732 0.033662 -0.114440 -0.610219 0.783200
1714023084.905990 -3.167239 -10.341590 0.421847 0.036866 -0.114468 -0.617318 0.777468
1714023085.005969 -3.238157 -10.354724 0.422578 0.047059 -0.129418 -0.614093 0.777126
1714023085.106143 -3.308127 -10.361848 0.421047 0.051085 -0.133666 -0.622554 0.769383
1714023085.206061 -3.386319 -10.364816 0.418730 0.048231 -0.137017 -0.621038 0.770203
1714023085.305990 -3.472191 -10.367410 0.418224 0.041435 -0.132158 -0.617806 0.774037
1714023085.406142 -3.552575 -10.368486 0.418885 0.039608 -0.131325 -0.614183 0.777151
1714023085.505938 -3.627576 -10.367264 0.422506 0.042903 -0.125942 -0.609888 0.781239
1714023085.606177 -3.700417 -10.367655 0.425390 0.045644 -0.124127 -0.604872 0.785264
1714023085.706090 -3.772761 -10.367931 0.424509 0.043628 -0.125767 -0.602043 0.787289
1714023085.806971 -3.846867 -10.369935 0.420724 0.042909 -0.120300 -0.603959 0.786715
1714023085.905991 -3.926975 -10.372342 0.418283 0.036854 -0.116319 -0.612381 0.781090
1714023086.006595 -4.012362 -10.376000 0.421589 0.022838 -0.110796 -0.623667 0.773461
1714023086.106025 -4.092185 -10.377584 0.426735 0.016132 -0.109375 -0.630799 0.768030
1714023086.205974 -4.170509 -10.374586 0.432093 0.016452 -0.118942 -0.636488 0.761883
1714023086.306117 -4.252806 -10.372781 0.434121 0.015968 -0.131981 -0.634710 0.761229
1714023086.407079 -4.333004 -10.366425 0.431358 0.011541 -0.134281 -0.634518 0.761067
1714023086.505985 -4.416484 -10.356995 0.427165 0.005920 -0.132555 -0.629933 0.765231
1714023086.606506 -4.498074 -10.344271 0.427620 -0.006810 -0.127680 -0.624344 0.770614
1714023086.705731 -4.581917 -10.330493 0.431011 0.000088 -0.125201 -0.617849 0.776265
1714023086.805929 -4.663548 -10.318999 0.433230 0.006573 -0.114276 -0.619604 0.776524
1714023086.906132 -4.743578 -10.311313 0.431402 0.013589 -0.117451 -0.613303 0.780949
1714023087.004739 -4.830116 -10.305593 0.429538 0.011359 -0.112153 -0.608044 0.785859
1714023087.105747 -4.917563 -10.301510 0.427974 0.011194 -0.105472 -0.609826 0.785406
1714023087.207642 -5.000674 -10.295423 0.430254 0.006793 -0.095831 -0.613209 0.784056
1714023087.306514 -5.084669 -10.291928 0.435481 0.005062 -0.097837 -0.604794 0.790333
1714023087.406412 -5.164469 -10.288378 0.437921 0.004346 -0.102906 -0.602654 0.791327
1714023087.504964 -5.245224 -10.286861 0.436528 0.007349 -0.110001 -0.593495 0.797251
1714023087.605939 -5.330584 -10.281938 0.433609 0.011566 -0.113947 -0.587038 0.801417
1714023087.706490 -5.413111 -10.273179 0.432109 0.008651 -0.111387 -0.574230 0.811035
1714023087.807008 -5.496958 -10.265816 0.432055 0.015571 -0.117882 -0.555470 0.822991
1714023087.906561 -5.577213 -10.260165 0.432566 0.019267 -0.123397 -0.542681 0.830602
1714023088.006444 -5.657507 -10.259659 0.432211 0.029946 -0.125752 -0.529068 0.838676
1714023088.106053 -5.733904 -10.267141 0.426743 0.039785 -0.133264 -0.519305 0.843196
1714023088.205999 -5.808375 -10.277811 0.417946 0.049882 -0.134817 -0.512867 0.846347
1714023088.306401 -5.895398 -10.290191 0.409500 0.058403 -0.144466 -0.514636 0.843130
1714023088.406353 -5.983139 -10.301573 0.404255 0.060259 -0.151583 -0.521186 0.837709
1714023088.506569 -6.066661 -10.312042 0.408199 0.056189 -0.147301 -0.530934 0.832619
1714023088.606488 -6.149348 -10.322686 0.413556 0.062695 -0.147815 -0.538835 0.826969
1714023088.706418 -6.229989 -10.332927 0.418954 0.060136 -0.148418 -0.542765 0.824476
1714023088.805982 -6.311472 -10.340996 0.417481 0.050148 -0.140887 -0.549070 0.822288
1714023088.906383 -6.404249 -10.350088 0.415962 0.047655 -0.138960 -0.547672 0.823696
1714023089.005993 -6.498004 -10.357012 0.416535 0.042404 -0.136031 -0.544562 0.826529
1714023089.106414 -6.587414 -10.361839 0.424601 0.038109 -0.121024 -0.544221 0.829292
1714023089.206039 -6.670179 -10.364891 0.431095 0.037598 -0.109028 -0.549209 0.827689
1714023089.306487 -6.747012 -10.367093 0.431666 0.035629 -0.106675 -0.559618 0.821084
1714023089.407922 -6.825536 -10.370539 0.432310 0.034805 -0.100755 -0.568292 0.815893
1714023089.506521 -6.908773 -10.376228 0.431823 0.037972 -0.107816 -0.577180 0.808577
1714023089.606001 -6.991775 -10.382857 0.434137 0.028816 -0.101646 -0.591047 0.799688
1714023089.706384 -7.072925 -10.389775 0.437625 0.022881 -0.095353 -0.607887 0.787945
1714023089.806012 -7.149548 -10.395086 0.440846 0.022971 -0.097746 -0.622098 0.776474
1714023089.905961 -7.228925 -10.400214 0.446031 0.030034 -0.095091 -0.629909 0.770240
1714023090.006399 -7.307237 -10.400867 0.447010 0.023305 -0.090215 -0.639989 0.762713
1714023090.106051 -7.386265 -10.396993 0.447665 0.012590 -0.079583 -0.642499 0.762039
1714023090.206429 -7.466684 -10.395676 0.446427 0.003315 -0.074259 -0.637451 0.766897
1714023090.305631 -7.547557 -10.395572 0.446823 0.006304 -0.079590 -0.631792 0.771016
1714023090.406580 -7.625998 -10.394903 0.449934 0.004641 -0.072545 -0.634754 0.769287
1714023090.506305 -7.700441 -10.392392 0.454241 0.006620 -0.070782 -0.639683 0.765344
1714023090.606400 -7.775083 -10.392075 0.457203 0.004903 -0.063494 -0.643735 0.762594
1714023090.706387 -7.858063 -10.397219 0.459293 -0.001072 -0.045601 -0.648022 0.760255
1714023090.806551 -7.944317 -10.403724 0.461246 -0.002294 -0.035836 -0.657555 0.752550
1714023090.906494 -8.029719 -10.411377 0.464211 -0.002679 -0.039626 -0.664070 0.746615
1714023091.007586 -8.109097 -10.418304 0.468138 -0.004583 -0.045780 -0.673459 0.737792
1714023091.106149 -8.183944 -10.423359 0.470309 -0.000804 -0.049462 -0.677643 0.733725
1714023091.205976 -8.254883 -10.425831 0.471590 0.000838 -0.052048 -0.681915 0.729577
1714023091.307478 -8.330960 -10.424276 0.469037 -0.000976 -0.050561 -0.683973 0.727753
1714023091.407260 -8.414505 -10.424744 0.463314 -0.001495 -0.050342 -0.681636 0.729956
1714023091.506627 -8.503571 -10.425824 0.464678 -0.005303 -0.048491 -0.680347 0.731265
1714023091.606397 -8.593641 -10.426514 0.468021 -0.000319 -0.050953 -0.680801 0.730694
1714023091.705996 -8.670187 -10.425399 0.467545 0.000213 -0.051393 -0.682650 0.728936
1714023091.807600 -8.747909 -10.429826 0.468758 0.002006 -0.053961 -0.686220 0.725387
1714023091.905907 -8.821748 -10.433663 0.468057 0.000727 -0.052912 -0.695075 0.716987
1714023092.006393 -8.893840 -10.441161 0.464518 -0.002640 -0.057879 -0.712252 0.699529
1714023092.106241 -8.967978 -10.448955 0.466155 -0.011171 -0.054037 -0.735062 0.675751
1714023092.207434 -9.039337 -10.459430 0.472659 -0.018817 -0.066525 -0.753130 0.654230
1714023092.306452 -9.108203 -10.467237 0.478788 -0.014609 -0.065683 -0.766571 0.638624
1714023092.406469 -9.176528 -10.475321 0.482056 -0.002847 -0.069742 -0.774677 0.628493
1714023092.507931 -9.241969 -10.484362 0.477880 -0.007252 -0.070538 -0.782097 0.619109
1714023092.606385 -9.305515 -10.487716 0.470350 -0.013980 -0.076795 -0.786180 0.613048
1714023092.703424 -9.374060 -10.486258 0.461364 -0.021853 -0.078860 -0.795123 0.600902
1714023092.806425 -9.438904 -10.479213 0.455296 -0.018819 -0.088644 -0.803911 0.587806
1714023092.906438 -9.496874 -10.474482 0.450908 -0.019267 -0.090409 -0.812155 0.576073
1714023093.006268 -9.549014 -10.470920 0.448950 -0.012640 -0.108268 -0.821869 0.559151
1714023093.107394 -9.596934 -10.465086 0.447746 -0.010380 -0.107557 -0.831805 0.544449
1714023093.206356 -9.648844 -10.463938 0.451187 -0.008991 -0.101755 -0.845884 0.523494
1714023093.306258 -9.703492 -10.468596 0.450512 0.010144 0.101237 0.863845 -0.493377
1714023093.406448 -9.756162 -10.472515 0.451538 0.019519 0.098151 0.883645 -0.457337
1714023093.506866 -9.809322 -10.477765 0.451289 0.023021 0.101869 0.902945 -0.416873
1714023093.606263 -9.854236 -10.481318 0.448782 0.030941 0.112699 0.919966 -0.374171
1714023093.706425 -9.890675 -10.477524 0.443182 0.033257 0.118418 0.933699 -0.336269
1714023093.806337 -9.924863 -10.461838 0.442019 0.031901 0.123443 0.943798 -0.304941
1714023093.907411 -9.958725 -10.440728 0.439182 0.029175 0.128136 0.954419 -0.267982
1714023094.007629 -9.990396 -10.413763 0.434586 0.029886 0.129407 0.962469 -0.236673
1714023094.106300 -10.021790 -10.384012 0.430748 0.032419 0.123105 0.969963 -0.207280
1714023094.207378 -10.050661 -10.354748 0.427112 0.036266 0.115499 0.975818 -0.182000
1714023094.306355 -10.081895 -10.326274 0.424754 0.031107 0.118675 0.978848 -0.163720
1714023094.405832 -10.110334 -10.293279 0.423939 0.021834 0.131669 0.980677 -0.143035
1714023094.507425 -10.136060 -10.261619 0.417801 0.014057 0.146551 0.980751 -0.128269
1714023094.606388 -10.161778 -10.229356 0.415051 0.008970 0.153022 0.981650 -0.113431
1714023094.706275 -10.189917 -10.194918 0.410456 0.008595 0.160674 0.981822 -0.100676
1714023094.807385 -10.224939 -10.156476 0.405842 0.010823 0.163422 0.982738 -0.086037
1714023094.907013 -10.261482 -10.118190 0.405696 0.010621 0.157336 0.985148 -0.067940
1714023095.006270 -10.293565 -10.078621 0.406997 0.014179 0.161414 0.985193 -0.056038
1714023095.107388 -10.324212 -10.040635 0.407116 0.017717 0.162232 0.985656 -0.043012
1714023095.207306 -10.348346 -9.998536 0.404587 0.014552 0.166629 0.985394 -0.031974
1714023095.306259 -10.368568 -9.951421 0.403187 0.009510 0.166542 0.985561 -0.029030
1714023095.407446 -10.383838 -9.896127 0.402098 0.010242 0.159040 0.986913 -0.024572
1714023095.506433 -10.396680 -9.837881 0.405587 0.007804 0.141188 0.989687 -0.022921
1714023095.608160 -10.408677 -9.774909 0.411769 0.008122 0.117581 0.992645 -0.027668
1714023095.707383 -10.417501 -9.710763 0.420066 0.010441 0.109715 0.993419 -0.031186
1714023095.807356 -10.425237 -9.650590 0.426134 0.012899 0.101203 0.994361 -0.028935
1714023095.907037 -10.432897 -9.589788 0.428809 0.006892 0.101996 0.994445 -0.025087
1714023096.007387 -10.442622 -9.526895 0.431039 0.004442 0.090603 0.995650 -0.021292
1714023096.107306 -10.455591 -9.457028 0.427995 -0.001034 0.082187 0.996483 -0.016330
1714023096.206307 -10.472881 -9.383857 0.425349 -0.001501 0.072788 0.997328 -0.006108
1714023096.307554 -10.493054 -9.310102 0.427916 0.001278 0.063678 0.997963 0.003626
1714023096.407302 -10.516432 -9.235795 0.428726 -0.000176 0.065281 0.997855 0.004864
1714023096.506355 -10.538388 -9.161089 0.427571 -0.001123 0.069794 0.997547 0.005240
1714023096.607342 -10.557473 -9.087622 0.421705 0.000286 0.082251 0.996612 -0.000305
1714023096.703196 -10.574471 -9.004270 0.410978 0.006548 0.092017 0.995736 0.000235
1714023096.806287 -10.585890 -8.915998 0.395874 0.011833 0.099745 0.994891 -0.010104
1714023096.907274 -10.594835 -8.835518 0.391909 0.014438 0.098689 0.994845 -0.018327
1714023097.006351 -10.604933 -8.755391 0.394251 0.004204 0.095470 0.995119 -0.024617
1714023097.106378 -10.618655 -8.678558 0.391965 0.001151 0.101465 0.994397 -0.029627
1714023097.206433 -10.633226 -8.597349 0.383777 0.000755 0.106616 0.993711 -0.034206
1714023097.306356 -10.652908 -8.514589 0.379082 -0.004147 0.099386 0.994388 -0.036015
1714023097.406389 -10.671820 -8.431791 0.378686 -0.007591 0.084210 0.996165 -0.022493
1714023097.506078 -10.691647 -8.350958 0.377635 0.001845 0.080159 0.996643 -0.016539
1714023097.606411 -10.713935 -8.269097 0.379346 0.002076 0.091895 0.995668 -0.014028
1714023097.707270 -10.734021 -8.187352 0.378137 0.002194 0.107676 0.994138 -0.009484
1714023097.807364 -10.750025 -8.105725 0.370692 0.004388 0.112795 0.993582 -0.007235
1714023097.907664 -10.760160 -8.017025 0.361996 0.008549 0.116781 0.993037 -0.012917
1714023098.007211 -10.771482 -7.921764 0.352002 0.007685 0.115177 0.993180 -0.016417
1714023098.106243 -10.780805 -7.827680 0.347261 0.003413 0.123950 0.992076 -0.020221
1714023098.206239 -10.788129 -7.739192 0.339287 0.000238 0.124925 0.991753 -0.028623
1714023098.307491 -10.800412 -7.659888 0.337620 -0.000386 0.128601 0.991043 -0.035982
1714023098.407339 -10.813830 -7.573733 0.330520 -0.003006 0.120743 0.991654 -0.045106
1714023098.507214 -10.832627 -7.485319 0.324112 -0.003051 0.118723 0.991668 -0.049909
1714023098.606240 -10.849607 -7.396437 0.324432 -0.001450 0.099735 0.994327 -0.036942
1714023098.707343 -10.861434 -7.314537 0.326726 0.003778 0.087940 0.995477 -0.035737
1714023098.807288 -10.870711 -7.232996 0.330273 0.008366 0.082237 0.996239 -0.025979
1714023098.907230 -10.876699 -7.149724 0.334506 0.011190 0.085564 0.996084 -0.019227
1714023099.007354 -10.880236 -7.065338 0.336445 0.012642 0.081469 0.996537 -0.010826
1714023099.107245 -10.878618 -6.976155 0.331240 0.013494 0.069221 0.997475 -0.008344
1714023099.206201 -10.876505 -6.888702 0.334415 0.015472 0.049157 0.998578 -0.013641
1714023099.307282 -10.875327 -6.799503 0.332235 0.011873 0.047400 0.998538 -0.023102
1714023099.406316 -10.875899 -6.716303 0.335886 0.011156 0.042948 0.998623 -0.028002
1714023099.507342 -10.879384 -6.639246 0.340392 0.011802 0.046629 0.998399 -0.029761
1714023099.607327 -10.884096 -6.562027 0.337562 0.009385 0.038001 0.998817 -0.028837
1714023099.706278 -10.892083 -6.479426 0.330433 0.002930 0.030382 0.999245 -0.024043
1714023099.805654 -10.904588 -6.396762 0.327917 -0.000804 0.016938 0.999795 -0.011020
1714023099.907205 -10.919402 -6.311196 0.333792 -0.002639 0.017944 0.999834 -0.001946
1714023100.006187 -10.933546 -6.228198 0.337910 -0.002208 0.023911 0.999672 0.008924
1714023100.107331 -10.946063 -6.147332 0.339726 0.002004 0.024676 0.999640 0.010351
1714023100.207108 -10.956375 -6.067800 0.337099 0.004583 0.022906 0.999626 0.014185
1714023100.306146 -10.965686 -5.976892 0.332827 0.005867 0.016229 0.999820 0.007862
1714023100.407303 -10.975280 -5.888914 0.326911 0.010215 0.007559 0.999918 -0.001777
1714023100.507504 -10.985012 -5.796067 0.323145 0.011150 0.016230 0.999682 -0.015779
1714023100.607347 -10.994315 -5.705118 0.324580 0.008266 0.021624 0.999460 -0.023316
1714023100.707838 -11.005141 -5.621474 0.322239 0.020974 0.031245 0.998904 -0.027819
1714023100.807326 -11.018541 -5.537349 0.317097 0.026410 0.041449 0.998355 -0.029527
1714023100.907164 -11.035895 -5.453947 0.311524 0.016628 0.041441 0.998611 -0.027973
1714023101.007300 -11.054491 -5.370163 0.302812 0.018244 0.040005 0.998909 -0.015749
1714023101.107127 -11.072958 -5.282486 0.301288 0.027446 0.049622 0.998385 -0.003312
1714023101.207186 -11.086987 -5.203485 0.302161 0.036059 0.052417 0.997726 0.022249
1714023101.307369 -11.097296 -5.125787 0.301271 0.037116 0.061476 0.996833 0.034169
1714023101.407143 -11.106624 -5.042144 0.293903 0.039896 0.064142 0.996019 0.047335
1714023101.506137 -11.113113 -4.954061 0.283134 0.045650 0.058972 0.995696 0.055025
1714023101.607197 -11.118383 -4.862689 0.272064 0.048421 0.056821 0.995838 0.052284
1714023101.707191 -11.123931 -4.768579 0.264802 0.040916 0.071369 0.995395 0.049202
1714023101.806149 -11.132186 -4.684506 0.265615 0.031032 0.076624 0.995390 0.048627
1714023101.907193 -11.141800 -4.600315 0.268405 0.030968 0.079827 0.995230 0.046761
1714023102.007233 -11.153174 -4.514026 0.266212 0.022830 0.073278 0.996151 0.042342
1714023102.106134 -11.167174 -4.421331 0.261014 0.016249 0.066583 0.996727 0.042881
1714023102.207949 -11.181299 -4.323332 0.255497 0.017174 0.054673 0.996992 0.052181
1714023102.307297 -11.195649 -4.230469 0.257946 0.021440 0.062106 0.996371 0.054108
1714023102.407129 -11.207034 -4.139472 0.261511 0.018798 0.065088 0.995784 0.061840
1714023102.507061 -11.218663 -4.051631 0.260460 0.019538 0.073598 0.995317 0.059550
1714023102.607194 -11.228124 -3.957820 0.251266 0.022909 0.075284 0.995590 0.051061
1714023102.707094 -11.235365 -3.858026 0.242493 0.025944 0.066801 0.996600 0.040650
1714023102.807034 -11.240255 -3.759103 0.238810 0.029143 0.061248 0.997217 0.030949
1714023102.907143 -11.243205 -3.659836 0.239914 0.027832 0.070341 0.996919 0.020756
1714023103.007044 -11.246596 -3.566102 0.240034 0.026603 0.072050 0.996911 0.016397
1714023103.107200 -11.251083 -3.473679 0.238902 0.025165 0.073975 0.996796 0.017120
1714023103.207120 -11.257669 -3.380457 0.234056 0.019666 0.062331 0.997767 0.013742
1714023103.306164 -11.266479 -3.284568 0.229228 0.015566 0.060194 0.997796 0.023204
1714023103.407216 -11.276747 -3.188840 0.225537 0.017494 0.058811 0.997345 0.039230
1714023103.507098 -11.284841 -3.098908 0.226139 0.022603 0.062242 0.996499 0.051029
1714023103.607054 -11.292884 -3.016172 0.227565 0.023413 0.071035 0.995454 0.058969
1714023103.706042 -11.298595 -2.926662 0.228685 0.024672 0.073017 0.995143 0.061235
1714023103.805945 -11.300216 -2.834963 0.221263 0.031475 0.070857 0.994828 0.065620
1714023103.906125 -11.301176 -2.741013 0.214883 0.032006 0.059472 0.996190 0.055178
1714023104.007144 -11.303190 -2.651920 0.213764 0.031124 0.056722 0.997119 0.039583
1714023104.107274 -11.307124 -2.562520 0.215178 0.030734 0.058690 0.997266 0.032741
1714023104.207176 -11.311595 -2.481145 0.214822 0.035607 0.066418 0.996598 0.033374
1714023104.307185 -11.318501 -2.399023 0.211533 0.033060 0.070288 0.996375 0.034683
1714023104.407074 -11.327388 -2.316713 0.205040 0.027638 0.067303 0.996500 0.041158
1714023104.507043 -11.336503 -2.230744 0.200863 0.027431 0.066793 0.995848 0.055435
1714023104.607019 -11.347320 -2.145656 0.197618 0.031473 0.061524 0.994990 0.072249
1714023104.706829 -11.358241 -2.061950 0.198460 0.033335 0.062637 0.993639 0.087451
1714023104.807682 -11.367532 -1.982204 0.202380 0.033471 0.065754 0.991844 0.103929
1714023104.906067 -11.372742 -1.897724 0.198468 0.038788 0.074233 0.990334 0.110559
1714023105.007363 -11.377148 -1.818306 0.191554 0.045030 0.066631 0.989278 0.121912
1714023105.107118 -11.377747 -1.734165 0.183155 0.049930 0.062043 0.988719 0.126853
1714023105.207140 -11.376332 -1.651280 0.176811 0.058837 0.058986 0.987400 0.134535
1714023105.306076 -11.373709 -1.568685 0.175083 0.058853 0.060705 0.985884 0.144516
1714023105.407808 -11.373099 -1.490109 0.176124 0.054069 0.067888 0.983420 0.159229
1714023105.505548 -11.371443 -1.419222 0.176505 0.055970 0.072044 0.980187 0.175814
1714023105.607022 -11.368026 -1.345794 0.172469 0.054921 0.072308 0.977243 0.191708
1714023105.706271 -11.365245 -1.272501 0.169925 0.055148 0.072910 0.971814 0.217305
1714023105.805968 -11.363394 -1.206880 0.169810 0.060189 0.056996 0.964960 0.248958
1714023105.906976 -11.358665 -1.142714 0.167802 0.069897 0.050350 0.955318 0.282748
1714023106.007187 -11.353670 -1.084896 0.168753 0.073271 0.042963 0.944646 0.316906
1714023106.107139 -11.345125 -1.026522 0.169621 0.073206 0.053358 0.934732 0.343613
1714023106.207043 -11.330685 -0.965353 0.163564 0.073121 0.055478 0.925327 0.367894
1714023106.307780 -11.312751 -0.908106 0.154690 0.075724 0.054355 0.916377 0.389312
1714023106.407025 -11.291779 -0.848434 0.150275 0.079576 0.051268 0.908254 0.407571
1714023106.506960 -11.265150 -0.791238 0.146145 0.077412 0.041162 0.899588 0.427849
1714023106.605965 -11.241483 -0.736073 0.147909 0.073304 0.041131 0.889619 0.448902
1714023106.707045 -11.212980 -0.688109 0.149758 0.073789 0.036666 0.878201 0.471141
1714023106.806964 -11.185696 -0.640711 0.150910 0.076960 0.044748 0.866907 0.490456
1714023106.907102 -11.159305 -0.595271 0.148876 0.066499 0.047253 0.853076 0.515370
1714023107.007060 -11.131183 -0.545926 0.143827 0.065059 0.049488 0.836442 0.541925
1714023107.106064 -11.107395 -0.499657 0.144944 0.062866 0.038271 0.815292 0.574354
1714023107.207070 -11.082947 -0.454194 0.147124 0.060883 0.033210 0.793586 0.604493
1714023107.307025 -11.059425 -0.412668 0.147566 0.061283 0.034589 0.773864 0.629430
1714023107.406883 -11.032837 -0.372043 0.146941 0.062582 0.039476 0.753984 0.652712
1714023107.507112 -11.000304 -0.336389 0.145778 0.069442 0.046075 0.739685 0.667773
1714023107.606960 -10.962809 -0.305376 0.144022 0.072035 0.052234 0.721364 0.686816
1714023107.706890 -10.916594 -0.279470 0.136345 0.074476 0.055146 0.709813 0.698268
1714023107.807251 -10.865298 -0.257122 0.124280 0.078376 0.056367 0.701348 0.706252
1714023107.907052 -10.810471 -0.235868 0.116216 0.077979 0.049279 0.694094 0.713949
1714023108.006903 -10.750193 -0.215730 0.110656 0.084756 0.052780 0.690187 0.716710
1714023108.107323 -10.691950 -0.194941 0.113476 0.082054 0.054289 0.687756 0.719243
1714023108.207013 -10.632656 -0.175415 0.119124 0.076478 0.061120 0.686844 0.720181
1714023108.306870 -10.568843 -0.154244 0.124515 0.064512 0.062972 0.688287 0.719815
1714023108.407597 -10.500978 -0.130893 0.127038 0.055281 0.061774 0.692095 0.717030
1714023108.506954 -10.428110 -0.104621 0.130202 0.040987 0.060778 0.692218 0.717956
1714023108.606899 -10.351447 -0.073948 0.133500 0.029416 0.058799 0.689208 0.721575
1714023108.707041 -10.275788 -0.050329 0.135784 0.030523 0.060627 0.689916 0.720700
1714023108.806963 -10.199648 -0.027890 0.139701 0.019075 0.061620 0.687057 0.723735
1714023108.906856 -10.119429 -0.007782 0.136836 0.017439 0.079469 0.694767 0.714619
1714023109.008086 -10.033443 0.006451 0.130603 0.021063 0.088974 0.692873 0.715239
1714023109.106918 -9.941146 0.014862 0.120082 0.027011 0.083460 0.693359 0.715233
1714023109.207116 -9.850620 0.015156 0.113849 0.032367 0.082405 0.691507 0.716924
1714023109.307046 -9.757434 0.017569 0.116438 0.038195 0.088318 0.691622 0.715822
1714023109.406638 -9.667998 0.017395 0.121926 0.028562 0.088378 0.693166 0.714769
1714023109.507076 -9.585553 0.017786 0.126846 0.028998 0.084312 0.693766 0.714660
1714023109.607027 -9.496383 0.023802 0.125383 0.030692 0.083391 0.697098 0.711448
1714023109.706962 -9.401285 0.033064 0.118752 0.022208 0.078430 0.696296 0.713111
1714023109.806879 -9.302379 0.050987 0.116357 0.013724 0.066931 0.688365 0.722140
1714023109.907034 -9.205247 0.063834 0.120113 0.028239 0.072826 0.684818 0.724516
1714023110.006821 -9.111676 0.075185 0.119526 0.033129 0.075213 0.667836 0.739757
1714023110.107134 -9.015154 0.081136 0.120359 0.036275 0.080463 0.660355 0.745749
1714023110.211032 -8.930448 0.084370 0.122282 0.037135 0.072855 0.648801 0.756552
1714023110.307067 -8.838282 0.083099 0.117788 0.031765 0.060695 0.639833 0.765454
1714023110.407006 -8.746965 0.083857 0.111209 0.036311 0.055796 0.630673 0.773188
1714023110.506994 -8.652888 0.084571 0.106892 0.048114 0.068992 0.624484 0.776495
1714023110.606955 -8.565234 0.087289 0.105220 0.052090 0.080108 0.617019 0.781126
1714023110.707015 -8.483540 0.090724 0.100367 0.058146 0.081994 0.608341 0.787285
1714023110.807152 -8.401381 0.094408 0.089210 0.061673 0.087026 0.599911 0.792925
1714023110.907122 -8.310079 0.105811 0.078906 0.067738 0.093070 0.584061 0.803506
1714023111.006798 -8.222692 0.119701 0.076384 0.071128 0.095758 0.565263 0.816241
1714023111.106995 -8.138101 0.133071 0.074097 0.081819 0.095906 0.558178 0.820088
1714023111.207077 -8.054798 0.142030 0.070391 0.100591 0.102823 0.546152 0.825244
1714023111.306980 -7.976490 0.152802 0.065806 0.109804 0.105044 0.536637 0.830018
1714023111.406863 -7.897596 0.156480 0.059896 0.112896 0.105660 0.524302 0.837376
1714023111.507078 -7.826723 0.158386 0.053185 0.114293 0.100194 0.519037 0.841129
1714023111.606977 -7.749260 0.160114 0.047330 0.110732 0.096311 0.513546 0.845419
1714023111.706798 -7.670792 0.166831 0.046317 0.109823 0.098793 0.509396 0.847759
1714023111.805734 -7.590960 0.178428 0.045260 0.102572 0.105759 0.505209 0.850328
1714023111.907038 -7.514075 0.194634 0.048439 0.089571 0.106464 0.510435 0.848586
1714023112.007493 -7.429059 0.215676 0.049515 0.079724 0.109159 0.513694 0.847259
1714023112.107077 -7.337705 0.238771 0.048960 0.074811 0.104494 0.514450 0.847836
1714023112.206996 -7.250673 0.265299 0.056681 0.049423 0.088569 0.522055 0.846860
1714023112.306959 -7.165958 0.294563 0.069384 0.043169 0.079462 0.533455 0.840981
1714023112.406981 -7.084765 0.319449 0.079546 0.042016 0.072423 0.542505 0.835870
1714023112.506982 -7.004748 0.340517 0.084940 0.040475 0.078216 0.552896 0.828583
1714023112.606982 -6.922975 0.354835 0.083597 0.029487 0.077973 0.562446 0.822621
1714023112.706831 -6.834675 0.365838 0.078964 0.025593 0.074277 0.577025 0.812939
1714023112.806995 -6.747766 0.377368 0.075862 0.017724 0.069203 0.592721 0.802233
1714023112.906817 -6.650695 0.382689 0.078704 0.011863 0.065170 0.609533 0.789989
1714023113.007035 -6.557089 0.391616 0.084112 0.006022 0.063220 0.629148 0.774687
1714023113.106988 -6.465515 0.402424 0.087250 -0.001375 0.068318 0.646058 0.760224
1714023113.207088 -6.369322 0.411601 0.081104 -0.004196 0.068426 0.661346 0.746941
1714023113.306988 -6.268452 0.425291 0.073625 -0.001364 0.063667 0.669696 0.739900
1714023113.406916 -6.172688 0.439891 0.072102 0.002683 0.061139 0.668069 0.741578
1714023113.507064 -6.074346 0.457296 0.079012 0.001994 0.057156 0.671580 0.738721
1714023113.606989 -5.976400 0.471806 0.083911 0.005954 0.056133 0.676706 0.734086
1714023113.706950 -5.880179 0.480125 0.087283 0.006712 0.058706 0.684702 0.726423
1714023113.806854 -5.780917 0.486985 0.082804 0.005845 0.046695 0.691888 0.720470
1714023113.907064 -5.676330 0.489547 0.075969 0.006924 0.029624 0.700055 0.713441
1714023114.006868 -5.568457 0.493915 0.073371 0.008023 0.024864 0.712848 0.700832
1714023114.106851 -5.457457 0.499621 0.077067 0.006266 0.033193 0.720594 0.692534
1714023114.206955 -5.353254 0.502024 0.082720 0.005162 0.032363 0.725927 0.686991
1714023114.306899 -5.250995 0.506476 0.084065 0.012344 0.032451 0.727711 0.685005
1714023114.407006 -5.142754 0.515445 0.079222 0.000332 0.022128 0.731572 0.681405
1714023114.506961 -5.029673 0.529907 0.069745 -0.003144 0.023576 0.723919 0.689475
1714023114.606900 -4.919419 0.544470 0.071536 0.002838 0.021964 0.717612 0.696091
1714023114.706974 -4.807659 0.554340 0.080841 0.011192 0.023517 0.713023 0.700656
1714023114.807011 -4.698864 0.558952 0.087800 0.009799 0.032607 0.709201 0.704184
1714023114.906869 -4.598312 0.563162 0.085796 0.006014 0.025279 0.705790 0.707944
1714023115.005702 -4.490893 0.561766 0.080998 0.004782 0.017515 0.704689 0.709284
1714023115.106958 -4.378744 0.563947 0.077988 0.000776 0.007659 0.709570 0.704593
1714023115.206855 -4.259153 0.567653 0.081885 0.015663 0.015589 0.714071 0.699724
1714023115.306997 -4.145860 0.573909 0.081476 0.014241 0.019709 0.713492 0.700241
1714023115.407170 -4.035878 0.583299 0.081623 0.010362 0.028399 0.715796 0.697655
1714023115.506862 -3.923656 0.597644 0.074164 0.005079 0.024231 0.715484 0.698190
1714023115.606802 -3.809559 0.610389 0.067855 0.009845 0.023576 0.705788 0.707963
1714023115.706908 -3.695858 0.619507 0.069667 0.016469 0.024886 0.700183 0.713339
1714023115.806828 -3.584961 0.629671 0.076200 0.019416 0.032408 0.692423 0.720502
1714023115.906741 -3.472187 0.636425 0.081418 0.021211 0.042705 0.680636 0.731068
1714023116.006869 -3.365824 0.642682 0.071563 0.030718 0.033289 0.664559 0.745861
1714023116.106815 -3.257159 0.644877 0.060137 0.035097 0.025969 0.664421 0.746082
1714023116.206825 -3.151312 0.644106 0.059109 0.019364 0.031853 0.667569 0.743614
1714023116.306881 -3.048961 0.644934 0.065315 0.005638 0.046884 0.669684 0.741143
1714023116.406885 -2.951463 0.646196 0.064482 0.022008 0.049613 0.671865 0.738682
1714023116.506796 -2.849050 0.648489 0.059508 0.034706 0.055330 0.668281 0.741036
1714023116.606863 -2.745242 0.657641 0.051953 0.027828 0.057785 0.658584 0.749769
1714023116.706676 -2.638449 0.670012 0.049315 0.020960 0.054689 0.646774 0.760429
1714023116.806761 -2.533624 0.681442 0.051907 0.021689 0.042522 0.645935 0.761898
1714023116.906917 -2.433364 0.691097 0.055689 0.029754 0.036843 0.636604 0.769735
1714023117.006859 -2.331818 0.695260 0.056320 0.036972 0.038019 0.631452 0.773600
1714023117.107007 -2.231940 0.695946 0.052895 0.035559 0.021068 0.627237 0.777731
1714023117.206894 -2.127730 0.693458 0.049507 0.028065 0.009120 0.625195 0.779911
1714023117.306810 -2.025677 0.693167 0.049437 0.022177 0.008094 0.627674 0.778118
1714023117.406749 -1.925243 0.691410 0.057260 0.023546 0.014477 0.628036 0.777693
1714023117.506896 -1.829300 0.690910 0.064573 0.024706 0.021287 0.621481 0.782750
1714023117.606837 -1.734559 0.689877 0.065757 0.022646 0.025034 0.617115 0.786148
1714023117.706876 -1.636075 0.691623 0.059632 0.015568 0.017202 0.607782 0.793765
1714023117.806833 -1.538183 0.699230 0.050609 0.014419 0.016760 0.587678 0.808792
1714023117.906792 -1.447604 0.702674 0.042325 0.020981 0.011020 0.573389 0.818941
1714023118.006876 -1.353038 0.704496 0.036966 0.043728 0.013779 0.559116 0.827821
1714023118.106814 -1.258916 0.701517 0.040738 0.047219 0.025544 0.545807 0.836189
1714023118.206554 -1.171765 0.696511 0.040180 0.040540 0.024003 0.533068 0.844760
1714023118.307383 -1.073782 0.682570 0.034111 0.032763 0.016492 0.520468 0.853093
1714023118.406779 -0.980191 0.666515 0.027509 0.025643 -0.000582 0.508433 0.860720
1714023118.506726 -0.885621 0.645608 0.027909 0.025857 -0.008323 0.503203 0.863741
1714023118.606706 -0.797607 0.624648 0.035844 0.025282 -0.007297 0.485203 0.874005
1714023118.706815 -0.718464 0.597445 0.047304 0.020177 -0.000356 0.457889 0.888780
1714023118.806714 -0.642537 0.570033 0.058771 0.002007 0.001828 0.433134 0.901325
1714023118.906698 -0.568227 0.544961 0.063641 -0.014224 -0.004636 0.400045 0.916373
1714023119.006707 -0.498734 0.524169 0.061338 -0.025596 -0.013010 0.356306 0.933928
1714023119.106866 -0.437072 0.504557 0.059830 -0.027521 -0.018132 0.313673 0.948959
1714023119.205784 -0.377484 0.482308 0.060752 -0.021553 -0.022601 0.275422 0.960816
1714023119.306758 -0.321736 0.455986 0.064293 -0.010573 -0.016114 0.239695 0.970657
1714023119.406719 -0.270037 0.426623 0.064167 -0.008234 -0.013786 0.210663 0.977427
1714023119.506824 -0.223717 0.391017 0.058172 -0.002104 -0.011325 0.190596 0.981601
1714023119.606754 -0.186432 0.357160 0.050782 -0.003222 -0.014598 0.168977 0.985507
1714023119.706677 -0.155978 0.323409 0.040172 -0.004901 -0.025292 0.136573 0.990295
1714023119.806651 -0.132176 0.290626 0.032451 0.010328 -0.030985 0.099810 0.994470
1714023119.906767 -0.113402 0.259943 0.030069 0.020152 -0.030421 0.066916 0.997091
1714023120.006685 -0.099381 0.231615 0.032533 0.032578 -0.024145 0.037358 0.998479
1714023120.106813 -0.089702 0.206486 0.036298 0.036572 -0.017493 0.006514 0.999157
1714023120.206796 -0.084994 0.184969 0.040058 0.034569 -0.009907 -0.031425 0.998859
1714023120.306659 -0.084808 0.163172 0.040846 0.036994 -0.010903 -0.071300 0.996709
1714023120.406809 -0.082805 0.142334 0.037216 0.042741 -0.015883 -0.112777 0.992574
1714023120.506744 -0.076257 0.124200 0.034016 0.044054 -0.023240 -0.153352 0.986916
1714023120.606656 -0.069306 0.107187 0.031997 0.055316 -0.035257 -0.185775 0.980400
1714023120.706800 -0.061133 0.091070 0.030464 0.068824 -0.042466 -0.209844 0.974385
1714023120.806749 -0.055230 0.080480 0.026046 0.077750 -0.045813 -0.233886 0.968067
1714023120.906654 -0.052464 0.070595 0.021484 0.095629 -0.050481 -0.241651 0.964319
1714023121.006713 -0.048824 0.056903 0.016677 0.103956 -0.049529 -0.239781 0.963974
1714023121.106757 -0.046408 0.040635 0.014400 0.118852 -0.047727 -0.225129 0.965874
1714023121.206656 -0.046559 0.025788 0.014233 0.129779 -0.042523 -0.199786 0.970276
1714023121.306749 -0.045643 0.013105 0.014462 0.127729 -0.040137 -0.172191 0.975922
1714023121.406731 -0.043134 -0.002014 0.020155 0.120602 -0.029531 -0.146433 0.981397
1714023121.506807 -0.038123 -0.015952 0.028777 0.111245 -0.016503 -0.115885 0.986875
1714023121.606743 -0.030267 -0.029050 0.035323 0.093562 -0.006694 -0.087008 0.991782
1714023121.706722 -0.021724 -0.037832 0.043453 0.068019 0.001912 -0.061941 0.995758
1714023121.806777 -0.014464 -0.046360 0.051086 0.047801 0.009803 -0.035390 0.998182
1714023121.906825 -0.007907 -0.052344 0.056978 0.033246 0.015663 -0.010918 0.999265
1714023122.006659 -0.002026 -0.057199 0.061048 0.018995 0.019563 0.008257 0.999594
1714023122.106604 0.004019 -0.058867 0.068504 0.003650 0.024296 0.020220 0.999494
1714023122.206728 0.010403 -0.058747 0.072625 -0.008468 0.021510 0.027098 0.999365
1714023122.306695 0.016430 -0.058048 0.074764 -0.013443 0.019778 0.026140 0.999372
1714023122.406591 0.019482 -0.058462 0.072828 -0.012723 0.018982 0.019576 0.999547
1714023122.506730 0.026972 -0.055284 0.068924 -0.015246 0.021484 0.018945 0.999473
1714023122.606671 0.036174 -0.052173 0.067023 -0.019522 0.022623 0.019338 0.999366
1714023122.706589 0.041040 -0.054519 0.065951 -0.007356 0.018533 0.021665 0.999566
1714023122.806740 0.042324 -0.057357 0.064971 -0.002635 0.020547 0.026433 0.999436
1714023122.906645 0.040432 -0.059573 0.068630 -0.005473 0.022432 0.029841 0.999288
1714023123.006586 0.035767 -0.061583 0.073062 -0.013679 0.021869 0.031661 0.999166
1714023123.105423 0.033161 -0.064570 0.073198 -0.017890 0.024185 0.027014 0.999182
1714023123.206695 0.030960 -0.069863 0.070957 -0.013880 0.026082 0.025959 0.999226
1714023123.306594 0.028617 -0.074618 0.069037 -0.015280 0.022260 0.025014 0.999322
1714023123.406682 0.027620 -0.078957 0.069508 -0.011971 0.018686 0.026562 0.999401
1714023123.506648 0.024007 -0.079680 0.068905 -0.016197 0.017701 0.025622 0.999384
1714023123.606550 0.019216 -0.082357 0.069099 -0.013644 0.012887 0.024666 0.999520
1714023123.706670 0.016499 -0.085240 0.068327 -0.009677 0.009815 0.020256 0.999700
1714023123.806598 0.015013 -0.085158 0.068144 -0.010747 0.011786 0.017949 0.999712
1714023123.906560 0.012740 -0.083312 0.065338 -0.019375 0.010746 0.016382 0.999620
1714023124.006534 0.010251 -0.083643 0.061061 -0.013997 0.011035 0.014858 0.999731
1714023124.105871 0.009900 -0.081640 0.056481 -0.014852 0.014448 0.010407 0.999731
1714023124.206721 0.011604 -0.082271 0.057786 -0.010885 0.016505 0.011903 0.999734
1714023124.306525 0.010581 -0.082541 0.056706 -0.010469 0.015496 0.010696 0.999768
1714023124.406569 0.008789 -0.083587 0.050327 -0.004513 0.013141 0.012638 0.999824
1714023124.506549 0.010137 -0.083322 0.045961 -0.002417 0.018958 0.011263 0.999754
1714023124.606458 0.010428 -0.083157 0.041673 0.001371 0.019530 0.008579 0.999772
1714023124.706581 0.009224 -0.084548 0.037267 0.009915 0.016231 0.005614 0.999803
1714023124.806484 0.008237 -0.084782 0.036033 0.009107 0.017678 0.005771 0.999786
1714023124.906476 0.007507 -0.084614 0.036222 0.009229 0.017577 0.005812 0.999786
1714023125.006538 0.006877 -0.084439 0.036350 0.010667 0.016095 0.005304 0.999799
1714023125.106463 0.007826 -0.084358 0.036408 0.012038 0.014786 0.006668 0.999796
1714023125.206381 0.009158 -0.083773 0.037593 0.012281 0.016104 0.006734 0.999772
1714023125.306706 0.009844 -0.084878 0.037713 0.011070 0.017241 0.006989 0.999766
1714023125.406786 0.010163 -0.083693 0.038492 0.010803 0.015295 0.007631 0.999796
1714023125.507001 0.011402 -0.083294 0.036823 0.013140 0.015231 0.007623 0.999769
1714023125.606579 0.012290 -0.081342 0.034636 0.014042 0.014973 0.007795 0.999759
1714023125.706482 0.012325 -0.080866 0.036559 0.011325 0.014742 0.007038 0.999802