1716367533.650022 -0.008800 0.004479 -0.023444 -0.003639 0.003595 -0.005048 0.999974
1716367533.659631 -0.023739 0.004542 -0.026237 -0.007602 0.003159 -0.003332 0.999961
1716367533.840989 -0.093682 0.000706 -0.064459 -0.003056 0.005240 -0.003929 0.999974
1716367533.949064 -0.088740 -0.005299 -0.060467 -0.004686 0.005398 -0.001036 0.999974
1716367534.038888 -0.085459 -0.021922 -0.073070 -0.000571 0.007390 -0.001112 0.999972
1716367534.149705 -0.074007 -0.043158 -0.066807 0.003196 0.003681 -0.004991 0.999976
1716367534.240981 -0.067689 -0.067103 -0.076236 0.005278 0.005586 -0.008116 0.999938
1716367534.350341 -0.050175 -0.095941 -0.094489 0.004880 -0.000184 -0.010026 0.999938
1716367534.441030 -0.031205 -0.132269 -0.087261 -0.002132 -0.000829 -0.023303 0.999726
1716367534.541597 -0.016898 -0.174690 -0.082273 -0.008624 0.000331 -0.030213 0.999506
1716367534.649800 -0.006992 -0.220885 -0.087575 -0.012225 0.005945 -0.041401 0.999050
1716367534.740038 0.000888 -0.264347 -0.093126 -0.009510 0.010029 -0.051819 0.998561
1716367534.825003 0.009804 -0.304312 -0.103692 -0.005018 0.014253 -0.061325 0.998003
1716367534.921973 0.018958 -0.340136 -0.108622 0.006749 0.020947 -0.067633 0.997468
1716367535.050025 0.029711 -0.389632 -0.121081 0.009655 0.013749 -0.062199 0.997922
1716367535.123914 0.033910 -0.424029 -0.129746 0.009454 0.017352 -0.058922 0.998067
1716367535.243461 0.039239 -0.485767 -0.131980 0.006427 0.014358 -0.057946 0.998196
1716367535.338880 0.040590 -0.532008 -0.136134 0.010656 0.021091 -0.062146 0.997787
1716367535.357636 0.042634 -0.548618 -0.133296 0.013603 0.020693 -0.061082 0.997826
1716367535.538773 0.030365 -0.646358 -0.138675 0.011760 0.028584 -0.071305 0.996976
1716367535.648926 0.015140 -0.703946 -0.131028 0.013975 0.029119 -0.080085 0.996265
1716367535.740734 0.001335 -0.757894 -0.130588 0.013957 0.030236 -0.101720 0.994255
1716367535.757711 -0.005615 -0.774079 -0.134016 0.017541 0.031757 -0.098576 0.994468
1716367535.940658 -0.044781 -0.864400 -0.156114 0.013168 0.040585 -0.159684 0.986246
1716367536.051693 -0.081076 -0.918480 -0.163165 0.010939 0.044718 -0.205302 0.977615
1716367536.136719 -0.100641 -0.949669 -0.162282 0.021197 0.046249 -0.249952 0.966921
1716367536.247623 -0.132664 -0.995282 -0.163383 0.012382 0.042869 -0.301074 0.952556
1716367536.339767 -0.154109 -1.023368 -0.153593 0.021264 0.029348 -0.341657 0.939126
1716367536.448451 -0.172295 -1.066588 -0.157045 0.043212 0.031300 -0.393857 0.917622
1716367536.539163 -0.192141 -1.081060 -0.160221 0.051412 0.034115 -0.424822 0.903172
1716367536.641090 -0.244798 -1.096892 -0.175140 0.056854 0.042837 -0.470270 0.879647
1716367536.659178 -0.258434 -1.092925 -0.187077 0.061983 0.049575 -0.477170 0.875220
1716367536.841653 -0.349302 -1.109038 -0.215869 0.054594 0.053274 -0.507613 0.858202
1716367536.949432 -0.403752 -1.115534 -0.232514 0.043926 0.067398 -0.514512 0.853701
1716367537.032964 -0.442763 -1.118262 -0.243682 0.044975 0.063078 -0.524981 0.847581
1716367537.149363 -0.493664 -1.123868 -0.259567 0.042847 0.077149 -0.533158 0.841400
1716367537.249301 -0.531843 -1.141202 -0.270020 0.066756 0.090126 -0.557840 0.822335
1716367537.339817 -0.566064 -1.156703 -0.287846 0.083468 0.103494 -0.574034 0.807965
1716367537.441446 -0.600060 -1.169029 -0.311091 0.089508 0.107209 -0.592526 0.793352
1716367537.550874 -0.650355 -1.178906 -0.329664 0.086345 0.103591 -0.632986 0.762327
1716367537.642295 -0.695935 -1.190013 -0.344334 0.082022 0.107350 -0.649075 0.748632
1716367537.750767 -0.738658 -1.207610 -0.352800 0.080414 0.104744 -0.671585 0.729065
1716367537.850526 -0.775504 -1.225734 -0.361936 0.078295 0.111430 -0.686875 0.713901
1716367537.953872 -0.799233 -1.236748 -0.360891 0.077408 0.104925 -0.692811 0.709233
1716367538.040411 -0.832171 -1.251899 -0.370296 0.078905 0.102445 -0.699716 0.702622
1716367538.150398 -0.878887 -1.270735 -0.380897 0.082998 0.100459 -0.701608 0.700547
1716367538.241267 -0.931555 -1.284287 -0.385543 0.091288 0.094749 -0.699660 0.702257
1716367538.259922 -0.947562 -1.288499 -0.387273 0.093816 0.095412 -0.700681 0.700815
1716367538.449686 -1.058081 -1.289539 -0.406714 0.096264 0.080206 -0.685520 0.717191
1716367538.541005 -1.116418 -1.291708 -0.398417 0.095292 0.076734 -0.680832 0.722149
1716367538.651302 -1.187421 -1.299141 -0.364863 0.097639 0.065779 -0.671226 0.731844
1716367538.660019 -1.197193 -1.297841 -0.364984 0.100029 0.064084 -0.664521 0.737766
1716367538.842164 -1.280066 -1.306354 -0.323191 0.097367 0.079889 -0.660000 0.740633
1716367538.950639 -1.328370 -1.302176 -0.320783 0.098172 0.093177 -0.663197 0.736105
1716367539.040907 -1.365780 -1.300750 -0.315194 0.087702 0.100152 -0.666731 0.733313
1716367539.151356 -1.408826 -1.298361 -0.307886 0.084324 0.108512 -0.673142 0.726632
1716367539.230973 -1.444000 -1.301242 -0.300037 0.082678 0.106097 -0.682453 0.718446
1716367539.340674 -1.492207 -1.311696 -0.284360 0.081297 0.096936 -0.692546 0.710193
1716367539.449843 -1.537269 -1.328841 -0.259863 0.087387 0.085786 -0.700154 0.703412
1716367539.541127 -1.572433 -1.335306 -0.255728 0.095262 0.081473 -0.705376 0.697661
1716367539.650055 -1.615124 -1.339667 -0.252518 0.101667 0.093199 -0.702997 0.697692
1716367539.741389 -1.657611 -1.340470 -0.251967 0.091565 0.103846 -0.703627 0.696951
1716367539.849957 -1.707711 -1.337082 -0.243958 0.076032 0.113095 -0.706038 0.694938
1716367539.949382 -1.760819 -1.334539 -0.230453 0.068178 0.115437 -0.705328 0.696088
1716367540.040240 -1.797789 -1.336193 -0.210310 0.067247 0.115248 -0.706280 0.695244
1716367540.056947 -1.793875 -1.332493 -0.208289 0.058525 0.113501 -0.698532 0.704091
1716367540.215446 -1.861709 -1.336209 -0.162952 0.070457 0.115079 -0.704772 0.696483
1716367540.349113 -1.909638 -1.333291 -0.134047 0.069787 0.117689 -0.695469 0.705409
1716367540.358837 -1.914166 -1.330119 -0.132354 0.072721 0.115089 -0.695603 0.705409
1716367540.539349 -1.991402 -1.330795 -0.123197 0.065039 0.126796 -0.689433 0.710194
1716367540.640847 -2.030936 -1.336268 -0.112107 0.059397 0.129687 -0.689713 0.709894
1716367540.749517 -2.084104 -1.343622 -0.090738 0.059227 0.114952 -0.699707 0.702629
1716367540.758990 -2.090554 -1.338537 -0.095594 0.056012 0.118241 -0.693842 0.708142
1716367540.950547 -2.171465 -1.354803 -0.038461 0.067091 0.114727 -0.716198 0.685126
1716367541.039032 -2.212873 -1.360726 -0.016808 0.069225 0.112778 -0.721700 0.679440
1716367541.125376 -2.251027 -1.364965 -0.003388 0.070005 0.117588 -0.720008 0.680339
1716367541.238261 -2.297557 -1.371062 0.007965 0.072446 0.113157 -0.720376 0.680444
1716367541.347897 -2.346574 -1.375067 0.027389 0.070233 0.113701 -0.713181 0.688122
1716367541.439717 -2.389371 -1.379069 0.060832 0.072080 0.112148 -0.707322 0.694207
1716367541.549401 -2.455452 -1.381491 0.093144 0.074227 0.106865 -0.688728 0.713249
1716367541.649804 -2.512093 -1.393848 0.115857 0.077269 0.106622 -0.678760 0.722458
1716367541.684248 -2.536088 -1.396882 0.114062 0.076409 0.106426 -0.675387 0.725733
1716367541.803427 -2.592766 -1.400466 0.124570 0.077259 0.106346 -0.669014 0.731534
1716367541.950661 -2.660845 -1.402588 0.142725 0.074295 0.110341 -0.666031 0.733968
1716367542.021433 -2.695742 -1.402942 0.149684 0.069029 0.114992 -0.668201 0.731791
1716367542.140091 -2.743024 -1.408507 0.177324 0.072521 0.115299 -0.680917 0.719583
1716367542.249359 -2.779252 -1.418084 0.192810 0.070456 0.107843 -0.695210 0.707170
1716367542.349678 -2.810184 -1.424664 0.217760 0.073804 0.098548 -0.708706 0.694677
1716367542.449600 -2.844590 -1.427756 0.237518 0.074038 0.100376 -0.713894 0.689056
1716367542.540884 -2.880136 -1.422727 0.253606 0.069336 0.107827 -0.715559 0.686688
1716367542.650708 -2.921950 -1.415876 0.272370 0.066390 0.109312 -0.711607 0.690839
1716367542.741918 -2.958226 -1.406919 0.300906 0.060072 0.115121 -0.708798 0.693357
1716367542.849711 -2.993565 -1.396702 0.332031 0.058145 0.108772 -0.703651 0.699759
1716367542.857563 -2.996365 -1.393299 0.331306 0.059148 0.104440 -0.700615 0.703372
1716367543.019067 -3.043270 -1.387094 0.369575 0.053826 0.102365 -0.701449 0.703273
1716367543.149971 -3.081618 -1.385459 0.383058 0.060129 0.107550 -0.706342 0.697065
1716367543.250099 -3.114276 -1.381098 0.382718 0.075017 0.115545 -0.712434 0.688084
1716367543.342005 -3.144561 -1.369086 0.363341 0.072118 0.127770 -0.710807 0.687916
1716367543.450728 -3.183944 -1.361959 0.366450 0.058115 0.114628 -0.722816 0.678985
1716367543.543587 -3.212081 -1.364115 0.385014 0.046089 0.100476 -0.731523 0.672796
1716367543.573060 -3.223521 -1.359749 0.386023 0.034967 0.095099 -0.730840 0.674986
1716367543.666626 -3.258420 -1.367655 0.408868 0.041256 0.078674 -0.745592 0.660455
1716367543.850735 -3.323704 -1.382923 0.462368 0.069655 0.069320 -0.749674 0.654471
1716367543.941014 -3.356757 -1.386139 0.467369 0.078460 0.072969 -0.748206 0.654758
1716367544.054145 -3.398666 -1.390100 0.459818 0.079277 0.082921 -0.746411 0.655523
1716367544.122447 -3.427010 -1.392958 0.451133 0.076687 0.088495 -0.742623 0.659393
1716367544.249805 -3.484173 -1.395359 0.452158 0.077651 0.094461 -0.738814 0.662722
1716367544.349781 -3.522972 -1.395926 0.474781 0.090619 0.089554 -0.733055 0.668130
1716367544.403485 -3.547102 -1.404085 0.500438 0.095440 0.087722 -0.729769 0.671293
1716367544.541132 -3.592538 -1.405934 0.534303 0.116668 0.083900 -0.723863 0.674813
1716367544.650500 -3.629335 -1.398550 0.548227 0.126813 0.092708 -0.717215 0.678915
1716367544.741853 -3.657705 -1.392840 0.561652 0.127229 0.101788 -0.718892 0.675756
1716367544.758641 -3.664934 -1.393854 0.573528 0.129024 0.104001 -0.717390 0.676674
1716367544.940238 -3.734806 -1.384356 0.578658 0.111452 0.112933 -0.727050 0.667999
1716367545.042736 -3.777780 -1.388012 0.591005 0.102872 0.109267 -0.732857 0.663625
1716367545.128986 -3.817645 -1.394704 0.607087 0.093894 0.102238 -0.737727 0.660674
1716367545.240242 -3.862661 -1.409733 0.636234 0.085967 0.098911 -0.738822 0.661035
1716367545.349192 -3.906300 -1.417685 0.652160 0.095095 0.097649 -0.742361 0.655989
1716367545.449229 -3.942622 -1.419102 0.674176 0.102583 0.099685 -0.737652 0.659856
1716367545.549257 -3.977242 -1.424423 0.691408 0.100283 0.093585 -0.731309 0.668111
1716367545.640851 -4.011719 -1.429496 0.686629 0.092123 0.086903 -0.727686 0.674118
1716367545.749150 -4.064114 -1.435236 0.687051 0.085865 0.078176 -0.721774 0.682318
1716367545.758125 -4.071839 -1.432712 0.689580 0.086255 0.076493 -0.721702 0.682536
1716367545.940014 -4.148976 -1.436982 0.732516 0.082408 0.073172 -0.705122 0.700470
1716367546.054194 -4.192374 -1.437930 0.757519 0.090163 0.071380 -0.701446 0.703384
1716367546.114801 -4.216727 -1.430754 0.756536 0.098948 0.077673 -0.696678 0.706269
1716367546.247775 -4.259627 -1.423349 0.763123 0.114717 0.087854 -0.697479 0.701887
1716367546.339288 -4.287956 -1.425460 0.774209 0.119844 0.091460 -0.700942 0.697104
1716367546.448746 -4.323095 -1.428589 0.784456 0.113860 0.098245 -0.710880 0.687047
1716367546.540625 -4.348122 -1.439042 0.811428 0.101143 0.099699 -0.717532 0.681893
1716367546.558434 -4.354051 -1.437188 0.809886 0.101228 0.105371 -0.719101 0.679369
1716367546.740592 -4.433556 -1.463836 0.858792 0.079114 0.097871 -0.738711 0.662169
1716367546.849501 -4.475854 -1.478328 0.882419 0.081173 0.095482 -0.750350 0.649053
1716367546.939833 -4.506458 -1.485668 0.904980 0.093173 0.095126 -0.756025 0.640855
1716367547.047813 -4.544933 -1.489504 0.916432 0.102179 0.094958 -0.760542 0.634128
1716367547.139745 -4.580016 -1.486052 0.915065 0.115597 0.095273 -0.758860 0.633792
1716367547.249182 -4.624322 -1.485963 0.916455 0.101126 0.091648 -0.755039 0.641320
1716367547.349562 -4.665101 -1.481549 0.929106 0.092176 0.087107 -0.745915 0.653855
1716367547.449876 -4.714164 -1.478014 0.942923 0.090212 0.085950 -0.743378 0.657163
1716367547.540771 -4.757011 -1.480673 0.954631 0.084033 0.077418 -0.733867 0.669615
1716367547.650551 -4.800464 -1.483821 0.972315 0.086203 0.068004 -0.735858 0.668175
1716367547.744991 -4.830860 -1.482623 0.978827 0.088420 0.064004 -0.735664 0.668493
1716367547.850551 -4.867564 -1.476330 0.976827 0.091512 0.067020 -0.742214 0.660494
1716367547.940932 -4.892465 -1.471691 0.982377 0.093032 0.065466 -0.754426 0.646453
1716367548.049722 -4.913851 -1.469181 1.002383 0.101062 0.060900 -0.773451 0.622777
1716367548.149885 -4.961121 -1.459545 1.027512 0.104285 0.066851 -0.804920 0.580309
1716367548.241901 -4.996233 -1.454659 1.040160 0.107610 0.069067 -0.820606 0.557006
1716367548.350583 -5.038012 -1.450517 1.067007 0.111403 0.069475 -0.833822 0.536193
1716367548.455166 -5.076525 -1.449724 1.093971 0.111119 0.066611 -0.843181 0.521787
1716367548.493940 -5.093554 -1.450198 1.107944 0.111169 0.066222 -0.843784 0.520849
1716367548.559519 -5.115179 -1.446312 1.111695 0.105300 0.073151 -0.848515 0.513403
1716367548.749706 -5.178823 -1.416521 1.114245 0.104263 0.089775 -0.855977 0.498371
1716367548.841722 -5.210975 -1.392865 1.118524 0.099793 0.095313 -0.858341 0.494174
1716367548.950648 -5.242530 -1.368729 1.139850 0.102982 0.094132 -0.864710 0.482505
1716367549.050582 -5.276684 -1.336675 1.144013 0.099318 0.103029 -0.864930 0.481058
1716367549.059247 -5.268240 -1.342939 1.144535 0.089926 0.105459 -0.864375 0.483372
1716367549.241515 -5.319395 -1.276220 1.150756 0.110248 0.104861 -0.877829 0.454165
1716367549.349697 -5.348134 -1.237146 1.158111 0.112190 0.105498 -0.892514 0.423913
1716367549.440608 -5.373212 -1.196768 1.153546 0.107405 0.115953 -0.902003 0.401758
1716367549.531330 -5.395276 -1.160606 1.162118 0.104234 0.127662 -0.915016 0.368217
1716367549.650136 -5.437571 -1.115438 1.166313 0.088696 0.132351 -0.946553 0.280451
1716367549.741385 -5.464222 -1.085000 1.148540 0.081560 0.130893 -0.956690 0.246899
1716367549.841678 -5.480982 -1.052830 1.154623 0.078139 0.124356 -0.967604 0.205358
1716367549.941034 -5.486395 -1.020585 1.165668 0.078632 0.121153 -0.973431 0.177683
1716367550.044856 -5.492594 -0.985689 1.180003 0.082365 0.120896 -0.978630 0.144513
1716367550.148627 -5.496607 -0.937476 1.190153 0.087715 0.127319 -0.980760 0.119185
1716367550.210703 -5.502718 -0.906616 1.202519 0.090057 0.133134 -0.982012 0.099088
1716367550.349249 -5.495447 -0.854660 1.228123 0.096478 0.126206 -0.985142 0.065260
1716367550.440732 -5.487850 -0.812226 1.260090 0.105021 0.126528 -0.986038 0.026282
1716367550.549493 -5.472121 -0.754647 1.287063 0.109089 0.141066 -0.983862 -0.014667
1716367550.649236 -5.451540 -0.701298 1.296866 0.109216 0.140745 -0.982147 -0.060414
1716367550.748726 -5.421346 -0.645905 1.297538 0.112986 0.144243 -0.976825 -0.110637
1716367550.855475 -5.383357 -0.585714 1.288086 0.111447 0.145886 -0.969525 -0.162230
1716367550.938637 -5.358620 -0.547291 1.283412 0.106002 0.151045 -0.960094 -0.210162
1716367551.038826 -5.339699 -0.497065 1.294580 0.095026 0.147839 -0.944016 -0.279191
1716367551.122264 -5.323374 -0.464137 1.308411 0.087180 0.146727 -0.928607 -0.329483
1716367551.247501 -5.292310 -0.429764 1.314762 0.079285 0.135959 -0.909875 -0.383869
1716367551.339106 -5.267643 -0.399233 1.316721 0.074949 0.132160 -0.889170 -0.431616
1716367551.448831 -5.230676 -0.380598 1.310703 0.084359 0.119450 -0.864872 -0.480220
1716367551.548496 -5.187327 -0.368429 1.310937 0.088189 0.112296 -0.839560 -0.524168
1716367551.640696 -5.132852 -0.354956 1.317560 0.101457 0.116523 -0.812682 -0.561851
1716367551.749689 -5.072018 -0.345709 1.317465 0.102898 0.114647 -0.795419 -0.586154
1716367551.849399 -5.008417 -0.338730 1.331098 0.108030 0.117681 -0.782846 -0.601359
1716367551.946210 -4.962356 -0.332832 1.340422 0.110375 0.122322 -0.775523 -0.609442
1716367552.017350 -4.930145 -0.336886 1.348112 0.111801 0.122950 -0.772440 -0.612961
1716367552.148234 -4.870190 -0.335773 1.349386 0.108458 0.121660 -0.763837 -0.624491
1716367552.249446 -4.840310 -0.336215 1.351559 0.104850 0.115423 -0.753055 -0.639212
1716367552.340192 -4.810571 -0.334699 1.348115 0.096775 0.114649 -0.742740 -0.652554
1716367552.442045 -4.778570 -0.328978 1.336673 0.089068 0.119396 -0.726515 -0.670811
1716367552.550477 -4.730741 -0.324737 1.354580 0.091095 0.137985 -0.703370 -0.691326
1716367552.641746 -4.699147 -0.328547 1.392009 0.072634 0.136262 -0.694573 -0.702656
1716367552.749944 -4.653753 -0.321951 1.432811 0.090595 0.135921 -0.676347 -0.718243
1716367552.854965 -4.616543 -0.316898 1.463519 0.081573 0.119249 -0.670676 -0.727544
1716367552.919834 -4.601223 -0.317066 1.479356 0.078344 0.105473 -0.661284 -0.738540
1716367553.049495 -4.560437 -0.322139 1.486071 0.086818 0.079220 -0.653405 -0.747829
1716367553.150173 -4.521368 -0.332342 1.486706 0.087372 0.074162 -0.652592 -0.748993
1716367553.241091 -4.486725 -0.341671 1.483770 0.087956 0.081606 -0.654502 -0.746479
1716367553.350518 -4.435765 -0.355547 1.493398 0.086835 0.105016 -0.663245 -0.735893
1716367553.450588 -4.395198 -0.370277 1.534996 0.091144 0.123765 -0.679246 -0.717635
1716367553.550826 -4.348368 -0.377950 1.568627 0.087503 0.107883 -0.694398 -0.706057
1716367553.573722 -4.349322 -0.386433 1.578702 0.092752 0.111206 -0.703797 -0.695485
1716367553.672853 -4.318617 -0.395092 1.603255 0.085873 0.087136 -0.714687 -0.688662
1716367553.854720 -4.262119 -0.394572 1.624904 0.074413 0.086125 -0.715855 -0.688910
1716367553.948442 -4.236269 -0.399638 1.625866 0.068946 0.094855 -0.714704 -0.689527
1716367554.051092 -4.201352 -0.402136 1.631516 0.065773 0.113869 -0.706082 -0.695813
1716367554.126709 -4.180949 -0.411025 1.665556 0.063445 0.121495 -0.700240 -0.700626
1716367554.248996 -4.142512 -0.399926 1.708734 0.052345 0.127205 -0.681829 -0.718463
1716367554.349374 -4.129840 -0.393693 1.748289 0.041667 0.117477 -0.672598 -0.729435
1716367554.449656 -4.115183 -0.391401 1.775186 0.046236 0.110717 -0.653854 -0.747046
1716367554.540988 -4.087095 -0.398280 1.786362 0.049532 0.114265 -0.648602 -0.750870
1716367554.650222 -4.050562 -0.408949 1.804282 0.055819 0.117278 -0.642880 -0.754874
1716367554.750231 -4.014617 -0.412904 1.811723 0.047318 0.115749 -0.644659 -0.754174
1716367554.850058 -3.975054 -0.426639 1.833197 0.056230 0.117430 -0.647216 -0.751106
1716367554.941247 -3.937641 -0.439393 1.867064 0.064355 0.118971 -0.658081 -0.740698
1716367555.048948 -3.898523 -0.452501 1.923176 0.070879 0.123273 -0.663298 -0.734722
1716367555.148581 -3.866934 -0.458364 1.956291 0.068963 0.130984 -0.672552 -0.725094
1716367555.239464 -3.839039 -0.466646 1.990839 0.071130 0.130491 -0.679192 -0.718757
1716367555.348395 -3.796173 -0.468965 2.007559 0.072314 0.126674 -0.683034 -0.715674
1716367555.448391 -3.759650 -0.467672 2.019057 0.074233 0.120902 -0.685467 -0.714148
1716367555.540030 -3.725218 -0.468064 2.033533 0.075252 0.120317 -0.689190 -0.710548
1716367555.649144 -3.683707 -0.462386 2.059653 0.077827 0.120641 -0.687398 -0.711951
1716367555.740776 -3.658482 -0.451628 2.093780 0.066733 0.133254 -0.684247 -0.713860
1716367555.848491 -3.619997 -0.445372 2.139892 0.063201 0.130915 -0.678277 -0.720283
1716367555.953502 -3.583722 -0.437604 2.177326 0.058813 0.134258 -0.668179 -0.729420
1716367556.043576 -3.551726 -0.434624 2.210660 0.061150 0.139711 -0.666949 -0.729329
1716367556.120261 -3.521606 -0.435738 2.228326 0.062691 0.139970 -0.662781 -0.732939
1716367556.247605 -3.461477 -0.439529 2.250818 0.063968 0.147164 -0.661372 -0.732692
1716367556.338970 -3.422272 -0.452358 2.275124 0.060002 0.149466 -0.665849 -0.728494
1716367556.448210 -3.385513 -0.464782 2.316196 0.057293 0.148971 -0.671128 -0.723956
1716367556.548559 -3.358881 -0.473355 2.336605 0.066526 0.128810 -0.686793 -0.712248
1716367556.640489 -3.326715 -0.477331 2.362240 0.055940 0.122682 -0.694543 -0.706704
1716367556.749408 -3.290537 -0.479946 2.386197 0.059508 0.117788 -0.698647 -0.703191
1716367556.849261 -3.257451 -0.482677 2.394652 0.059873 0.117066 -0.699460 -0.702472
1716367556.932117 -3.228623 -0.483418 2.407361 0.060622 0.116070 -0.698805 -0.703224
1716367557.048218 -3.185161 -0.481140 2.432434 0.061973 0.114129 -0.692073 -0.710048
1716367557.148391 -3.147167 -0.469402 2.470553 0.061084 0.118128 -0.677905 -0.723021
1716367557.239664 -3.115257 -0.457783 2.492755 0.060120 0.125017 -0.670671 -0.728668
1716367557.284174 -3.101682 -0.455031 2.512240 0.056912 0.133962 -0.665323 -0.732230
1716367557.440879 -3.048222 -0.443610 2.550211 0.066226 0.138746 -0.665115 -0.730743
1716367557.549824 -3.001424 -0.447480 2.567852 0.069462 0.129623 -0.657961 -0.738553
1716367557.641573 -2.968516 -0.454876 2.577873 0.066628 0.128018 -0.659918 -0.737347
1716367557.658481 -2.968628 -0.456977 2.581403 0.067940 0.130020 -0.656751 -0.739700
1716367557.848615 -2.883056 -0.474264 2.623070 0.053839 0.131492 -0.669472 -0.729122
1716367557.917294 -2.855939 -0.479998 2.649220 0.053057 0.133232 -0.673291 -0.725337
1716367558.049315 -2.816673 -0.492431 2.682354 0.042460 0.119436 -0.685803 -0.716663
1716367558.149575 -2.783681 -0.499175 2.698100 0.043081 0.116000 -0.693394 -0.709854
1716367558.189485 -2.771272 -0.504828 2.708571 0.038608 0.112151 -0.693704 -0.710427
1716367558.282642 -2.741512 -0.511467 2.721519 0.027899 0.113469 -0.698021 -0.706479
1716367558.450545 -2.678664 -0.512503 2.750871 0.038443 0.113114 -0.688219 -0.715599
1716367558.551529 -2.632667 -0.516132 2.794094 0.036318 0.112116 -0.680722 -0.723000
1716367558.572038 -2.631260 -0.520418 2.812004 0.036478 0.109753 -0.682940 -0.721261
1716367558.670903 -2.591786 -0.521259 2.861156 0.023013 0.109665 -0.673008 -0.731098
1716367558.771250 -2.564057 -0.520572 2.914309 0.029459 0.110436 -0.648515 -0.752572
1716367558.944963 -2.507977 -0.521739 2.975976 0.040518 0.116941 -0.646250 -0.753023
1716367559.044270 -2.479974 -0.527999 3.012285 0.045502 0.116970 -0.644918 -0.753876
1716367559.149449 -2.445061 -0.533222 3.024711 0.048099 0.122004 -0.645479 -0.752435
1716367559.240399 -2.398289 -0.539765 3.038250 0.048667 0.134920 -0.650249 -0.746059
1716367559.349717 -2.357915 -0.554850 3.082963 0.043087 0.138681 -0.662252 -0.735074
1716367559.449910 -2.326812 -0.562610 3.116983 0.043381 0.132242 -0.671166 -0.728126
1716367559.549990 -2.293791 -0.562154 3.123880 0.047532 0.122032 -0.678117 -0.723191
1716367559.641402 -2.262813 -0.570206 3.139936 0.053671 0.123957 -0.685010 -0.715902
1716367559.741272 -2.224918 -0.572342 3.153348 0.058207 0.129536 -0.686051 -0.713559
1716367559.849496 -2.184455 -0.570624 3.163210 0.058396 0.134063 -0.686656 -0.712124
1716367559.948953 -2.144182 -0.567463 3.171528 0.063209 0.132232 -0.688842 -0.709941
1716367560.039797 -2.116900 -0.563108 3.203970 0.063844 0.133764 -0.686763 -0.711609
1716367560.148886 -2.088992 -0.558213 3.257584 0.061845 0.130057 -0.689582 -0.709744
1716367560.248854 -2.068686 -0.552448 3.295844 0.066090 0.117675 -0.680533 -0.720181
1716367560.340094 -2.048339 -0.554891 3.322946 0.069846 0.111226 -0.680473 -0.720907
1716367560.449422 -2.017991 -0.555148 3.345389 0.071209 0.112178 -0.681908 -0.719268
1716367560.549364 -1.987999 -0.557579 3.351805 0.066761 0.113197 -0.680611 -0.720763
1716367560.649132 -1.947556 -0.561399 3.366673 0.060436 0.116478 -0.684587 -0.717022
1716367560.740471 -1.903130 -0.561359 3.397089 0.056943 0.118681 -0.684964 -0.716586
1716367560.847873 -1.852304 -0.565693 3.444083 0.054609 0.118956 -0.692576 -0.709370
1716367560.943865 -1.817234 -0.567373 3.481402 0.055145 0.116825 -0.699903 -0.702458
1716367561.027062 -1.793077 -0.568163 3.509362 0.049910 0.112122 -0.705905 -0.697593
1716367561.147204 -1.754634 -0.570496 3.530761 0.050434 0.112349 -0.715446 -0.687729
1716367561.238636 -1.720679 -0.569162 3.533109 0.052262 0.115528 -0.718939 -0.683410
1716367561.347784 -1.679382 -0.562280 3.534429 0.056675 0.117480 -0.720641 -0.680928
1716367561.447956 -1.642580 -0.555268 3.553597 0.057032 0.119780 -0.720676 -0.680460
1716367561.539828 -1.608767 -0.544177 3.585249 0.062094 0.120449 -0.713163 -0.687776
1716367561.651457 -1.557516 -0.535580 3.641710 0.047620 0.119144 -0.706247 -0.696241
1716367561.743824 -1.531415 -0.527296 3.678734 0.046855 0.104764 -0.698128 -0.706716
1716367561.853944 -1.494354 -0.537732 3.691944 0.049332 0.093629 -0.686399 -0.719483
1716367561.928496 -1.474212 -0.536609 3.710421 0.041440 0.091061 -0.684831 -0.721802
1716367562.039241 -1.447067 -0.546364 3.724621 0.047725 0.088666 -0.673800 -0.732021
1716367562.147991 -1.409612 -0.556536 3.725991 0.062820 0.095785 -0.660312 -0.742204
1716367562.239457 -1.375640 -0.568328 3.726493 0.063080 0.106247 -0.650259 -0.749597
1716367562.349136 -1.340206 -0.585761 3.725957 0.071308 0.118865 -0.643118 -0.753117
1716367562.449609 -1.296433 -0.601429 3.736954 0.077516 0.114219 -0.630255 -0.764019
1716367562.541178 -1.254805 -0.614055 3.745296 0.075554 0.124217 -0.626782 -0.765510
1716367562.649880 -1.187396 -0.654468 3.764779 0.059361 0.125070 -0.590751 -0.794888
1716367562.749547 -1.124510 -0.690282 3.787576 0.056631 0.128011 -0.561836 -0.815320
1716367562.850566 -1.061224 -0.717977 3.807871 0.047114 0.133230 -0.521954 -0.841186
1716367562.940275 -1.016706 -0.741758 3.819686 0.048062 0.134960 -0.482568 -0.864063
1716367563.048974 -0.978559 -0.766763 3.839357 0.056214 0.131425 -0.432850 -0.890061
1716367563.140179 -0.964958 -0.781326 3.830168 0.049978 0.123545 -0.381737 -0.914612
1716367563.240795 -0.951272 -0.807798 3.829236 0.067612 0.104989 -0.331711 -0.935079
1716367563.350306 -0.940968 -0.837640 3.819607 0.071924 0.093173 -0.279822 -0.952809
1716367563.450384 -0.929951 -0.867205 3.809276 0.066377 0.088903 -0.239627 -0.964505
1716367563.549761 -0.920704 -0.897244 3.811295 0.071349 0.069522 -0.196843 -0.975361
1716367563.560878 -0.918492 -0.898864 3.804519 0.070014 0.074530 -0.185814 -0.977249
1716367563.745640 -0.908957 -0.973850 3.789124 0.064819 0.048789 -0.137872 -0.987122
1716367563.854793 -0.897415 -1.019861 3.767921 0.055176 0.045039 -0.108247 -0.991569
1716367563.944952 -0.880497 -1.066907 3.747273 0.063088 0.047276 -0.077254 -0.993890
1716367564.017684 -0.866225 -1.101485 3.736905 0.069460 0.049568 -0.059721 -0.994561
1716367564.149504 -0.827267 -1.167462 3.733291 0.062663 0.047440 -0.013654 -0.996813
1716367564.158909 -0.820922 -1.165571 3.735880 0.071578 0.046537 -0.012853 -0.996266
1716367564.349367 -0.795572 -1.241675 3.715151 0.053070 0.034084 0.064741 -0.995907
1716367564.440591 -0.792601 -1.286256 3.699406 0.051975 0.028432 0.102610 -0.992956
1716367564.549490 -0.792585 -1.332189 3.689504 0.048747 0.027822 0.138191 -0.988814
1716367564.649836 -0.808859 -1.373026 3.677443 0.057337 0.024962 0.163334 -0.984587
1716367564.741269 -0.829708 -1.410440 3.680077 0.051596 0.019921 0.181660 -0.981805
1716367564.840879 -0.854819 -1.435412 3.691912 0.052938 0.004321 0.219575 -0.974149
1716367564.948940 -0.889809 -1.460652 3.684884 0.042145 -0.003702 0.244874 -0.968632
1716367565.051151 -0.924000 -1.482647 3.674490 0.040512 -0.027216 0.298592 -0.953132
1716367565.139503 -0.959643 -1.494370 3.668657 0.030445 -0.038247 0.326836 -0.943816
1716367565.248752 -0.993154 -1.537481 3.657102 0.028407 -0.051412 0.395154 -0.916735
1716367565.340049 -1.012941 -1.564528 3.649517 0.019640 -0.059050 0.449078 -0.891323
1716367565.449369 -1.036803 -1.598348 3.643001 0.018401 -0.064935 0.509698 -0.857702
1716367565.549293 -1.051687 -1.623124 3.639787 0.020105 -0.072381 0.566296 -0.820771
1716367565.649087 -1.076960 -1.632679 3.621825 0.011157 -0.069914 0.609395 -0.789699
1716367565.740345 -1.108851 -1.634939 3.620173 0.006213 -0.075145 0.646954 -0.758792
1716367565.847778 -1.153889 -1.629905 3.615950 0.001083 -0.082307 0.671184 -0.736706
1716367565.947427 -1.190340 -1.625485 3.617110 0.002069 -0.088584 0.685874 -0.722306
1716367566.038540 -1.221796 -1.617136 3.615956 0.002024 -0.097424 0.693365 -0.713968
1716367566.147268 -1.254812 -1.614315 3.615038 0.006070 -0.105590 0.694935 -0.711252
1716367566.247418 -1.289082 -1.609613 3.617189 0.010829 -0.104398 0.692829 -0.713423
1716367566.338869 -1.322447 -1.602454 3.613501 0.005337 -0.108091 0.695897 -0.709941
1716367566.447925 -1.355946 -1.592993 3.612352 -0.004629 -0.105586 0.697556 -0.708693
1716367566.548199 -1.385615 -1.582253 3.608856 -0.010817 -0.097150 0.707387 -0.700034
1716367566.640142 -1.419690 -1.572948 3.602595 -0.022282 -0.087378 0.716533 -0.691700
1716367566.750346 -1.458416 -1.570695 3.598567 -0.023364 -0.087731 0.724848 -0.682901
1716367566.848480 -1.497980 -1.573560 3.595647 -0.025779 -0.090644 0.727564 -0.679536
1716367566.939870 -1.531494 -1.584141 3.603003 -0.022611 -0.096078 0.728870 -0.677500
1716367567.047592 -1.582582 -1.595273 3.616343 -0.026956 -0.094374 0.736147 -0.669667
1716367567.138969 -1.629092 -1.606158 3.636220 -0.024335 -0.111435 0.735764 -0.667563
1716367567.248115 -1.669467 -1.616676 3.655661 -0.034947 -0.104612 0.743271 -0.659836
1716367567.348542 -1.709270 -1.620306 3.665949 -0.036447 -0.107172 0.742555 -0.660150
1716367567.440239 -1.749520 -1.617025 3.667776 -0.035168 -0.116821 0.740779 -0.660578
1716367567.549757 -1.794024 -1.614436 3.669358 -0.041859 -0.105497 0.736888 -0.666418
1716367567.641148 -1.829937 -1.615075 3.675873 -0.038924 -0.103724 0.732067 -0.672164
1716367567.749372 -1.864898 -1.622086 3.705509 -0.050960 -0.094894 0.720790 -0.684733
1716367567.852488 -1.901275 -1.631116 3.732830 -0.042742 -0.098615 0.707072 -0.698926
1716367567.940013 -1.924816 -1.638386 3.753490 -0.045551 -0.086079 0.696677 -0.710744
1716367568.048818 -1.956740 -1.641106 3.767252 -0.041659 -0.083900 0.685974 -0.721572
1716367568.148933 -1.999827 -1.652743 3.775846 -0.035443 -0.079022 0.676242 -0.731571
1716367568.240350 -2.045426 -1.662356 3.781942 -0.034762 -0.081658 0.679121 -0.728641
1716367568.350464 -2.095113 -1.668343 3.787935 -0.044125 -0.084210 0.683392 -0.723835
1716367568.449996 -2.141364 -1.684789 3.807130 -0.048959 -0.093233 0.692678 -0.713518
1716367568.540691 -2.183805 -1.703652 3.843603 -0.063450 -0.076401 0.704619 -0.702602
1716367568.649999 -2.235469 -1.727663 3.877557 -0.056274 -0.088033 0.715402 -0.690857
1716367568.667619 -2.246517 -1.729287 3.873132 -0.070529 -0.082842 0.725443 -0.679629
1716367568.770098 -2.288105 -1.732943 3.895428 -0.078706 -0.077409 0.730582 -0.673842
1716367568.921247 -2.349409 -1.732321 3.924094 -0.075081 -0.070740 0.728391 -0.677351
1716367569.049316 -2.408867 -1.727381 3.945520 -0.070166 -0.068354 0.728234 -0.678292
1716367569.058527 -2.404504 -1.724917 3.924628 -0.074524 -0.052651 0.730942 -0.676312
1716367569.158521 -2.451294 -1.721161 3.960493 -0.057039 -0.066111 0.715134 -0.693513
1716367569.349123 -2.525224 -1.732424 4.021976 -0.057734 -0.073434 0.701564 -0.706458
1716367569.449151 -2.571076 -1.731084 4.045761 -0.052496 -0.082743 0.690985 -0.716196
1716367569.540518 -2.609371 -1.730717 4.064757 -0.044822 -0.076215 0.689762 -0.718617
1716367569.649796 -2.652530 -1.735431 4.075622 -0.045252 -0.072762 0.686398 -0.722160
1716367569.749851 -2.691745 -1.739602 4.085740 -0.044121 -0.072359 0.685857 -0.722785
1716367569.849261 -2.735435 -1.756855 4.108929 -0.036232 -0.083146 0.690460 -0.717662
1716367569.940402 -2.774323 -1.778132 4.141953 -0.023171 -0.081851 0.694532 -0.714415
1716367570.048667 -2.814768 -1.802761 4.167838 -0.024489 -0.080250 0.704197 -0.705030
1716367570.148397 -2.841703 -1.814991 4.192877 -0.035787 -0.075207 0.709627 -0.699638
1716367570.239262 -2.870358 -1.824639 4.211526 -0.040351 -0.073268 0.718165 -0.690827
1716367570.348235 -2.908566 -1.826860 4.230982 -0.045329 -0.073246 0.724333 -0.684049
1716367570.448363 -2.949693 -1.823936 4.238120 -0.043412 -0.075778 0.724951 -0.683242
1716367570.539729 -2.984474 -1.818194 4.244302 -0.040915 -0.073176 0.724927 -0.683705
1716367570.648864 -3.029756 -1.808301 4.262002 -0.041323 -0.073129 0.726065 -0.682477
1716367570.748807 -3.073748 -1.796346 4.292083 -0.049300 -0.082427 0.720391 -0.686885
1716367570.840236 -3.116233 -1.792106 4.289931 -0.053850 -0.073891 0.711059 -0.697162
1716367570.947870 -3.152073 -1.790413 4.310483 -0.055303 -0.064631 0.704459 -0.704629
1716367571.042138 -3.184951 -1.789965 4.325823 -0.049387 -0.060350 0.698255 -0.711589
1716367571.138362 -3.219853 -1.788573 4.330828 -0.046500 -0.058886 0.698061 -0.712096
1716367571.247066 -3.264043 -1.786260 4.331066 -0.046025 -0.057117 0.697351 -0.712966
1716367571.347107 -3.311812 -1.790744 4.329664 -0.044025 -0.058683 0.700885 -0.709492
1716367571.438619 -3.352132 -1.799662 4.348495 -0.047684 -0.063522 0.710275 -0.699429
1716367571.547829 -3.401193 -1.813280 4.384077 -0.043188 -0.067528 0.722236 -0.686986
1716367571.639628 -3.438313 -1.821014 4.414948 -0.063098 -0.061009 0.724199 -0.683983
1716367571.657019 -3.446260 -1.820492 4.423703 -0.063862 -0.056545 0.727344 -0.680952
1716367571.840598 -3.508791 -1.808943 4.450340 -0.067849 -0.068038 0.735783 -0.670366
1716367571.939505 -3.543994 -1.797574 4.464181 -0.065823 -0.074190 0.742755 -0.662177
1716367572.047379 -3.586906 -1.781999 4.470902 -0.060160 -0.075795 0.743255 -0.661973
1716367572.147373 -3.635902 -1.773601 4.496313 -0.052612 -0.068866 0.741069 -0.665813
1716367572.238703 -3.676317 -1.770749 4.529323 -0.050105 -0.072326 0.736069 -0.671163
1716367572.348201 -3.714726 -1.770862 4.556655 -0.059939 -0.062065 0.727009 -0.681185
1716367572.440096 -3.746203 -1.765489 4.581984 -0.068680 -0.055514 0.714747 -0.693785
1716367572.549530 -3.788559 -1.765641 4.588000 -0.059183 -0.054775 0.708887 -0.700697
1716367572.649450 -3.823917 -1.765295 4.589305 -0.060514 -0.048295 0.701979 -0.707976
1716367572.740662 -3.851713 -1.762384 4.592978 -0.060683 -0.044364 0.699578 -0.710591
1716367572.853230 -3.891625 -1.759833 4.600293 -0.057811 -0.052615 0.703340 -0.706542
1716367572.918011 -3.918707 -1.759991 4.609247 -0.057475 -0.052309 0.703632 -0.706302
1716367572.957720 -3.933872 -1.765655 4.615652 -0.054067 -0.059255 0.705236 -0.704420
1716367573.139808 -4.010147 -1.782275 4.671390 -0.058100 -0.056476 0.717852 -0.691464
1716367573.240045 -4.043907 -1.783911 4.682236 -0.062544 -0.063073 0.722975 -0.685141
1716367573.282770 -4.056303 -1.785920 4.683332 -0.062820 -0.068108 0.721173 -0.686531
1716367573.449866 -4.120545 -1.779391 4.696020 -0.046815 -0.069691 0.718641 -0.690295
1716367573.549957 -4.171614 -1.778881 4.697413 -0.038438 -0.066570 0.715327 -0.694549
1716367573.641059 -4.215970 -1.778620 4.716404 -0.039103 -0.059872 0.710156 -0.700403
1716367573.671820 -4.230215 -1.780129 4.726233 -0.028476 -0.064818 0.712367 -0.698227
1716367573.771741 -4.273582 -1.776927 4.743955 -0.038829 -0.041222 0.701034 -0.710876
1716367573.872152 -4.305664 -1.775996 4.769919 -0.055106 -0.040625 0.683888 -0.726368
1716367573.959111 -4.327447 -1.772312 4.777078 -0.060009 -0.043696 0.680076 -0.729374
1716367574.106485 -4.365871 -1.765233 4.785616 -0.047526 -0.042997 0.675959 -0.734147
1716367574.249497 -4.417785 -1.763763 4.772630 -0.048178 -0.044340 0.677129 -0.732946
1716367574.340683 -4.452149 -1.768400 4.783022 -0.052125 -0.047533 0.679451 -0.730322
1716367574.449831 -4.501337 -1.776808 4.806854 -0.053956 -0.048598 0.681147 -0.728536
1716367574.458832 -4.507214 -1.774780 4.803017 -0.049728 -0.056551 0.682949 -0.726574
1716367574.649862 -4.579895 -1.802221 4.863281 -0.056867 -0.040514 0.695010 -0.715602
1716367574.740871 -4.608966 -1.814904 4.886200 -0.058485 -0.045399 0.704048 -0.706282
1716367574.840191 -4.639351 -1.823527 4.889245 -0.053050 -0.043636 0.706667 -0.704204
1716367574.949692 -4.669859 -1.827691 4.891783 -0.051063 -0.045179 0.709142 -0.701761
1716367575.030150 -4.694234 -1.831912 4.891800 -0.050839 -0.043286 0.709751 -0.701282
1716367575.139390 -4.731882 -1.833398 4.887082 -0.048070 -0.044291 0.705866 -0.705323
1716367575.249259 -4.773415 -1.832496 4.908946 -0.048655 -0.044897 0.697645 -0.713379
1716367575.300206 -4.803891 -1.835191 4.916287 -0.045136 -0.050998 0.698371 -0.712489
1716367575.440337 -4.872833 -1.840476 4.948257 -0.053225 -0.044945 0.678214 -0.731555
1716367575.458040 -4.892033 -1.843597 4.933464 -0.054481 -0.046460 0.675393 -0.733974
1716367575.640557 -4.957736 -1.853301 4.946456 -0.056537 -0.045317 0.662002 -0.745991
1716367575.748513 -5.003739 -1.862367 4.943789 -0.044971 -0.048467 0.661729 -0.746822
1716367575.839430 -5.036543 -1.864305 4.940451 -0.039927 -0.047307 0.658797 -0.749769
1716367575.948252 -5.079340 -1.867322 4.929409 -0.033985 -0.056492 0.659533 -0.748779
1716367576.038527 -5.103562 -1.880300 4.949817 -0.033139 -0.056768 0.663878 -0.744947
1716367576.147391 -5.149819 -1.891287 4.970323 -0.035014 -0.064062 0.689439 -0.720655
1716367576.247407 -5.181677 -1.898143 4.980558 -0.041605 -0.077642 0.699878 -0.708810
1716367576.347541 -5.215678 -1.908220 4.977440 -0.044583 -0.079343 0.716404 -0.691724
1716367576.439091 -5.242571 -1.920957 4.989372 -0.044310 -0.079117 0.726251 -0.681422
1716367576.547993 -5.279477 -1.928618 4.976483 -0.039556 -0.079133 0.733981 -0.673383
1716367576.640386 -5.311832 -1.930460 4.963207 -0.041261 -0.079003 0.740277 -0.666368
1716367576.747463 -5.353099 -1.925591 4.964056 -0.036892 -0.078210 0.741186 -0.665707
1716367576.841393 -5.395703 -1.920276 4.984025 -0.033500 -0.087850 0.742446 -0.663275
1716367576.857302 -5.397793 -1.920635 4.992608 -0.024754 -0.084038 0.739711 -0.667198
1716367577.038905 -5.465902 -1.902588 5.042641 -0.037421 -0.090305 0.745616 -0.659168
1716367577.147303 -5.497337 -1.878281 5.042913 -0.055144 -0.090493 0.768742 -0.630719
1716367577.247530 -5.524969 -1.862522 5.030592 -0.062989 -0.100085 0.784633 -0.608578
1716367577.339077 -5.554023 -1.847330 5.023929 -0.068053 -0.105815 0.804130 -0.580988
1716367577.448773 -5.579055 -1.831632 5.044020 -0.058225 -0.104326 0.838104 -0.532266
1716367577.540593 -5.597377 -1.819126 5.022260 -0.058210 -0.105224 0.867634 -0.482443
1716367577.641002 -5.620135 -1.818337 5.022736 -0.059459 -0.107051 0.901860 -0.414311
1716367577.749426 -5.659741 -1.803494 5.031008 -0.066026 -0.113298 0.934641 -0.330529
1716367577.854180 -5.682625 -1.789446 5.037489 -0.074278 -0.102271 0.959869 -0.250348
1716367577.939591 -5.696392 -1.770381 5.037026 -0.082815 -0.102046 0.972312 -0.193232
1716367578.048430 -5.715505 -1.733864 5.039066 -0.085514 -0.104461 0.980065 -0.145770
1716367578.148640 -5.744308 -1.688382 5.048155 -0.075709 -0.114602 0.984040 -0.113137
1716367578.240141 -5.769210 -1.646627 5.061338 -0.065243 -0.128408 0.984443 -0.100636
1716367578.349660 -5.788124 -1.600509 5.072498 -0.075581 -0.135102 0.982934 -0.099371
1716367578.441052 -5.803382 -1.556661 5.081230 -0.074527 -0.136830 0.983784 -0.088842
1716367578.549864 -5.824649 -1.501811 5.088198 -0.083517 -0.135588 0.983946 -0.080567
1716367578.649665 -5.847349 -1.449409 5.083108 -0.084559 -0.141567 0.983777 -0.070647
1716367578.747215 -5.864433 -1.399563 5.079338 -0.081970 -0.144813 0.984456 -0.056174
1716367578.840204 -5.878323 -1.356454 5.079501 -0.079573 -0.153054 0.984177 -0.040468
1716367578.949722 -5.896810 -1.310430 5.101932 -0.081953 -0.149685 0.985250 -0.012667
1716367579.049705 -5.911479 -1.273406 5.104149 -0.084671 -0.158725 0.983673 0.004918
1716367579.140468 -5.921243 -1.234184 5.102144 -0.085608 -0.153408 0.983473 0.043800
1716367579.250274 -5.927445 -1.184132 5.100348 -0.079063 -0.144166 0.982788 0.084217
1716367579.350280 -5.922979 -1.136978 5.100440 -0.074480 -0.150330 0.981403 0.093283
1716367579.449850 -5.918177 -1.083920 5.105985 -0.076098 -0.160489 0.978977 0.100282
1716367579.549828 -5.917117 -1.034372 5.114981 -0.073766 -0.155564 0.978466 0.113854
1716367579.649803 -5.911746 -0.988628 5.130850 -0.081199 -0.151516 0.978018 0.118027
1716367579.749889 -5.901873 -0.938643 5.141369 -0.082664 -0.164038 0.971501 0.149812
1716367579.758165 -5.897647 -0.927315 5.139794 -0.090880 -0.161683 0.972983 0.137488
1716367579.940349 -5.855118 -0.850069 5.140221 -0.081993 -0.192203 0.947762 0.241002
1716367580.048884 -5.826950 -0.816159 5.137484 -0.076163 -0.185839 0.925441 0.321282
1716367580.154109 -5.797744 -0.798269 5.137927 -0.065029 -0.171810 0.889511 0.418356
1716367580.223675 -5.792370 -0.802096 5.121725 -0.053164 -0.172202 0.857644 0.481630
1716367580.339297 -5.780707 -0.811996 5.110147 -0.033811 -0.163541 0.823422 0.542299
1716367580.449263 -5.760307 -0.831290 5.102202 -0.036271 -0.147609 0.785310 0.600154
1716367580.549033 -5.743164 -0.840464 5.096800 -0.042358 -0.138475 0.755650 0.638768
1716367580.640452 -5.719023 -0.858676 5.095136 -0.043704 -0.130613 0.737914 0.660691
1716367580.749169 -5.691695 -0.878389 5.100681 -0.049198 -0.127822 0.729638 0.669977
1716367580.840019 -5.665858 -0.888795 5.101595 -0.063138 -0.117188 0.721957 0.679013
1716367580.947795 -5.638387 -0.892409 5.107767 -0.070470 -0.116725 0.716349 0.684291
1716367581.048929 -5.607272 -0.896287 5.114115 -0.072186 -0.120361 0.713949 0.685988
1716367581.113220 -5.584073 -0.892725 5.119643 -0.073918 -0.122328 0.706352 0.693282
1716367581.247902 -5.548120 -0.881648 5.137027 -0.078702 -0.121535 0.694859 0.704419
1716367581.347638 -5.515497 -0.866973 5.153374 -0.081109 -0.122111 0.677300 0.720954
1716367581.439163 -5.486899 -0.853024 5.157785 -0.081880 -0.126286 0.671103 0.725926
1716367581.548400 -5.451739 -0.844857 5.165736 -0.069079 -0.129848 0.664017 0.733109
1716367581.640353 -5.412831 -0.837937 5.178686 -0.062585 -0.132902 0.658656 0.737965
1716367581.746946 -5.367275 -0.831537 5.191736 -0.063388 -0.124143 0.656598 0.741249
1716367581.841194 -5.325728 -0.828420 5.202164 -0.063610 -0.125061 0.662889 0.735453
1716367581.939073 -5.273240 -0.835403 5.218707 -0.065886 -0.126325 0.672943 0.725843
1716367582.039086 -5.223567 -0.844251 5.233661 -0.065885 -0.127768 0.680918 0.718113
1716367582.147839 -5.169621 -0.843999 5.267525 -0.073131 -0.128909 0.690633 0.707856
1716367582.239103 -5.137539 -0.855578 5.290646 -0.075525 -0.123004 0.702169 0.697226
1716367582.340499 -5.094834 -0.851323 5.320033 -0.067593 -0.119039 0.714075 0.686555
1716367582.449729 -5.051181 -0.850384 5.335064 -0.070810 -0.116061 0.717771 0.682876
1716367582.549768 -5.007111 -0.850025 5.338526 -0.069932 -0.117934 0.714552 0.686015
1716367582.643072 -4.966331 -0.848383 5.332257 -0.070810 -0.118565 0.716641 0.683633
1716367582.749539 -4.914351 -0.841886 5.345347 -0.075991 -0.119399 0.708554 0.691318
1716367582.848407 -4.873097 -0.831030 5.381372 -0.067959 -0.116172 0.700167 0.701179
1716367582.938997 -4.834510 -0.827093 5.402023 -0.068239 -0.118000 0.702424 0.698584
1716367583.048975 -4.795630 -0.820512 5.425328 -0.062440 -0.114187 0.697528 0.704640
1716367583.149396 -4.765136 -0.817615 5.431623 -0.066477 -0.112747 0.692789 0.709164
1716367583.240565 -4.731538 -0.821038 5.431029 -0.074993 -0.115628 0.691610 0.709001
1716367583.350164 -4.677725 -0.827593 5.454417 -0.072093 -0.118768 0.689247 0.711081
1716367583.450154 -4.630270 -0.838097 5.490234 -0.078921 -0.118926 0.691054 0.708571
1716367583.541066 -4.597612 -0.849746 5.531368 -0.076283 -0.115563 0.694747 0.705799
1716367583.651924 -4.568601 -0.857244 5.565726 -0.074178 -0.112155 0.700259 0.701111
1716367583.744199 -4.550836 -0.866940 5.600875 -0.070119 -0.107281 0.707946 0.694541
1716367583.821823 -4.531664 -0.868930 5.624027 -0.067555 -0.110949 0.709639 0.692488
1716367583.949525 -4.489887 -0.869576 5.644202 -0.066460 -0.110923 0.713995 0.688107
1716367584.040357 -4.453207 -0.868921 5.656258 -0.065300 -0.113666 0.718364 0.683205
1716367584.059397 -4.441431 -0.869615 5.656661 -0.072652 -0.114167 0.716033 0.684824
1716367584.159261 -4.403266 -0.864521 5.664556 -0.058574 -0.113842 0.721028 0.680976
1716367584.349323 -4.331587 -0.853265 5.744451 -0.066239 -0.101000 0.712283 0.691422
1716367584.449511 -4.314755 -0.860000 5.779131 -0.058238 -0.078975 0.711463 0.695839
1716367584.549866 -4.301214 -0.856996 5.811627 -0.043014 -0.073613 0.705990 0.703071
1716367584.650054 -4.281848 -0.858044 5.833077 -0.039706 -0.077616 0.703071 0.705755
1716367584.741314 -4.248063 -0.862390 5.857780 -0.048862 -0.086025 0.698130 0.709103
1716367584.850066 -4.206121 -0.867688 5.875592 -0.046675 -0.087835 0.699285 0.707889
1716367584.949357 -4.166460 -0.876551 5.911134 -0.043247 -0.088174 0.703455 0.703922
1716367585.049050 -4.127395 -0.884140 5.963790 -0.050946 -0.089951 0.706399 0.700224
1716367585.148634 -4.091059 -0.884999 6.013921 -0.057793 -0.098472 0.712698 0.692117
1716367585.239434 -4.060644 -0.892245 6.035439 -0.065322 -0.095332 0.714048 0.690492
1716367585.339679 -4.023302 -0.900562 6.055817 -0.069509 -0.105481 0.720449 0.681906
1716367585.449212 -3.980688 -0.898530 6.064532 -0.069487 -0.112055 0.722488 0.678694
1716367585.540751 -3.950528 -0.896269 6.068572 -0.064042 -0.114429 0.722890 0.678406
1716367585.650438 -3.916726 -0.899687 6.088381 -0.068113 -0.110414 0.723730 0.677779
1716367585.749037 -3.871304 -0.900966 6.120487 -0.071984 -0.110593 0.718567 0.682825
1716367585.840165 -3.844879 -0.908240 6.161382 -0.069601 -0.094694 0.710168 0.694154
1716367585.940772 -3.820212 -0.913203 6.195571 -0.075881 -0.088795 0.708794 0.695679
1716367586.038466 -3.797577 -0.919447 6.221287 -0.074501 -0.084474 0.698824 0.706370
1716367586.147238 -3.769023 -0.922629 6.237348 -0.076944 -0.089892 0.700719 0.703556
1716367586.238503 -3.742601 -0.927717 6.245480 -0.077861 -0.094374 0.698701 0.704874
1716367586.339487 -3.712427 -0.934855 6.255968 -0.080634 -0.097480 0.698176 0.704660
1716367586.449291 -3.671680 -0.939175 6.259880 -0.075567 -0.102024 0.704973 0.697778
1716367586.540545 -3.630403 -0.943955 6.286390 -0.070296 -0.097888 0.707224 0.696643
1716367586.646977 -3.594437 -0.952993 6.331484 -0.071683 -0.090662 0.713705 0.690845
1716367586.740035 -3.567407 -0.959912 6.367784 -0.072744 -0.092784 0.717394 0.686619
1716367586.839272 -3.537893 -0.967073 6.401224 -0.076052 -0.091354 0.721496 0.682140
1716367586.938699 -3.514883 -0.976462 6.418167 -0.080951 -0.090896 0.719804 0.683423
1716367587.038635 -3.489830 -0.974159 6.439634 -0.079230 -0.098366 0.719583 0.682822
1716367587.088647 -3.472234 -0.975700 6.446044 -0.075394 -0.106082 0.721401 0.680179
1716367587.249507 -3.412748 -0.963991 6.463380 -0.076476 -0.107280 0.713580 0.688074
1716367587.340309 -3.376409 -0.960546 6.508099 -0.068306 -0.097929 0.712460 0.691481
1716367587.449624 -3.342905 -0.958200 6.564586 -0.066073 -0.093122 0.704474 0.700485
1716367587.542278 -3.318526 -0.956338 6.595947 -0.056651 -0.082656 0.699306 0.707764
1716367587.653094 -3.295845 -0.960132 6.626654 -0.062741 -0.074747 0.689790 0.717402
1716367587.748721 -3.274269 -0.959441 6.639954 -0.061271 -0.072987 0.687269 0.720125
1716367587.839588 -3.248301 -0.957401 6.650061 -0.058623 -0.079163 0.683875 0.722919
1716367587.949706 -3.205662 -0.956205 6.654557 -0.057233 -0.086379 0.684106 0.721985
1716367588.048821 -3.164555 -0.960090 6.669879 -0.052289 -0.086597 0.688050 0.718578
1716367588.140214 -3.129403 -0.960132 6.687503 -0.048324 -0.090438 0.689694 0.716804
1716367588.251062 -3.092465 -0.962117 6.732560 -0.044195 -0.081913 0.699370 0.708674
1716367588.341390 -3.065359 -0.962111 6.761894 -0.044135 -0.083630 0.709433 0.698400
1716367588.451002 -3.045219 -0.964070 6.793917 -0.038251 -0.079967 0.714599 0.693896
1716367588.550783 -3.024660 -0.970501 6.813299 -0.042585 -0.080614 0.717479 0.690588
1716367588.650643 -3.002370 -0.977213 6.827312 -0.041736 -0.083053 0.720189 0.687523
1716367588.657173 -3.002238 -0.981333 6.821615 -0.035404 -0.084499 0.728166 0.679250
1716367588.850257 -2.940919 -0.983515 6.838862 -0.045414 -0.091766 0.716974 0.689540
1716367588.956041 -2.893266 -0.982552 6.849955 -0.047661 -0.093332 0.712011 0.694304
1716367588.999696 -2.876571 -0.985627 6.862842 -0.048702 -0.097139 0.712195 0.693520
1716367589.094893 -2.832674 -0.985253 6.893928 -0.058544 -0.098491 0.708378 0.696472
1716367589.178253 -2.795449 -0.983337 6.922613 -0.063629 -0.086827 0.695397 0.710518
1716367589.351227 -2.736323 -0.993209 6.970228 -0.074200 -0.080803 0.678076 0.726758
1716367589.451099 -2.702665 -0.997827 6.976829 -0.075429 -0.077341 0.674331 0.730484
1716367589.550008 -2.670400 -0.997722 6.987089 -0.075505 -0.075562 0.672791 0.732081
1716367589.640893 -2.644652 -1.001412 6.996608 -0.077106 -0.072825 0.670079 0.734673
1716367589.752764 -2.607425 -1.012853 6.999398 -0.079126 -0.071768 0.669569 0.735028
1716367589.839676 -2.580589 -1.025005 7.012705 -0.071118 -0.072156 0.669381 0.735978
1716367589.949363 -2.550726 -1.037185 7.037500 -0.060686 -0.080563 0.681525 0.724811
1716367590.039151 -2.525522 -1.039758 7.054197 -0.046025 -0.084310 0.691763 0.715708
1716367590.152047 -2.502004 -1.049568 7.086063 -0.045926 -0.067464 0.695627 0.713752
1716367590.194602 -2.493103 -1.059150 7.100458 -0.049784 -0.061422 0.698378 0.711349
1716367590.341963 -2.459159 -1.066106 7.136388 -0.056088 -0.056219 0.701492 0.708239
1716367590.452647 -2.426862 -1.074421 7.166858 -0.069050 -0.055411 0.697914 0.710688
1716367590.550373 -2.389418 -1.088310 7.190976 -0.075678 -0.057770 0.687863 0.719569
1716367590.650036 -2.346560 -1.098543 7.210265 -0.081472 -0.065852 0.676910 0.728573
1716367590.740684 -2.306892 -1.098896 7.244336 -0.072900 -0.079073 0.665293 0.738795
1716367590.757038 -2.308179 -1.094768 7.238626 -0.070077 -0.086173 0.666240 0.737420
1716367590.947685 -2.237915 -1.094470 7.321099 -0.064113 -0.086769 0.657060 0.746078
1716367591.038695 -2.216867 -1.095965 7.352391 -0.061374 -0.074441 0.655271 0.749207
1716367591.149198 -2.177552 -1.092654 7.373526 -0.052425 -0.056372 0.653084 0.753363
1716367591.248279 -2.142031 -1.094054 7.382765 -0.051810 -0.051937 0.653660 0.753224
1716367591.340877 -2.105932 -1.095567 7.392905 -0.054727 -0.051066 0.654448 0.752392
1716367591.450881 -2.043029 -1.106358 7.411955 -0.062741 -0.054597 0.665409 0.741831
1716367591.540529 -2.001023 -1.121612 7.432840 -0.068665 -0.048702 0.670957 0.736702
1716367591.645880 -1.955910 -1.138137 7.464008 -0.074956 -0.045956 0.688048 0.720319
1716367591.739849 -1.924844 -1.147173 7.489826 -0.064430 -0.041545 0.695924 0.714012
1716367591.820103 -1.894907 -1.155528 7.507799 -0.052522 -0.039109 0.699515 0.711612
1716367591.948180 -1.870038 -1.168432 7.525118 -0.060160 -0.037228 0.694212 0.716285
1716367592.039603 -1.850238 -1.172320 7.536040 -0.063796 -0.043269 0.688388 0.721235
1716367592.148940 -1.820468 -1.182746 7.540130 -0.066738 -0.052711 0.679176 0.729032
1716367592.249459 -1.794082 -1.182694 7.542681 -0.076157 -0.053543 0.673691 0.733126
1716367592.342542 -1.754234 -1.176658 7.546909 -0.073053 -0.069500 0.663792 0.741089
1716367592.450372 -1.687926 -1.179244 7.564041 -0.060006 -0.070748 0.632225 0.769211
1716367592.541881 -1.641158 -1.186012 7.600855 -0.048682 -0.070662 0.611225 0.786791
1716367592.653972 -1.589169 -1.192425 7.630711 -0.059060 -0.075759 0.591289 0.800719
1716367592.727162 -1.563356 -1.197098 7.651014 -0.067562 -0.074145 0.575169 0.811861
1716367592.840473 -1.528441 -1.206087 7.650154 -0.079059 -0.072431 0.567509 0.816356
1716367592.949532 -1.492136 -1.209422 7.659927 -0.078032 -0.071891 0.569880 0.814849
1716367593.049892 -1.458912 -1.212789 7.661971 -0.085126 -0.078714 0.575239 0.809727
1716367593.140463 -1.421184 -1.222395 7.659900 -0.085933 -0.080500 0.584871 0.802534
1716367593.250915 -1.377265 -1.220751 7.662382 -0.095505 -0.081257 0.602688 0.788063
1716367593.352458 -1.343368 -1.216149 7.674539 -0.112490 -0.090730 0.622018 0.769550
1716367593.441359 -1.319501 -1.211718 7.677692 -0.111013 -0.085795 0.640908 0.754687
1716367593.550623 -1.299111 -1.189536 7.670942 -0.132712 -0.083989 0.663726 0.731301
1716367593.653236 -1.283967 -1.174320 7.671178 -0.124414 -0.076157 0.674428 0.723788
1716367593.724315 -1.266338 -1.172174 7.667741 -0.119061 -0.080499 0.679901 0.719082
1716367593.819264 -1.259239 -1.168329 7.664626 -0.114762 -0.074295 0.685705 0.714926
1716367593.949317 -1.240621 -1.155487 7.664497 -0.113632 -0.090841 0.690718 0.708339
1716367594.049551 -1.226474 -1.153239 7.657114 -0.106683 -0.105655 0.692762 0.705363
1716367594.141788 -1.218437 -1.155374 7.647300 -0.107211 -0.120389 0.695358 0.700350
1716367594.192340 -1.219334 -1.161767 7.638305 -0.100467 -0.128790 0.698028 0.697192
1716367594.270553 -1.223574 -1.162799 7.634510 -0.101273 -0.134348 0.698504 0.695548
1716367594.360144 -1.226196 -1.163043 7.637508 -0.107167 -0.128872 0.694742 0.699457
1716367594.549885 -1.223863 -1.161079 7.636618 -0.110163 -0.119269 0.692555 0.702856
1716367594.641152 -1.221578 -1.162773 7.636698 -0.110992 -0.119485 0.691849 0.703384
1716367594.750299 -1.223790 -1.166384 7.636839 -0.104577 -0.118975 0.692801 0.703517
1716367594.852412 -1.220684 -1.168230 7.638148 -0.104198 -0.120916 0.691995 0.704034
1716367594.939888 -1.222960 -1.173404 7.636051 -0.099974 -0.118230 0.692001 0.705097
1716367595.040865 -1.224507 -1.179252 7.638074 -0.094714 -0.117468 0.692487 0.705474
