1716354742.377990 0.000663 0.003031 -0.030236 -0.004805 0.001227 -0.000597 0.999988
1716354742.478360 0.002476 0.007207 -0.017646 -0.003651 0.000505 0.000020 0.999993
1716354742.570149 0.004746 0.015998 -0.016473 -0.002650 -0.002120 -0.000313 0.999994
1716354742.679707 0.006666 0.013753 -0.018680 -0.002849 -0.002224 0.000935 0.999993
1716354742.778624 0.006483 0.016759 -0.017614 -0.003238 -0.004883 0.000713 0.999983
1716354742.879988 0.005758 0.013735 -0.021929 -0.004303 -0.005038 -0.001054 0.999977
1716354742.983087 0.002145 0.015040 -0.022980 -0.004354 -0.003563 -0.002312 0.999982
1716354743.078387 -0.002767 0.015253 -0.028438 -0.007573 -0.002020 -0.004294 0.999960
1716354743.169713 -0.005847 0.016041 -0.029658 -0.008092 -0.003842 -0.006419 0.999939
1716354743.278935 -0.006123 0.016033 -0.033730 -0.010243 -0.006287 -0.008305 0.999893
1716354743.379186 -0.010244 0.014876 -0.031982 -0.006722 -0.004066 -0.009854 0.999921
1716354743.470608 -0.013160 0.015297 -0.030674 -0.006656 -0.004186 -0.010427 0.999915
1716354743.572141 -0.013726 0.014806 -0.028601 -0.002876 -0.005235 -0.010876 0.999923
1716354743.599668 -0.014103 0.016863 -0.030806 -0.002411 -0.002621 -0.011766 0.999924
1716354743.771710 -0.021432 0.019141 -0.024544 -0.000851 -0.005704 -0.011240 0.999920
1716354743.880293 -0.026957 0.022731 -0.025256 -0.000477 -0.005441 -0.009939 0.999936
1716354743.980080 -0.031802 0.022523 -0.022888 0.000498 -0.007138 -0.007859 0.999944
1716354744.079574 -0.038955 0.024230 -0.027005 0.001798 -0.005877 -0.004557 0.999971
1716354744.179488 -0.048217 0.021634 -0.029849 0.004237 -0.003624 -0.003358 0.999979
1716354744.270627 -0.061883 0.023510 -0.035274 0.009104 0.003219 0.002904 0.999949
1716354744.380037 -0.078215 0.022635 -0.040702 0.009742 0.003724 0.006903 0.999922
1716354744.480134 -0.089001 0.020995 -0.041859 0.011126 0.003315 0.010435 0.999878
1716354744.571719 -0.098305 0.018772 -0.043643 0.009363 0.001952 0.013333 0.999865
1716354744.680407 -0.104852 0.008988 -0.042659 0.003752 -0.003994 0.003700 0.999978
1716354744.780298 -0.113520 -0.000591 -0.042886 0.005468 -0.002993 -0.002917 0.999976
1716354744.880827 -0.117983 -0.012413 -0.040559 0.007485 -0.004228 -0.014273 0.999861
1716354744.979952 -0.119806 -0.020913 -0.033520 0.007803 -0.004913 -0.024626 0.999654
1716354745.076242 -0.122793 -0.037768 -0.029244 0.011116 -0.001732 -0.043030 0.999010
1716354745.169934 -0.124268 -0.057367 -0.029634 0.009950 -0.000354 -0.063585 0.997927
1716354745.278452 -0.113291 -0.080884 -0.021056 0.012909 -0.000111 -0.088270 0.996013
1716354745.374127 -0.099666 -0.109097 -0.006117 0.009668 -0.001245 -0.116978 0.993087
1716354745.430738 -0.094124 -0.124718 0.001821 0.008121 -0.008715 -0.139976 0.990083
1716354745.579584 -0.073756 -0.166842 0.015797 0.010612 -0.007108 -0.170529 0.985270
1716354745.679687 -0.068224 -0.191384 0.016702 0.011432 -0.006300 -0.196291 0.980459
1716354745.779844 -0.072979 -0.214620 0.015861 0.014719 -0.006692 -0.216435 0.976163
1716354745.879572 -0.087981 -0.235257 0.003189 0.017032 0.004530 -0.236847 0.971387
1716354745.979276 -0.100433 -0.254254 -0.013890 0.027638 0.010607 -0.256786 0.966015
1716354746.078676 -0.114455 -0.273120 -0.018581 0.030994 0.001895 -0.274712 0.961025
1716354746.178109 -0.137012 -0.297048 -0.023799 0.021739 0.007118 -0.282093 0.959114
1716354746.271657 -0.160057 -0.319921 -0.030135 0.011121 0.005341 -0.300130 0.953819
1716354746.377629 -0.182430 -0.331518 -0.030971 0.001580 0.006612 -0.297485 0.954702
1716354746.468662 -0.196078 -0.332717 -0.034715 -0.002032 0.008921 -0.314920 0.949074
1716354746.495610 -0.192923 -0.335516 -0.039787 -0.015125 0.009733 -0.305265 0.952098
1716354746.650103 -0.218487 -0.350078 -0.040647 0.005295 0.017609 -0.342587 0.939306
1716354746.770084 -0.244069 -0.347749 -0.044989 0.016812 0.021138 -0.362490 0.931596
1716354746.870280 -0.276642 -0.353480 -0.067489 0.015429 0.041290 -0.400304 0.915322
1716354746.973435 -0.297764 -0.362743 -0.065803 0.023122 0.020286 -0.445838 0.894585
1716354747.065142 -0.305640 -0.379210 -0.051481 0.023463 0.014008 -0.479093 0.877338
1716354747.148558 -0.312681 -0.388845 -0.042536 0.027824 0.012592 -0.510824 0.859143
1716354747.277388 -0.315431 -0.403027 -0.032072 0.025309 0.018179 -0.544723 0.838037
1716354747.368838 -0.312950 -0.414081 -0.025031 0.030799 0.015338 -0.573429 0.818532
1716354747.478219 -0.316471 -0.417102 -0.023522 0.035109 0.020083 -0.598306 0.800246
1716354747.570188 -0.322932 -0.417628 -0.022395 0.039323 0.018112 -0.615272 0.787125
1716354747.680423 -0.344377 -0.417939 -0.021169 0.037960 0.013493 -0.628633 0.776658
1716354747.776166 -0.366748 -0.411554 -0.031022 0.036452 0.018805 -0.649197 0.759513
1716354747.879160 -0.389767 -0.400802 -0.031271 0.045895 0.014740 -0.653810 0.755121
1716354747.984261 -0.416365 -0.391560 -0.030521 0.042802 0.014519 -0.654543 0.754672
1716354748.045963 -0.433336 -0.389527 -0.031458 0.044227 0.013372 -0.653398 0.755603
1716354748.182147 -0.475342 -0.379457 -0.034341 0.042057 0.014053 -0.646621 0.761521
1716354748.243451 -0.498267 -0.370772 -0.041355 0.035342 0.021983 -0.644388 0.763565
1716354748.370008 -0.543308 -0.359783 -0.044961 0.037132 0.021620 -0.644197 0.763652
1716354748.479839 -0.581598 -0.352236 -0.042456 0.040355 0.018988 -0.645243 0.762674
1716354748.579691 -0.625095 -0.348795 -0.047956 0.038727 0.021959 -0.646426 0.761677
1716354748.671513 -0.663653 -0.349926 -0.048808 0.044247 0.018567 -0.647022 0.760960
1716354748.779890 -0.710693 -0.346699 -0.036386 0.047025 0.015065 -0.644904 0.762667
1716354748.879732 -0.753297 -0.352275 -0.024462 0.039219 0.018840 -0.635983 0.770476
1716354748.982841 -0.789790 -0.349199 -0.010960 0.044513 0.015924 -0.628068 0.776721
1716354749.052779 -0.818491 -0.356067 0.000769 0.046180 0.016019 -0.621515 0.781876
1716354749.178887 -0.885895 -0.364853 -0.000698 0.041384 0.021789 -0.596401 0.801323
1716354749.271537 -0.940294 -0.373477 -0.005913 0.041882 0.024043 -0.574809 0.816861
1716354749.313871 -0.962340 -0.375480 -0.003736 0.045104 0.022508 -0.570571 0.819700
1716354749.473270 -1.032666 -0.395343 -0.001737 0.038581 0.031867 -0.496321 0.866696
1716354749.502113 -1.053265 -0.404708 -0.009378 0.038799 0.031910 -0.479336 0.876193
1716354749.680605 -1.110518 -0.441624 -0.023812 0.032761 0.038119 -0.431320 0.900798
1716354749.779691 -1.129745 -0.465474 -0.036359 0.029685 0.025937 -0.396309 0.917271
1716354749.879638 -1.169797 -0.496979 -0.036624 0.021355 0.027983 -0.359961 0.932303
1716354749.979669 -1.205038 -0.538035 -0.026689 0.013670 0.029063 -0.329489 0.943613
1716354749.988493 -1.196427 -0.526744 -0.030857 0.013090 0.026199 -0.349076 0.936637
1716354750.178953 -1.250379 -0.613681 -0.018865 0.008480 0.028332 -0.284900 0.958101
1716354750.188027 -1.252476 -0.612882 -0.024100 0.006851 0.029956 -0.289347 0.956731
1716354750.370211 -1.300292 -0.687627 -0.035506 -0.000329 0.024556 -0.239784 0.970516
1716354750.478854 -1.337693 -0.735675 -0.041347 0.003581 0.019960 -0.202597 0.979052
1716354750.578728 -1.370867 -0.778236 -0.046614 -0.005635 0.024530 -0.171988 0.984777
1716354750.679014 -1.398194 -0.817620 -0.046157 -0.000719 0.025050 -0.138865 0.989994
1716354750.778825 -1.417237 -0.847027 -0.045197 -0.008356 0.030143 -0.100295 0.994466
1716354750.870262 -1.432697 -0.873942 -0.047717 -0.003351 0.030909 -0.074115 0.996765
1716354750.970634 -1.443223 -0.902020 -0.056025 0.000666 0.024781 -0.042274 0.998798
1716354751.070466 -1.452947 -0.934462 -0.066072 -0.002145 0.014281 -0.020502 0.999685
1716354751.171198 -1.462240 -0.972887 -0.075722 -0.003363 0.002946 -0.009092 0.999949
1716354751.251224 -1.476406 -1.010650 -0.075945 -0.007159 -0.000995 -0.006987 0.999949
1716354751.378206 -1.485659 -1.072971 -0.083403 -0.012394 -0.002096 -0.010792 0.999863
1716354751.478382 -1.491819 -1.127185 -0.075954 -0.017605 -0.003693 -0.023255 0.999568
1716354751.569931 -1.501929 -1.173239 -0.076496 -0.013583 -0.007358 -0.026179 0.999538
1716354751.678795 -1.509203 -1.222135 -0.082356 -0.016459 -0.008234 -0.037048 0.999144
1716354751.770255 -1.516744 -1.255028 -0.089101 -0.013432 -0.011785 -0.035961 0.999193
1716354751.877909 -1.523568 -1.290964 -0.086047 -0.005440 -0.015438 -0.030185 0.999410
1716354751.969182 -1.529138 -1.334590 -0.087518 -0.010575 -0.013182 -0.022097 0.999613
1716354752.068585 -1.545400 -1.383113 -0.089290 -0.017103 -0.015053 -0.005028 0.999728
1716354752.177126 -1.562173 -1.427724 -0.088727 -0.019206 -0.014529 0.009399 0.999666
1716354752.277166 -1.573057 -1.468279 -0.093380 -0.026590 -0.008931 0.028675 0.999195
1716354752.368726 -1.579159 -1.505126 -0.092452 -0.026227 -0.006761 0.037313 0.998937
1716354752.478681 -1.590065 -1.544381 -0.092095 -0.018257 -0.002694 0.048846 0.998636
1716354752.578433 -1.598265 -1.583484 -0.088574 -0.011069 0.001670 0.050089 0.998682
1716354752.670390 -1.604584 -1.628984 -0.092070 -0.009989 0.000821 0.049575 0.998720
1716354752.779063 -1.610145 -1.678154 -0.099952 -0.011731 -0.005118 0.042132 0.999030
1716354752.875631 -1.610129 -1.732205 -0.101773 -0.014910 -0.005677 0.033468 0.999312
1716354752.948226 -1.610240 -1.768872 -0.100073 -0.014666 -0.005367 0.024573 0.999576
1716354752.986990 -1.602937 -1.786329 -0.097778 -0.024289 -0.004523 0.024746 0.999388
1716354753.169183 -1.594100 -1.871667 -0.120775 -0.018258 -0.007749 0.003232 0.999798
1716354753.269621 -1.587449 -1.912358 -0.147850 -0.024836 -0.008994 0.003286 0.999646
1716354753.379357 -1.581831 -1.950457 -0.170691 -0.025494 -0.009015 0.002043 0.999632
1716354753.479724 -1.582536 -1.983266 -0.189676 -0.021772 -0.009904 0.008378 0.999679
1716354753.580038 -1.584403 -2.016483 -0.210458 -0.015791 -0.009740 0.011832 0.999758
1716354753.671211 -1.592047 -2.044682 -0.230706 -0.020286 -0.009517 0.015627 0.999627
1716354753.779569 -1.610087 -2.076550 -0.246121 -0.015406 -0.010892 0.019910 0.999624
1716354753.879393 -1.624615 -2.106037 -0.265574 -0.017156 -0.009198 0.026959 0.999447
1716354753.970172 -1.641085 -2.122217 -0.266599 -0.011607 -0.005235 0.033674 0.999352
1716354754.079274 -1.652361 -2.150452 -0.266698 -0.006670 -0.000205 0.037073 0.999290
1716354754.179165 -1.662311 -2.177500 -0.267377 -0.005387 0.002357 0.043091 0.999054
1716354754.270475 -1.666101 -2.192754 -0.273432 -0.004312 0.008399 0.044524 0.998964
1716354754.379989 -1.667247 -2.220544 -0.296921 -0.013748 0.010283 0.043219 0.998918
1716354754.480078 -1.660726 -2.247782 -0.316291 -0.017876 0.004968 0.040707 0.998999
1716354754.582756 -1.657320 -2.296815 -0.339672 -0.031522 0.002841 0.037988 0.998777
1716354754.592010 -1.656924 -2.298671 -0.335497 -0.035252 0.004574 0.032129 0.998851
1716354754.784879 -1.644383 -2.390432 -0.357829 -0.034388 -0.012318 0.027952 0.998942
1716354754.878990 -1.639118 -2.431651 -0.365976 -0.029044 -0.014597 0.027676 0.999088
1716354754.980549 -1.635169 -2.460753 -0.383488 -0.022526 -0.016283 0.020842 0.999396
1716354755.079085 -1.632235 -2.486309 -0.389625 -0.021308 -0.012031 0.022661 0.999444
1716354755.179037 -1.626533 -2.514212 -0.397359 -0.019778 -0.012271 0.017469 0.999576
1716354755.270138 -1.625507 -2.544451 -0.408138 -0.021897 -0.012063 0.020635 0.999474
1716354755.328567 -1.624851 -2.548662 -0.412373 -0.025315 -0.008737 0.018003 0.999479
1716354755.479502 -1.645582 -2.592680 -0.442793 -0.026553 -0.018122 0.031110 0.998999
1716354755.570897 -1.654058 -2.603711 -0.464796 -0.030128 -0.022999 0.029865 0.998835
1716354755.679842 -1.670666 -2.626741 -0.464067 -0.012172 -0.023923 0.034427 0.999047
1716354755.778962 -1.684221 -2.656773 -0.465412 -0.014849 -0.020897 0.036275 0.999013
1716354755.870441 -1.693434 -2.677328 -0.474029 -0.004233 -0.014343 0.034808 0.999282
1716354755.978039 -1.701095 -2.699053 -0.497007 0.004302 -0.006745 0.038383 0.999231
1716354756.069189 -1.705473 -2.721463 -0.522257 0.004090 0.003961 0.035188 0.999364
1716354756.178366 -1.705919 -2.754463 -0.554021 0.003329 0.009755 0.028124 0.999551
1716354756.187644 -1.702128 -2.752406 -0.559037 0.007071 0.011156 0.026418 0.999564
1716354756.371142 -1.693060 -2.826917 -0.606963 -0.010007 -0.001818 0.021657 0.999714
1716354756.415911 -1.683161 -2.836917 -0.634887 -0.012422 -0.002264 0.015266 0.999804
1716354756.487555 -1.678171 -2.869699 -0.654019 -0.013551 -0.019620 0.021471 0.999485
1716354756.678739 -1.669380 -2.950279 -0.686223 0.022188 -0.003361 0.022694 0.999491
1716354756.778410 -1.665459 -2.977357 -0.711429 0.027448 0.002404 0.020306 0.999414
1716354756.869753 -1.662704 -3.012574 -0.736365 0.024522 0.006026 0.022100 0.999437
1716354756.968833 -1.666489 -3.045912 -0.777789 0.015234 0.004074 0.019985 0.999676
1716354757.076912 -1.674048 -3.085372 -0.830252 0.007429 -0.009500 0.021361 0.999699
1716354757.168216 -1.683663 -3.122792 -0.859875 0.002506 -0.018394 0.021853 0.999589
1716354757.277085 -1.699522 -3.168749 -0.870539 -0.001149 -0.025088 0.030077 0.999232
1716354757.368430 -1.707717 -3.203853 -0.878889 -0.005099 -0.023548 0.024528 0.999409
1716354757.477947 -1.715665 -3.238684 -0.889007 -0.000861 -0.019113 0.024641 0.999513
1716354757.569721 -1.722693 -3.266133 -0.905905 0.002838 -0.012790 0.027484 0.999536
1716354757.678383 -1.731481 -3.301124 -0.926160 0.002011 -0.001680 0.019093 0.999814
1716354757.778784 -1.734721 -3.330923 -0.970042 0.001597 0.003648 0.016195 0.999861
1716354757.878281 -1.737013 -3.374086 -1.000491 -0.012163 0.001936 0.010576 0.999868
1716354757.953242 -1.731134 -3.391084 -1.030288 -0.009797 -0.003893 0.005686 0.999928
1716354758.077602 -1.723891 -3.441425 -1.047555 -0.013147 -0.014049 -0.000817 0.999815
1716354758.138275 -1.718977 -3.456617 -1.067747 -0.012877 -0.021261 0.002099 0.999689
1716354758.221914 -1.722511 -3.484568 -1.076862 -0.001200 -0.028959 0.003444 0.999574
1716354758.378574 -1.718678 -3.530361 -1.093826 0.008188 -0.024392 -0.006270 0.999649
1716354758.470414 -1.718414 -3.549896 -1.115458 -0.003695 -0.019257 -0.007033 0.999783
1716354758.497364 -1.716539 -3.561397 -1.110386 -0.006091 -0.017658 -0.008732 0.999787
1716354758.684149 -1.733018 -3.623714 -1.167863 -0.032444 -0.015673 -0.004803 0.999339
1716354758.779391 -1.746716 -3.656875 -1.177222 -0.034019 -0.013093 -0.008297 0.999301
1716354758.873853 -1.765030 -3.688034 -1.199701 -0.016601 -0.011893 -0.006027 0.999773
1716354758.978607 -1.777593 -3.712925 -1.202803 -0.011869 -0.004989 -0.007790 0.999887
1716354759.078226 -1.786954 -3.730293 -1.217428 -0.000892 0.001325 -0.012107 0.999925
1716354759.182092 -1.785818 -3.747108 -1.231717 -0.010821 0.006730 -0.013711 0.999825
1716354759.247797 -1.783260 -3.765672 -1.250201 -0.010755 0.001095 -0.011077 0.999880
1716354759.313443 -1.776919 -3.790898 -1.260830 -0.014165 0.008281 -0.017644 0.999710
1716354759.479958 -1.762259 -3.842205 -1.314112 -0.020508 0.008645 -0.017442 0.999600
1716354759.580013 -1.750576 -3.885465 -1.348347 -0.029633 0.004303 -0.024590 0.999249
1716354759.671093 -1.742038 -3.925470 -1.374549 -0.025123 -0.000610 -0.033349 0.999128
1716354759.779665 -1.732542 -3.967517 -1.394868 -0.007612 -0.014580 -0.038124 0.999138
1716354759.879444 -1.723818 -3.999435 -1.403014 -0.010609 -0.009344 -0.041476 0.999039
1716354759.984738 -1.716122 -4.016084 -1.414264 -0.014384 -0.004985 -0.044745 0.998882
1716354760.052746 -1.711916 -4.019790 -1.429928 -0.010696 -0.005038 -0.041008 0.999089
1716354760.178950 -1.710660 -4.054939 -1.470127 -0.027822 -0.014435 -0.036699 0.998835
1716354760.281235 -1.715524 -4.082237 -1.502443 -0.029251 -0.020560 -0.038869 0.998604
1716354760.325119 -1.722372 -4.089517 -1.523749 -0.032791 -0.028759 -0.036152 0.998394
1716354760.418088 -1.731325 -4.120193 -1.550271 -0.037380 -0.028876 -0.039977 0.998083
1716354760.579623 -1.750777 -4.182253 -1.570444 -0.036206 -0.013387 -0.049740 0.998016
1716354760.670893 -1.760278 -4.206375 -1.593680 -0.035742 -0.016128 -0.055922 0.997665
1716354760.778963 -1.762860 -4.245074 -1.612774 -0.030269 -0.017602 -0.051314 0.998069
1716354760.878626 -1.760000 -4.284387 -1.628679 -0.030344 -0.018638 -0.048349 0.998195
1716354760.973429 -1.757383 -4.320067 -1.646659 -0.031347 -0.018642 -0.047021 0.998228
1716354761.069283 -1.751711 -4.358249 -1.682109 -0.048245 -0.016033 -0.048090 0.997548
1716354761.087562 -1.751379 -4.364579 -1.693141 -0.038419 -0.022105 -0.045836 0.997965
1716354761.270288 -1.730113 -4.466285 -1.735735 -0.053055 -0.037106 -0.047810 0.996756
1716354761.369995 -1.722086 -4.517277 -1.746042 -0.047876 -0.030902 -0.044573 0.997380
1716354761.387841 -1.719786 -4.524120 -1.741518 -0.045692 -0.026324 -0.047848 0.997462
1716354761.570290 -1.710611 -4.604321 -1.781962 -0.031008 -0.025058 -0.044304 0.998222
1716354761.678574 -1.710474 -4.645767 -1.818566 -0.037766 -0.026009 -0.035974 0.998300
1716354761.769628 -1.708046 -4.681329 -1.852082 -0.039376 -0.025381 -0.030515 0.998436
1716354761.785778 -1.701171 -4.680644 -1.856366 -0.038992 -0.024388 -0.030114 0.998488
1716354761.975216 -1.726159 -4.778605 -1.896722 -0.022001 -0.012980 0.000204 0.999674
1716354762.068077 -1.742490 -4.807185 -1.896860 -0.026087 -0.001407 0.001206 0.999658
1716354762.176782 -1.749193 -4.829590 -1.917221 -0.010585 -0.005042 -0.000793 0.999931
1716354762.268969 -1.751428 -4.860050 -1.928287 -0.014440 -0.009889 0.003014 0.999842
1716354762.286409 -1.751275 -4.867671 -1.932790 -0.021280 -0.012956 -0.001107 0.999689
1716354762.468908 -1.737732 -4.930175 -1.981770 -0.024157 -0.020104 -0.001830 0.999504
1716354762.578098 -1.721177 -4.970039 -2.024898 -0.033511 -0.027557 0.002886 0.999054
1716354762.678052 -1.700281 -5.014066 -2.040953 -0.053285 -0.034738 0.011950 0.997903
1716354762.778102 -1.675917 -5.055987 -2.047591 -0.064029 -0.033786 0.028343 0.996973
1716354762.861637 -1.661045 -5.095330 -2.049847 -0.064414 -0.046431 0.047141 0.995727
1716354762.977411 -1.636865 -5.142414 -2.060233 -0.068273 -0.059481 0.074610 0.993093
1716354762.986226 -1.635988 -5.142486 -2.059292 -0.063611 -0.060519 0.075570 0.993267
1716354763.168597 -1.601710 -5.222571 -2.089225 -0.076885 -0.071058 0.112299 0.988144
1716354763.268739 -1.589596 -5.263884 -2.120694 -0.086169 -0.073894 0.130167 0.984973
1716354763.313983 -1.583469 -5.274533 -2.135404 -0.085306 -0.079069 0.140606 0.983210
1716354763.441404 -1.569333 -5.331299 -2.186786 -0.097668 -0.079149 0.181882 0.975252
1716354763.579238 -1.558757 -5.386878 -2.227861 -0.093082 -0.078482 0.207810 0.970562
1716354763.670831 -1.546877 -5.421794 -2.242230 -0.081575 -0.062190 0.234253 0.966749
1716354763.779331 -1.530497 -5.452404 -2.238916 -0.078776 -0.063595 0.258290 0.960748
1716354763.869327 -1.511015 -5.481590 -2.254189 -0.069902 -0.061307 0.274575 0.957060
1716354763.954078 -1.485270 -5.492526 -2.257604 -0.067586 -0.056581 0.292870 0.952081
1716354764.078238 -1.438286 -5.517545 -2.263935 -0.069660 -0.062039 0.330306 0.939253
1716354764.178520 -1.393200 -5.540945 -2.260511 -0.065126 -0.063572 0.356831 0.929725
1716354764.270235 -1.352215 -5.558985 -2.260391 -0.072834 -0.069923 0.372683 0.922450
1716354764.371220 -1.305280 -5.572496 -2.253167 -0.069379 -0.079755 0.393087 0.913405
1716354764.388450 -1.296552 -5.571724 -2.254058 -0.079355 -0.080561 0.386349 0.915394
1716354764.570805 -1.207622 -5.590469 -2.245289 -0.070044 -0.091296 0.450634 0.885262
1716354764.679670 -1.147096 -5.604074 -2.245836 -0.070252 -0.088050 0.486128 0.866597
1716354764.779443 -1.101552 -5.619721 -2.242584 -0.067537 -0.088613 0.524721 0.843951
1716354764.875979 -1.061649 -5.636697 -2.241129 -0.065682 -0.085837 0.564881 0.818063
1716354764.975274 -1.009091 -5.657252 -2.233807 -0.065212 -0.081732 0.613606 0.782659
1716354765.073897 -0.970014 -5.677615 -2.222241 -0.071244 -0.077492 0.647311 0.754923
1716354765.141149 -0.935591 -5.690597 -2.221460 -0.067232 -0.077498 0.669962 0.735272
1716354765.279912 -0.878751 -5.713363 -2.218523 -0.064048 -0.082163 0.710376 0.696070
1716354765.319371 -0.858788 -5.722757 -2.219668 -0.057697 -0.079859 0.717195 0.689873
1716354765.479531 -0.783593 -5.736256 -2.218473 -0.054669 -0.085098 0.730556 0.675321
1716354765.579645 -0.738703 -5.743726 -2.205327 -0.052658 -0.087926 0.733559 0.671853
1716354765.679486 -0.686565 -5.744281 -2.182262 -0.061229 -0.084361 0.733750 0.671375
1716354765.770627 -0.639542 -5.745035 -2.176411 -0.071423 -0.088177 0.737047 0.666247
1716354765.878767 -0.596189 -5.731468 -2.167029 -0.066315 -0.097583 0.738817 0.663498
1716354765.978417 -0.528837 -5.713644 -2.163813 -0.071334 -0.113364 0.771906 0.621467
1716354766.069178 -0.488594 -5.685100 -2.161944 -0.063278 -0.110836 0.802023 0.583499
1716354766.178026 -0.441425 -5.644749 -2.166446 -0.061637 -0.107367 0.833242 0.538870
1716354766.187299 -0.443976 -5.642048 -2.166150 -0.063288 -0.104871 0.831589 0.541717
1716354766.369120 -0.372639 -5.573681 -2.162974 -0.067689 -0.099623 0.889613 0.440548
1716354766.478534 -0.336419 -5.529421 -2.156636 -0.070046 -0.097230 0.916776 0.381001
1716354766.578698 -0.311039 -5.493709 -2.144872 -0.074799 -0.094237 0.940308 0.318348
1716354766.678614 -0.296729 -5.452291 -2.148651 -0.080523 -0.090880 0.958046 0.259624
1716354766.770543 -0.285800 -5.418158 -2.160110 -0.080723 -0.090581 0.972005 0.201211
1716354766.869345 -0.267138 -5.379016 -2.174457 -0.069169 -0.086129 0.984295 0.137697
1716354766.981587 -0.260224 -5.325995 -2.194078 -0.048854 -0.076045 0.990931 0.099431
1716354767.067958 -0.256108 -5.288251 -2.203942 -0.036499 -0.075466 0.993165 0.081210
1716354767.176703 -0.246446 -5.227064 -2.224037 -0.038316 -0.080799 0.992967 0.077590
1716354767.268126 -0.235509 -5.176499 -2.221184 -0.030585 -0.079443 0.993574 0.074592
1716354767.377715 -0.226906 -5.123923 -2.216899 -0.034806 -0.082650 0.992906 0.078076
1716354767.477429 -0.212890 -5.094834 -2.208873 -0.028045 -0.080016 0.993126 0.080692
1716354767.569256 -0.205188 -5.051300 -2.200999 -0.030854 -0.080747 0.992445 0.087068
1716354767.677881 -0.196221 -5.006675 -2.202369 -0.024919 -0.071076 0.994241 0.076238
1716354767.777855 -0.190497 -4.974007 -2.196154 -0.022470 -0.065117 0.995686 0.062156
1716354767.881533 -0.180612 -4.931476 -2.196597 -0.022942 -0.058305 0.997044 0.044477
1716354767.977276 -0.169744 -4.889192 -2.185208 -0.027065 -0.058725 0.997427 0.030962
1716354768.076980 -0.158523 -4.852406 -2.183049 -0.019848 -0.059852 0.997913 0.013915
1716354768.168331 -0.149750 -4.818760 -2.178049 -0.032179 -0.064499 0.997399 -0.000482
1716354768.277406 -0.138663 -4.786136 -2.168042 -0.027433 -0.055209 0.998055 -0.009295
1716354768.377741 -0.129960 -4.770107 -2.157879 -0.034418 -0.051980 0.997970 -0.013012
1716354768.469465 -0.124805 -4.752065 -2.152446 -0.036089 -0.054784 0.997807 -0.008828
1716354768.578746 -0.120696 -4.725664 -2.155553 -0.034273 -0.057695 0.997728 -0.005882
1716354768.670606 -0.117656 -4.693367 -2.182716 -0.029004 -0.060042 0.997771 0.002657
1716354768.778787 -0.120968 -4.654241 -2.219282 -0.022161 -0.061687 0.997841 0.004124
1716354768.882904 -0.127947 -4.608944 -2.254024 -0.010219 -0.065567 0.997756 0.008950
1716354768.950168 -0.134933 -4.584816 -2.280014 -0.008677 -0.063645 0.997935 -0.000011
1716354769.078158 -0.147374 -4.549315 -2.286255 -0.003764 -0.067134 0.997707 0.007777
1716354769.178341 -0.150599 -4.518303 -2.297137 -0.017331 -0.070435 0.997356 0.004498
1716354769.221356 -0.154279 -4.508091 -2.293539 -0.014107 -0.069018 0.997485 0.007830
1716354769.379248 -0.150728 -4.471107 -2.294610 -0.017204 -0.069604 0.997362 0.011354
1716354769.479491 -0.148229 -4.443077 -2.306628 -0.020765 -0.067832 0.997328 0.017463
1716354769.570779 -0.149445 -4.417571 -2.312615 -0.017296 -0.069213 0.997328 0.015709
1716354769.678547 -0.146898 -4.388289 -2.330195 -0.021488 -0.071161 0.997144 0.013342
1716354769.781497 -0.140654 -4.345696 -2.374059 -0.024683 -0.067181 0.997394 0.009114
1716354769.879001 -0.129918 -4.312264 -2.399533 -0.026995 -0.084616 0.996005 0.009267
1716354769.984389 -0.117279 -4.270166 -2.412726 -0.026537 -0.080153 0.996424 0.003233
1716354770.053898 -0.111485 -4.255140 -2.424019 -0.026295 -0.076688 0.996687 0.006543
1716354770.149501 -0.108008 -4.220949 -2.434052 -0.026164 -0.074801 0.996847 0.004122
1716354770.232885 -0.108095 -4.191442 -2.438865 -0.026865 -0.072576 0.996974 0.007348
1716354770.370200 -0.110581 -4.139933 -2.484105 -0.029971 -0.076229 0.996620 0.006346
1716354770.479520 -0.113533 -4.103721 -2.533639 -0.026260 -0.081016 0.996359 0.003846
1716354770.579438 -0.118664 -4.053605 -2.561317 -0.027328 -0.073750 0.996897 0.003375
1716354770.671095 -0.127330 -4.018551 -2.570124 -0.022462 -0.066783 0.997507 0.003997
1716354770.779174 -0.128171 -3.973036 -2.573654 -0.032611 -0.046623 0.998359 0.006546
1716354770.876004 -0.129501 -3.953217 -2.568828 -0.030972 -0.048105 0.998284 0.012500
1716354770.978294 -0.127616 -3.932944 -2.575832 -0.028840 -0.041749 0.998638 0.012143
1716354771.069241 -0.123693 -3.910988 -2.586523 -0.024736 -0.039033 0.998858 0.012155
1716354771.178107 -0.118040 -3.869668 -2.607037 -0.023722 -0.040433 0.998875 0.007133
1716354771.278093 -0.107046 -3.840500 -2.639396 -0.027026 -0.040761 0.998768 0.008399
1716354771.378403 -0.098012 -3.801488 -2.683536 -0.030650 -0.052293 0.998160 0.001814
1716354771.469786 -0.087946 -3.775939 -2.698724 -0.033738 -0.058770 0.997692 -0.004315
1716354771.570278 -0.075632 -3.747254 -2.705020 -0.036961 -0.051210 0.997967 -0.008517
1716354771.678454 -0.070269 -3.710007 -2.708170 -0.037192 -0.047473 0.998109 -0.011889
1716354771.777668 -0.062271 -3.682078 -2.711738 -0.040437 -0.043591 0.998148 -0.012853
1716354771.877190 -0.059832 -3.653675 -2.719758 -0.043912 -0.039118 0.998158 -0.014935
1716354771.977346 -0.061449 -3.628981 -2.731184 -0.046546 -0.050703 0.997435 -0.019659
1716354772.045876 -0.055477 -3.610984 -2.740892 -0.046362 -0.052511 0.997406 -0.016537
1716354772.086726 -0.055636 -3.592860 -2.758504 -0.050684 -0.056681 0.997044 -0.011009
1716354772.268202 -0.067777 -3.517715 -2.842293 -0.037882 -0.060191 0.997445 -0.006795
1716354772.377708 -0.082314 -3.469554 -2.852439 -0.038515 -0.060691 0.997412 0.001808
1716354772.477345 -0.088149 -3.427566 -2.858531 -0.037034 -0.052587 0.997908 0.006466
1716354772.569353 -0.092033 -3.401202 -2.862058 -0.037918 -0.056299 0.997641 0.010250
1716354772.677669 -0.096589 -3.356388 -2.865049 -0.037287 -0.050071 0.997940 0.014793
1716354772.777591 -0.097942 -3.326501 -2.867918 -0.031180 -0.043894 0.998492 0.010741
1716354772.877356 -0.099034 -3.298919 -2.877444 -0.029061 -0.044791 0.998525 0.009807
1716354772.947017 -0.098228 -3.285306 -2.883677 -0.031230 -0.046923 0.998385 0.007152
1716354772.986173 -0.089469 -3.272856 -2.891508 -0.026156 -0.056148 0.998080 -0.000182
1716354773.168173 -0.060353 -3.189641 -2.956149 -0.028862 -0.041972 0.998589 -0.015033
1716354773.268597 -0.043967 -3.149176 -2.967839 -0.037968 -0.045407 0.998127 -0.015435
1716354773.378775 -0.023808 -3.119222 -2.966097 -0.044193 -0.041502 0.997976 -0.019170
1716354773.478777 -0.015482 -3.077697 -2.974068 -0.041477 -0.043801 0.997962 -0.020825
1716354773.570403 -0.007277 -3.055185 -2.974623 -0.046402 -0.046665 0.997545 -0.023929
1716354773.678945 -0.003558 -3.034992 -2.994871 -0.046203 -0.054157 0.997220 -0.022026
1716354773.778130 -0.000265 -3.014465 -3.019985 -0.043879 -0.056532 0.997275 -0.017918
1716354773.869243 -0.006778 -2.987944 -3.053877 -0.039008 -0.059998 0.997311 -0.015771
1716354773.977910 -0.017024 -2.945425 -3.091650 -0.034197 -0.069200 0.996898 -0.015381
1716354774.077959 -0.023922 -2.911999 -3.116479 -0.031627 -0.060917 0.997527 -0.015143
1716354774.169285 -0.029466 -2.876692 -3.128452 -0.030652 -0.053895 0.998030 -0.009540
1716354774.270170 -0.025353 -2.845999 -3.121322 -0.022986 -0.037576 0.999006 -0.006822
1716354774.289083 -0.023382 -2.838215 -3.117913 -0.032512 -0.031115 0.998987 -0.000695
1716354774.470616 -0.018444 -2.787290 -3.117842 -0.026008 -0.039176 0.998892 0.001989
1716354774.579765 -0.009892 -2.757976 -3.133770 -0.026855 -0.034226 0.999053 -0.000396
1716354774.670468 -0.006588 -2.727605 -3.161033 -0.030759 -0.044864 0.998519 0.001025
1716354774.784382 0.005035 -2.684009 -3.206617 -0.029307 -0.047427 0.998432 -0.005109
1716354774.873423 0.015424 -2.652929 -3.242665 -0.030629 -0.057444 0.997840 -0.008768
1716354774.896687 0.018918 -2.650146 -3.243652 -0.031738 -0.058621 0.997741 -0.008317
1716354775.074229 0.041207 -2.570320 -3.265987 -0.047472 -0.042538 0.997850 -0.015246
1716354775.173291 0.050701 -2.539515 -3.287854 -0.049313 -0.039061 0.997739 -0.023640
1716354775.242461 0.055577 -2.524804 -3.294517 -0.053567 -0.038165 0.997512 -0.025357
1716354775.312930 0.058588 -2.511191 -3.306470 -0.057281 -0.034278 0.997501 -0.023144
1716354775.470706 0.065189 -2.460842 -3.358015 -0.051071 -0.042570 0.997632 -0.017577
1716354775.579939 0.064317 -2.408531 -3.401153 -0.045548 -0.058558 0.997226 -0.006097
1716354775.679399 0.059660 -2.356803 -3.443444 -0.038087 -0.064999 0.997157 -0.001194
1716354775.772510 0.052488 -2.311856 -3.461330 -0.043969 -0.067601 0.996709 0.008277
1716354775.787440 0.051090 -2.320810 -3.460826 -0.035699 -0.072297 0.996741 0.002464
1716354775.981797 0.034462 -2.257666 -3.474677 -0.028801 -0.061357 0.997528 0.018564
1716354776.069199 0.024411 -2.242485 -3.492351 -0.027896 -0.070446 0.996907 0.020864
1716354776.170104 0.021275 -2.229102 -3.512459 -0.040277 -0.064994 0.996643 0.029252
1716354776.236577 0.018408 -2.228062 -3.516402 -0.046703 -0.066104 0.996232 0.031163
1716354776.320355 0.016894 -2.208579 -3.536003 -0.044904 -0.066000 0.996333 0.030799
1716354776.470363 0.021127 -2.187072 -3.562493 -0.046828 -0.065476 0.996385 0.027139
1716354776.579186 0.027814 -2.147873 -3.608059 -0.046759 -0.072902 0.995943 0.024439
1716354776.678367 0.035374 -2.118204 -3.650103 -0.047065 -0.073687 0.995930 0.021878
1716354776.770831 0.044268 -2.092399 -3.674615 -0.043454 -0.072927 0.996199 0.019500
1716354776.876926 0.063357 -2.064985 -3.692109 -0.051361 -0.081271 0.995119 0.022238
1716354776.977025 0.081727 -2.039293 -3.693085 -0.068152 -0.082321 0.993941 0.025687
1716354777.068133 0.094809 -2.016067 -3.694707 -0.066240 -0.077207 0.994117 0.037193
1716354777.177872 0.103554 -1.983202 -3.700278 -0.065374 -0.068856 0.994885 0.034481
1716354777.277606 0.107288 -1.954207 -3.721070 -0.064271 -0.063629 0.995421 0.030932
1716354777.369202 0.106571 -1.930071 -3.741815 -0.066045 -0.063590 0.995218 0.033696
1716354777.478165 0.106173 -1.886197 -3.782614 -0.064047 -0.066390 0.995176 0.033391
1716354777.577851 0.098975 -1.846539 -3.820519 -0.055143 -0.072699 0.994945 0.041936
1716354777.669214 0.087824 -1.821450 -3.826098 -0.047384 -0.049719 0.996739 0.042354
1716354777.778387 0.080424 -1.785648 -3.835679 -0.041663 -0.047282 0.996893 0.047254
1716354777.861447 0.081908 -1.753020 -3.840637 -0.035506 -0.037568 0.997471 0.048783
1716354777.968107 0.080222 -1.725831 -3.847740 -0.031409 -0.039613 0.997496 0.049460
1716354778.068317 0.077714 -1.694392 -3.843273 -0.029513 -0.037497 0.997847 0.044998
1716354778.177636 0.078168 -1.661579 -3.847302 -0.022823 -0.043133 0.998081 0.038123
1716354778.278014 0.078044 -1.624214 -3.868189 -0.028343 -0.050779 0.997725 0.034101
1716354778.378597 0.086377 -1.587347 -3.895535 -0.026974 -0.054921 0.997751 0.027361
1716354778.470023 0.097343 -1.555522 -3.938250 -0.028210 -0.065238 0.997186 0.023823
1716354778.579229 0.110951 -1.508785 -3.979716 -0.040981 -0.051879 0.997672 0.016714
1716354778.674912 0.128673 -1.477957 -4.024799 -0.041426 -0.059002 0.997303 0.013797
1716354778.778399 0.142743 -1.438526 -4.020313 -0.053234 -0.051734 0.997052 0.019439
1716354778.869115 0.155322 -1.403891 -4.022931 -0.062205 -0.060916 0.996022 0.018989
1716354778.978225 0.165797 -1.366084 -4.026352 -0.059468 -0.066655 0.995801 0.020007
1716354779.078637 0.171406 -1.326311 -4.028681 -0.063202 -0.071321 0.995117 0.025728
1716354779.122481 0.172503 -1.320142 -4.029372 -0.057465 -0.065373 0.995919 0.023850
1716354779.270128 0.167154 -1.258916 -4.077872 -0.050944 -0.073233 0.995531 0.030989
1716354779.379929 0.159894 -1.220489 -4.116532 -0.039888 -0.072029 0.996057 0.033022
1716354779.479785 0.152669 -1.174044 -4.130896 -0.036595 -0.070254 0.996196 0.036320
1716354779.570622 0.148515 -1.130289 -4.133814 -0.011723 -0.068977 0.996906 0.035811
1716354779.679852 0.140803 -1.091119 -4.115266 -0.003897 -0.072766 0.996667 0.036660
1716354779.773877 0.134153 -1.060429 -4.105768 -0.012183 -0.068702 0.996752 0.040211
1716354779.851130 0.136261 -1.034316 -4.105076 -0.007069 -0.073541 0.996356 0.042626
1716354779.888369 0.138904 -1.028377 -4.106359 -0.011941 -0.079056 0.995919 0.041861
1716354780.054058 0.152115 -0.957907 -4.130721 -0.020938 -0.076982 0.996043 0.039171
1716354780.153809 0.169779 -0.915780 -4.157952 -0.022202 -0.084386 0.995613 0.033773
1716354780.254110 0.192237 -0.874240 -4.173511 -0.029570 -0.090077 0.994916 0.033955
1716354780.370271 0.212211 -0.832836 -4.162451 -0.038559 -0.093608 0.994511 0.026416
1716354780.479788 0.221305 -0.776755 -4.136680 -0.049423 -0.082902 0.994990 0.026049
1716354780.579695 0.231019 -0.729486 -4.135291 -0.047229 -0.079246 0.995452 0.023777
1716354780.679450 0.241545 -0.680479 -4.145861 -0.046369 -0.081228 0.995258 0.026721
1716354780.775376 0.245812 -0.635227 -4.142106 -0.045450 -0.081180 0.995293 0.027125
1716354780.799890 0.245992 -0.624923 -4.147539 -0.041536 -0.078617 0.995627 0.028644
1716354780.969642 0.236517 -0.526910 -4.142402 -0.031423 -0.099975 0.993892 0.034578
1716354781.080536 0.222981 -0.465640 -4.117389 -0.041100 -0.098502 0.993382 0.042440
1716354781.088534 0.223801 -0.469013 -4.098674 -0.037527 -0.101734 0.993142 0.043706
1716354781.243018 0.209524 -0.373706 -4.082999 -0.067613 -0.077516 0.993472 0.049331
1716354781.370631 0.209573 -0.314250 -4.072451 -0.092581 -0.056737 0.992950 0.047532
1716354781.480222 0.206602 -0.259314 -4.067648 -0.103580 -0.056310 0.991713 0.051056
1716354781.570693 0.209861 -0.206400 -4.069954 -0.106608 -0.049288 0.992171 0.042456
1716354781.670643 0.210566 -0.132445 -4.068963 -0.108558 -0.052023 0.991972 0.038733
1716354781.779439 0.208741 -0.051058 -4.064375 -0.114553 -0.052918 0.991506 0.031527
1716354781.872379 0.223431 0.013511 -4.078300 -0.111363 -0.049651 0.992260 0.023521
1716354781.957884 0.239744 0.066288 -4.081751 -0.119678 -0.041798 0.991651 0.023621
1716354782.068384 0.251501 0.126159 -4.086200 -0.128678 -0.041296 0.990007 0.040282
1716354782.169350 0.247488 0.177134 -4.092566 -0.135388 -0.042907 0.988080 0.059383
1716354782.278511 0.248001 0.230285 -4.117653 -0.131866 -0.051173 0.986789 0.078992
1716354782.369992 0.247698 0.270691 -4.120519 -0.116851 -0.061467 0.985898 0.102825
1716354782.477997 0.257072 0.335664 -4.111594 -0.105734 -0.082501 0.983056 0.124959
1716354782.578393 0.260835 0.395383 -4.113153 -0.097328 -0.090992 0.981018 0.140896
1716354782.674128 0.261369 0.447177 -4.107604 -0.101079 -0.093267 0.979819 0.145048
1716354782.771724 0.261209 0.490071 -4.111653 -0.112933 -0.086756 0.978495 0.149223
1716354782.852592 0.251073 0.518938 -4.105464 -0.117437 -0.076524 0.978866 0.148910
1716354782.977892 0.256510 0.544089 -4.095504 -0.114621 -0.063849 0.983665 0.123242
1716354783.077970 0.258245 0.556970 -4.090281 -0.118582 -0.054992 0.985161 0.111226
1716354783.168466 0.264932 0.566618 -4.088111 -0.124484 -0.053292 0.985969 0.097618
1716354783.278923 0.273504 0.579717 -4.087981 -0.132214 -0.056931 0.985676 0.087866
1716354783.379437 0.277724 0.589053 -4.082259 -0.134689 -0.054474 0.986604 0.074192
1716354783.478857 0.270129 0.596662 -4.087827 -0.134634 -0.059380 0.987498 0.056524
1716354783.570587 0.266574 0.603124 -4.096156 -0.132065 -0.058172 0.988304 0.049306
1716354783.680048 0.263158 0.606134 -4.096924 -0.129934 -0.058316 0.988890 0.042575
1716354783.769927 0.263736 0.603586 -4.093961 -0.129938 -0.058836 0.988954 0.040313
1716354783.878995 0.261177 0.604604 -4.086983 -0.127412 -0.060815 0.989261 0.037815
1716354783.970108 0.260718 0.600208 -4.088238 -0.123742 -0.062553 0.989558 0.039382
1716354784.079418 0.263454 0.602637 -4.087868 -0.123202 -0.069640 0.989053 0.041782
1716354784.179968 0.263736 0.602698 -4.088698 -0.122106 -0.074825 0.988699 0.044338
1716354784.269832 0.267438 0.597838 -4.091273 -0.123420 -0.074849 0.988424 0.046727
1716354784.380172 0.270664 0.595898 -4.089569 -0.122805 -0.076443 0.988339 0.047560
1716354784.470947 0.272110 0.594755 -4.089907 -0.123437 -0.075495 0.988304 0.048165
