1716367441.745019 -0.026406 -0.011681 -0.050654 -0.006496 -0.002343 -0.011748 0.999907
1716367441.759194 -0.037074 -0.048982 -0.045011 -0.007224 -0.011070 -0.015739 0.999789
1716367441.925875 -0.103536 -0.158778 -0.072995 -0.002719 0.002580 -0.054205 0.998523
1716367442.049365 -0.089830 -0.178403 -0.064707 -0.006089 0.011677 -0.087023 0.996119
1716367442.149566 -0.084546 -0.193496 -0.060058 -0.008535 0.009559 -0.119041 0.992807
1716367442.207767 -0.087902 -0.205029 -0.060188 -0.007112 0.006797 -0.147479 0.989016
1716367442.290223 -0.083567 -0.226504 -0.062684 -0.004786 0.000875 -0.181379 0.983401
1716367442.450374 -0.077304 -0.247252 -0.070503 0.012602 0.016014 -0.226621 0.973770
1716367442.550312 -0.083778 -0.254375 -0.077533 0.017825 0.018492 -0.252766 0.967186
1716367442.650062 -0.092691 -0.273270 -0.092131 0.024418 0.024247 -0.282909 0.958529
1716367442.741231 -0.110691 -0.288044 -0.099740 0.025594 0.028035 -0.304000 0.951915
1716367442.848942 -0.149924 -0.315019 -0.111305 0.030113 0.025641 -0.330321 0.943040
1716367442.948530 -0.192308 -0.337263 -0.120742 0.027158 0.032308 -0.352230 0.934961
1716367443.039327 -0.233090 -0.360370 -0.131057 0.036473 0.032828 -0.376843 0.924977
1716367443.140442 -0.242805 -0.400230 -0.134293 0.048532 0.044584 -0.411431 0.909055
1716367443.190740 -0.265347 -0.409334 -0.135746 0.049107 0.038745 -0.429205 0.901038
1716367443.349466 -0.293877 -0.440475 -0.159804 0.062192 0.052369 -0.473264 0.877161
1716367443.440784 -0.321579 -0.462463 -0.168517 0.074005 0.045310 -0.513672 0.853587
1716367443.540263 -0.349525 -0.471531 -0.165450 0.069228 0.038126 -0.556713 0.826937
1716367443.647871 -0.390874 -0.492609 -0.161773 0.064357 0.032244 -0.589080 0.804862
1716367443.739172 -0.427393 -0.506473 -0.163993 0.062330 0.023201 -0.616842 0.784272
1716367443.847610 -0.470812 -0.528046 -0.174950 0.062036 0.019065 -0.640096 0.765549
1716367443.938989 -0.503864 -0.548896 -0.180410 0.060799 0.019232 -0.662496 0.746346
1716367444.048242 -0.540450 -0.564411 -0.176370 0.072225 0.022455 -0.676545 0.732506
1716367444.148558 -0.590429 -0.567851 -0.186706 0.080219 0.022308 -0.684788 0.723971
1716367444.240339 -0.630888 -0.571314 -0.192974 0.086708 0.018308 -0.687135 0.721104
1716367444.349498 -0.695964 -0.578659 -0.197382 0.089683 0.015112 -0.681669 0.725987
1716367444.441249 -0.743101 -0.584730 -0.193520 0.085422 0.020626 -0.677184 0.730548
1716367444.552165 -0.808493 -0.589248 -0.197072 0.086834 0.012090 -0.673197 0.734247
1716367444.648420 -0.869349 -0.592032 -0.204731 0.088487 0.012530 -0.673102 0.734130
1716367444.710824 -0.905476 -0.592364 -0.215569 0.088798 0.013148 -0.676596 0.730863
1716367444.848655 -0.985811 -0.598786 -0.229645 0.093835 0.018398 -0.685691 0.721585
1716367444.888061 -1.012890 -0.599070 -0.234523 0.095142 0.023448 -0.695426 0.711885
1716367445.049868 -1.109690 -0.607320 -0.252205 0.084241 0.038549 -0.711906 0.696137
1716367445.150308 -1.167346 -0.613089 -0.260906 0.078838 0.036876 -0.723114 0.685223
1716367445.250298 -1.226746 -0.621087 -0.269548 0.076309 0.034096 -0.733672 0.674344
1716367445.341699 -1.277849 -0.621666 -0.286398 0.075726 0.036646 -0.736214 0.671499
1716367445.450121 -1.334510 -0.620544 -0.298834 0.077863 0.037976 -0.732696 0.675020
1716367445.549790 -1.387154 -0.612844 -0.316752 0.074749 0.040214 -0.723934 0.684627
1716367445.640548 -1.428302 -0.605214 -0.330052 0.073693 0.033165 -0.713690 0.695785
1716367445.750667 -1.484727 -0.593489 -0.338626 0.069709 0.032069 -0.698432 0.711551
1716367445.849837 -1.524212 -0.584004 -0.337738 0.077796 0.017512 -0.688616 0.720729
1716367445.941951 -1.550690 -0.576682 -0.339215 0.079008 0.013767 -0.677988 0.730685
1716367445.989298 -1.565670 -0.573689 -0.338315 0.083772 0.015123 -0.677475 0.730603
1716367446.141188 -1.621483 -0.563302 -0.365710 0.080713 0.017910 -0.673905 0.734178
1716367446.250682 -1.665727 -0.561319 -0.401269 0.073590 0.022996 -0.676292 0.732588
1716367446.350595 -1.706859 -0.560115 -0.436318 0.062024 0.027440 -0.682588 0.727649
1716367446.442823 -1.742666 -0.564749 -0.460956 0.053464 0.027121 -0.685203 0.725881
1716367446.553508 -1.785267 -0.569334 -0.480470 0.051062 0.018475 -0.683969 0.727488
1716367446.642875 -1.814869 -0.568795 -0.502716 0.053339 0.013362 -0.687374 0.724219
1716367446.749222 -1.851510 -0.568232 -0.527003 0.052982 0.013426 -0.685581 0.725942
1716367446.849042 -1.877958 -0.563483 -0.558404 0.057602 0.011163 -0.687144 0.724148
1716367446.947670 -1.909098 -0.557533 -0.596865 0.057220 0.016575 -0.683607 0.727415
1716367446.988854 -1.917119 -0.564949 -0.599459 0.057617 0.020920 -0.685777 0.725226
1716367447.150563 -1.973152 -0.550657 -0.650170 0.063079 0.023353 -0.676161 0.733677
1716367447.250552 -1.999362 -0.532528 -0.657042 0.084579 0.013798 -0.660116 0.746260
1716367447.341704 -2.024613 -0.523673 -0.661452 0.094914 0.013789 -0.664941 0.740712
1716367447.449980 -2.063603 -0.513301 -0.685472 0.086807 0.012395 -0.669908 0.737248
1716367447.550863 -2.099538 -0.508038 -0.720062 0.077027 0.008139 -0.670768 0.737611
1716367447.640888 -2.122056 -0.502579 -0.763261 0.069746 0.003802 -0.677526 0.732175
1716367447.739618 -2.149803 -0.506614 -0.811859 0.054105 -0.000525 -0.682949 0.728459
1716367447.849242 -2.173176 -0.520761 -0.866242 0.037689 -0.002138 -0.685507 0.727087
1716367447.901454 -2.190909 -0.524671 -0.889204 0.029895 -0.004066 -0.696165 0.717247
1716367448.049848 -2.226328 -0.538960 -0.918546 0.023474 -0.015654 -0.701327 0.712281
1716367448.149718 -2.248282 -0.549908 -0.931630 0.026148 -0.022716 -0.708125 0.705237
1716367448.241213 -2.277422 -0.556150 -0.950135 0.034096 -0.025805 -0.713151 0.699705
1716367448.349134 -2.329421 -0.561283 -0.972843 0.035071 -0.012676 -0.718998 0.694010
1716367448.448412 -2.373170 -0.564181 -0.991036 0.038193 0.000344 -0.718662 0.694310
1716367448.547964 -2.413198 -0.565039 -1.030255 0.036253 0.014459 -0.716841 0.696143
1716367448.647503 -2.455912 -0.563501 -1.072931 0.034869 0.023631 -0.709172 0.703776
1716367448.738812 -2.493071 -0.555112 -1.099525 0.039967 0.022717 -0.707958 0.704757
1716367448.847644 -2.536500 -0.552815 -1.098432 0.055354 0.015442 -0.697061 0.714705
1716367448.947637 -2.568202 -0.548341 -1.102011 0.057057 0.022562 -0.698920 0.712564
1716367449.039239 -2.601918 -0.551878 -1.113479 0.059177 0.026877 -0.697507 0.713624
1716367449.140054 -2.622344 -0.559366 -1.147848 0.067100 0.021847 -0.696335 0.714240
1716367449.248955 -2.654391 -0.569381 -1.193703 0.060215 0.024635 -0.699957 0.711215
1716367449.349169 -2.677184 -0.579471 -1.211998 0.060510 0.019673 -0.706913 0.704433
1716367449.440781 -2.705391 -0.592747 -1.233704 0.060533 0.013516 -0.704887 0.706603
1716367449.555733 -2.742883 -0.601571 -1.246401 0.057679 0.005009 -0.705277 0.706564
1716367449.616241 -2.761454 -0.605186 -1.268113 0.060759 -0.009492 -0.702095 0.709423
1716367449.657129 -2.773379 -0.611453 -1.259409 0.068503 -0.022309 -0.705929 0.704609
1716367449.839374 -2.825636 -0.602358 -1.292852 0.077840 -0.005165 -0.703055 0.706844
1716367449.948735 -2.861949 -0.587858 -1.326700 0.079314 0.009198 -0.698711 0.710934
1716367450.049094 -2.898793 -0.577697 -1.342665 0.079818 0.014246 -0.690660 0.718620
1716367450.140942 -2.924279 -0.575509 -1.338583 0.080766 0.011749 -0.689924 0.719266
1716367450.250161 -2.972826 -0.565249 -1.360098 0.082853 0.018638 -0.689653 0.719143
1716367450.341515 -3.007308 -0.565803 -1.351866 0.098195 0.019166 -0.695152 0.711867
1716367450.449798 -3.046948 -0.565020 -1.359570 0.100576 0.016069 -0.690568 0.716060
1716367450.549473 -3.085300 -0.567895 -1.384021 0.087766 0.012103 -0.691525 0.716899
1716367450.640000 -3.113817 -0.574344 -1.412212 0.076397 0.020571 -0.692667 0.716905
1716367450.749303 -3.151851 -0.589124 -1.457290 0.058196 0.022087 -0.696285 0.715061
1716367450.841018 -3.182043 -0.599442 -1.484448 0.057575 0.007126 -0.698338 0.713413
1716367450.949507 -3.209708 -0.609221 -1.504302 0.051242 0.009914 -0.700350 0.711889
1716367451.049875 -3.243144 -0.618866 -1.511689 0.047587 0.000602 -0.699458 0.713087
1716367451.150515 -3.265008 -0.628410 -1.521149 0.051052 0.000157 -0.704163 0.708201
1716367451.241154 -3.295585 -0.629131 -1.530019 0.045663 0.001690 -0.703268 0.709455
1716367451.350262 -3.330235 -0.623091 -1.550897 0.045138 0.010970 -0.708413 0.704268
1716367451.450143 -3.366034 -0.620192 -1.580261 0.042948 0.015614 -0.708155 0.704576
1716367451.547777 -3.406656 -0.617081 -1.630316 0.040983 0.014074 -0.703084 0.709785
1716367451.640956 -3.439188 -0.610868 -1.661517 0.044162 0.018006 -0.699297 0.713239
1716367451.722429 -3.467420 -0.605078 -1.671562 0.031289 0.017776 -0.693269 0.719780
1716367451.850857 -3.507401 -0.594527 -1.692415 0.004567 0.017620 -0.686495 0.726907
1716367451.954010 -3.542773 -0.591222 -1.702644 0.006957 0.016397 -0.693318 0.720412
1716367451.994554 -3.553050 -0.585820 -1.718403 0.005738 0.002545 -0.691907 0.721959
1716367452.150144 -3.596664 -0.588034 -1.764492 0.020866 0.017999 -0.705276 0.708397
1716367452.241448 -3.622569 -0.590669 -1.804150 0.027736 0.019942 -0.710439 0.702929
1716367452.341524 -3.662488 -0.594454 -1.851274 0.031805 0.015246 -0.708676 0.704652
1716367452.358625 -3.665245 -0.601100 -1.859870 0.041312 0.019602 -0.713466 0.699196
1716367452.540901 -3.748132 -0.605779 -1.902565 0.044461 -0.031076 -0.709196 0.702921
1716367452.648977 -3.801415 -0.611668 -1.925740 0.050345 -0.050989 -0.708236 0.702330
1716367452.739821 -3.842117 -0.607635 -1.924510 0.069531 -0.039440 -0.709892 0.699759
1716367452.849187 -3.888394 -0.598610 -1.954621 0.069300 -0.021357 -0.707556 0.702927
1716367452.949130 -3.926829 -0.588587 -2.015372 0.062188 -0.008630 -0.706218 0.705205
1716367452.991878 -3.943665 -0.593086 -2.031621 0.054923 -0.003213 -0.703461 0.708601
1716367453.149649 -3.998562 -0.578981 -2.084626 0.070731 0.011717 -0.696875 0.713600
1716367453.158029 -3.986366 -0.579864 -2.098475 0.050590 0.029712 -0.692336 0.719186
1716367453.349331 -4.052748 -0.565645 -2.102589 0.090461 0.022636 -0.693581 0.714318
1716367453.440473 -4.086666 -0.564897 -2.106007 0.095338 0.024570 -0.686271 0.720652
1716367453.548133 -4.129332 -0.565533 -2.121320 0.096033 0.022057 -0.683245 0.723511
1716367453.647686 -4.160382 -0.565822 -2.146327 0.085954 0.021350 -0.685426 0.722736
1716367453.744501 -4.194352 -0.574631 -2.194593 0.074055 0.019352 -0.685824 0.723731
1716367453.812526 -4.222102 -0.585439 -2.213327 0.056715 0.030491 -0.692698 0.718347
1716367453.947726 -4.265535 -0.600941 -2.242511 0.048716 0.018938 -0.689322 0.722567
1716367454.048434 -4.302696 -0.614558 -2.230408 0.047401 0.015254 -0.686472 0.725449
1716367454.139602 -4.328558 -0.622769 -2.232112 0.043260 0.013534 -0.680594 0.731257
1716367454.248419 -4.366615 -0.629720 -2.233286 0.042915 0.013742 -0.672833 0.738421
1716367454.348485 -4.397725 -0.630019 -2.237783 0.037971 0.016318 -0.664503 0.746141
1716367454.440373 -4.423628 -0.629378 -2.246615 0.033337 0.019042 -0.652957 0.756422
1716367454.549355 -4.447173 -0.621618 -2.279763 0.036332 0.022570 -0.641641 0.765812
1716367454.621769 -4.464018 -0.617373 -2.300160 0.032962 0.024475 -0.632853 0.773183
1716367454.747358 -4.501519 -0.595725 -2.350562 0.034049 0.040698 -0.613981 0.787535
1716367454.847819 -4.522453 -0.577781 -2.365730 0.057256 0.040657 -0.605886 0.792446
1716367454.939208 -4.546447 -0.571297 -2.371133 0.051112 0.047022 -0.606624 0.791949
1716367455.048956 -4.578961 -0.564419 -2.382256 0.062772 0.048930 -0.606916 0.790771
1716367455.140730 -4.604496 -0.564072 -2.392513 0.069030 0.053538 -0.605873 0.790750
1716367455.249935 -4.623302 -0.566267 -2.423372 0.069418 0.047751 -0.604053 0.792478
1716367455.349859 -4.638632 -0.579481 -2.457363 0.054669 0.046018 -0.598259 0.798110
1716367455.449585 -4.645618 -0.597554 -2.488099 0.050047 0.045990 -0.591967 0.803091
1716367455.548350 -4.666564 -0.601870 -2.500363 0.042683 0.050681 -0.568164 0.820243
1716367455.648412 -4.691576 -0.624852 -2.484895 0.040557 0.035910 -0.526650 0.848355
1716367455.748336 -4.718474 -0.648250 -2.501066 0.031111 0.035678 -0.496208 0.866912
1716367455.800631 -4.724640 -0.663272 -2.529491 0.034061 0.027853 -0.500383 0.864686
1716367455.949599 -4.758501 -0.699119 -2.546135 0.024008 0.021296 -0.437692 0.898552
1716367456.041134 -4.785222 -0.719932 -2.565169 0.023117 0.015476 -0.405989 0.913454
1716367456.150387 -4.816051 -0.751686 -2.578263 0.015593 0.018813 -0.368066 0.929478
1716367456.250262 -4.838417 -0.778742 -2.600272 0.012997 0.020397 -0.323598 0.945886
1716367456.341407 -4.864980 -0.804881 -2.597863 -0.005864 0.017529 -0.275606 0.961093
1716367456.449905 -4.894266 -0.821830 -2.597069 -0.002211 0.019121 -0.205834 0.978398
1716367456.554086 -4.920772 -0.858235 -2.596767 -0.011441 0.025116 -0.170216 0.985020
1716367456.643825 -4.942617 -0.883251 -2.592479 -0.012570 0.029725 -0.148768 0.988345
1716367456.743193 -4.955995 -0.917967 -2.587859 -0.004134 0.025394 -0.121569 0.992249
1716367456.826391 -4.971635 -0.953597 -2.590954 -0.017879 0.019392 -0.109846 0.993599
1716367456.904536 -4.984954 -0.981919 -2.592323 -0.019281 0.013447 -0.102087 0.994498
1716367457.040936 -4.998735 -1.041862 -2.585039 -0.025056 0.016011 -0.094559 0.995075
1716367457.150096 -5.010741 -1.089676 -2.585991 -0.026790 0.014842 -0.084752 0.995931
1716367457.250223 -5.025513 -1.140864 -2.582631 -0.023667 0.014954 -0.081598 0.996272
1716367457.341435 -5.034273 -1.192700 -2.585784 -0.027977 0.006381 -0.069553 0.997165
1716367457.440961 -5.043630 -1.240981 -2.594294 -0.023310 0.002873 -0.046742 0.998631
1716367457.458749 -5.056388 -1.267963 -2.593544 -0.028723 0.003706 -0.038868 0.998825
1716367457.645086 -5.062004 -1.374906 -2.600565 -0.063343 0.017085 0.021419 0.997616
1716367457.726667 -5.070183 -1.407202 -2.581476 -0.064612 0.022985 0.037077 0.996956
1716367457.819618 -5.067084 -1.437059 -2.591650 -0.056079 0.024133 0.060447 0.996303
1716367457.949430 -5.081987 -1.498929 -2.596391 -0.069957 0.019992 0.079104 0.994208
1716367458.040165 -5.088155 -1.535095 -2.599890 -0.071190 0.009648 0.096517 0.992735
1716367458.140866 -5.086140 -1.573492 -2.605444 -0.078572 0.003257 0.097899 0.992084
1716367458.249526 -5.082608 -1.611909 -2.608913 -0.086587 -0.000007 0.100221 0.991190
1716367458.349101 -5.076448 -1.659336 -2.605015 -0.102867 -0.002599 0.099785 0.989674
1716367458.448562 -5.065291 -1.701879 -2.607849 -0.102645 -0.004860 0.107093 0.988924
1716367458.539568 -5.052293 -1.743075 -2.618569 -0.099631 -0.008234 0.110995 0.988780
1716367458.653317 -5.031557 -1.800482 -2.624959 -0.108051 -0.010421 0.135623 0.984796
1716367458.718875 -5.021298 -1.827448 -2.630222 -0.095073 -0.011149 0.149768 0.984076
1716367458.756665 -5.018883 -1.843441 -2.622954 -0.103056 -0.011011 0.155715 0.982350
1716367458.938765 -4.981984 -1.931796 -2.625756 -0.122786 -0.001148 0.249918 0.960449
1716367459.047991 -4.963387 -1.977828 -2.606117 -0.131869 -0.000418 0.307955 0.942218
1716367459.139692 -4.948900 -2.003371 -2.596131 -0.136700 0.000864 0.360837 0.922556
1716367459.248257 -4.932195 -2.019494 -2.590294 -0.145789 0.005775 0.419671 0.895873
1716367459.348279 -4.912229 -2.029957 -2.613617 -0.157547 -0.006410 0.472850 0.866920
1716367459.448319 -4.881212 -2.041744 -2.621348 -0.150298 -0.005209 0.536247 0.830556
1716367459.544214 -4.849518 -2.036868 -2.624181 -0.143549 -0.008243 0.576860 0.804088
1716367459.639872 -4.805171 -2.037190 -2.617255 -0.152725 -0.022455 0.610362 0.776935
1716367459.747417 -4.775562 -2.039334 -2.613349 -0.137061 -0.020288 0.638398 0.757134
1716367459.847547 -4.743173 -2.041648 -2.619657 -0.139530 -0.030749 0.658675 0.738738
1716367459.938863 -4.715944 -2.047362 -2.619300 -0.133814 -0.034491 0.670141 0.729257
1716367460.048399 -4.679936 -2.055703 -2.598850 -0.126894 -0.039690 0.677602 0.723311
1716367460.140110 -4.650746 -2.063580 -2.600913 -0.123651 -0.046320 0.684943 0.716532
1716367460.249582 -4.612289 -2.074941 -2.584397 -0.118059 -0.042181 0.691775 0.711147
1716367460.349715 -4.573572 -2.089504 -2.580453 -0.122555 -0.038189 0.696992 0.705495
1716367460.441000 -4.532977 -2.101196 -2.568630 -0.125580 -0.038437 0.705439 0.696497
1716367460.549121 -4.484805 -2.117043 -2.565514 -0.126200 -0.035835 0.717311 0.684292
1716367460.648189 -4.445954 -2.130507 -2.559233 -0.129917 -0.032429 0.727034 0.673418
1716367460.748513 -4.404879 -2.143728 -2.554337 -0.120113 -0.017644 0.736669 0.665267
1716367460.840236 -4.374607 -2.150021 -2.549666 -0.119743 -0.022884 0.742109 0.659099
1716367460.949451 -4.335165 -2.151089 -2.544666 -0.112728 -0.023179 0.743771 0.658452
1716367461.049843 -4.300568 -2.150636 -2.537992 -0.114363 -0.022409 0.741854 0.660357
1716367461.141885 -4.272622 -2.154563 -2.533403 -0.114012 -0.025685 0.734657 0.668297
1716367461.164259 -4.264472 -2.157952 -2.531692 -0.111486 -0.021330 0.732035 0.671745
1716367461.258026 -4.233903 -2.162505 -2.509798 -0.111141 -0.014841 0.728192 0.676139
1716367461.442833 -4.169705 -2.149611 -2.491302 -0.119931 -0.008491 0.719591 0.683911
1716367461.554942 -4.131087 -2.141566 -2.475985 -0.116620 -0.007751 0.723525 0.680332
1716367461.625061 -4.103860 -2.132908 -2.476035 -0.119400 -0.011465 0.728029 0.674971
1716367461.726332 -4.063214 -2.130341 -2.497236 -0.123341 -0.013174 0.736013 0.665506
1716367461.826609 -4.022442 -2.130621 -2.534890 -0.130823 -0.020994 0.741879 0.657313
1716367461.895540 -3.995473 -2.137128 -2.557819 -0.134131 -0.018446 0.745459 0.652656
1716367461.987180 -3.961930 -2.147048 -2.593667 -0.130697 -0.026322 0.747697 0.650519
1716367462.059243 -3.933093 -2.153539 -2.609660 -0.125947 -0.018874 0.745233 0.654530
1716367462.241570 -3.854408 -2.157149 -2.601914 -0.110167 -0.005903 0.746492 0.656184
1716367462.341184 -3.814261 -2.163336 -2.597766 -0.106156 0.003808 0.743868 0.659831
1716367462.449522 -3.765491 -2.164756 -2.631058 -0.106331 0.006275 0.734952 0.669701
1716367462.549228 -3.732013 -2.159344 -2.660606 -0.109088 -0.015421 0.723363 0.681622
1716367462.648884 -3.696790 -2.149391 -2.700034 -0.094791 -0.014455 0.723561 0.683568
1716367462.739706 -3.657759 -2.146153 -2.732752 -0.092343 -0.014947 0.714207 0.693655
1716367462.848671 -3.615152 -2.139326 -2.738018 -0.081468 -0.009867 0.706409 0.703031
1716367462.857658 -3.615003 -2.140066 -2.742547 -0.077758 -0.007459 0.706842 0.703045
1716367463.039572 -3.548994 -2.136279 -2.752985 -0.079211 0.001795 0.695143 0.714491
1716367463.140412 -3.513627 -2.139110 -2.769623 -0.081538 0.002389 0.693296 0.716021
1716367463.249473 -3.470734 -2.140434 -2.800532 -0.086893 -0.004246 0.695853 0.712895
1716367463.349741 -3.423838 -2.147274 -2.835175 -0.088619 -0.007475 0.701913 0.706689
1716367463.365836 -3.420461 -2.144488 -2.842656 -0.092272 -0.009066 0.698377 0.709700
1716367463.539549 -3.345547 -2.166861 -2.867567 -0.090963 0.013552 0.705364 0.702854
1716367463.647424 -3.304066 -2.186400 -2.846732 -0.102511 0.022230 0.700474 0.705928
1716367463.747273 -3.271903 -2.198325 -2.841673 -0.098937 0.030807 0.693147 0.713309
1716367463.838361 -3.238437 -2.202462 -2.833335 -0.103289 0.026498 0.691735 0.714235
1716367463.947544 -3.203737 -2.201597 -2.831028 -0.108309 0.029043 0.690651 0.714442
1716367464.038996 -3.167171 -2.203554 -2.854793 -0.112185 0.022270 0.689065 0.715618
1716367464.148088 -3.122248 -2.198345 -2.892952 -0.112746 0.017242 0.685860 0.718740
1716367464.239749 -3.091936 -2.194329 -2.933675 -0.110893 0.005493 0.687889 0.717274
1716367464.348573 -3.042366 -2.187496 -2.957421 -0.110894 -0.000112 0.689105 0.716126
1716367464.450525 -2.992192 -2.182940 -2.956431 -0.099495 -0.011212 0.688163 0.718614
1716367464.536432 -2.958616 -2.178262 -2.976721 -0.085805 -0.009672 0.689854 0.718780
1716367464.646650 -2.902648 -2.178472 -3.004550 -0.090567 -0.007453 0.688805 0.719229
1716367464.718257 -2.867195 -2.178697 -3.033742 -0.094906 -0.006360 0.692110 0.715497
1716367464.838492 -2.809002 -2.187513 -3.084271 -0.107542 -0.002272 0.699850 0.706145
1716367464.947699 -2.766300 -2.197011 -3.095128 -0.113233 0.005575 0.698663 0.706411
1716367465.048176 -2.725438 -2.206651 -3.098072 -0.119714 -0.005033 0.708326 0.695642
1716367465.139959 -2.693216 -2.217756 -3.103169 -0.123334 -0.002092 0.705451 0.697942
1716367465.249306 -2.647080 -2.217168 -3.092318 -0.119914 -0.004700 0.710582 0.693305
1716367465.349408 -2.597726 -2.220818 -3.117768 -0.121369 -0.018715 0.709036 0.694397
1716367465.440819 -2.555674 -2.222607 -3.147696 -0.124324 -0.019773 0.703721 0.699235
1716367465.550838 -2.506418 -2.210565 -3.184808 -0.132105 -0.028001 0.697989 0.703261
1716367465.639703 -2.471220 -2.205547 -3.218008 -0.130629 -0.026860 0.694973 0.706560
1716367465.657534 -2.476909 -2.201357 -3.214195 -0.129366 -0.030176 0.696081 0.705567
1716367465.839578 -2.407420 -2.191833 -3.245431 -0.111526 -0.029335 0.697349 0.707393
1716367465.949268 -2.375335 -2.189691 -3.258721 -0.102419 -0.032443 0.693751 0.712157
1716367466.040328 -2.349458 -2.188183 -3.277164 -0.094384 -0.023581 0.694867 0.712527
1716367466.149919 -2.307542 -2.189390 -3.323205 -0.090649 -0.016948 0.695604 0.712482
1716367466.241102 -2.264727 -2.192633 -3.363052 -0.096379 -0.015799 0.693790 0.713524
1716367466.349819 -2.224125 -2.197763 -3.393154 -0.098846 -0.015118 0.697001 0.710064
1716367466.449537 -2.182088 -2.204678 -3.408419 -0.092538 -0.004179 0.700105 0.708005
1716367466.548283 -2.140657 -2.214974 -3.422539 -0.076554 0.003994 0.708080 0.701959
1716367466.627055 -2.109076 -2.223604 -3.424366 -0.082660 0.013055 0.706232 0.703018
1716367466.726473 -2.066008 -2.231123 -3.460414 -0.074072 0.015447 0.711909 0.698184
1716367466.825817 -2.029234 -2.236220 -3.477980 -0.079350 0.012349 0.716412 0.693041
1716367466.916208 -1.991268 -2.237978 -3.497959 -0.077152 0.006077 0.719335 0.690339
1716367466.984302 -1.962079 -2.237462 -3.505306 -0.076500 0.002943 0.718947 0.690836
1716367467.150026 -1.898252 -2.222164 -3.567413 -0.088288 -0.007058 0.714427 0.694082
1716367467.249925 -1.859884 -2.211391 -3.592189 -0.084999 -0.008797 0.713385 0.695543
1716367467.349284 -1.808038 -2.208814 -3.609124 -0.070442 -0.002470 0.717319 0.693170
1716367467.449429 -1.770389 -2.202744 -3.598155 -0.061586 -0.005829 0.715298 0.696077
1716367467.540620 -1.744092 -2.194344 -3.597447 -0.053906 -0.012289 0.718481 0.693346
1716367467.558382 -1.739566 -2.191479 -3.592420 -0.049137 -0.016425 0.718118 0.693990
1716367467.748623 -1.672256 -2.180667 -3.617886 -0.063528 -0.028659 0.720175 0.690283
1716367467.839475 -1.636881 -2.179933 -3.644631 -0.075131 -0.033172 0.724341 0.684533
1716367467.948722 -1.584955 -2.185359 -3.675838 -0.080522 -0.034529 0.736654 0.670570
1716367468.041244 -1.543069 -2.194347 -3.687906 -0.068842 -0.028322 0.732922 0.676228
1716367468.093868 -1.520066 -2.205495 -3.704754 -0.072283 -0.020122 0.738463 0.670106
1716367468.249205 -1.477321 -2.212335 -3.698669 -0.076818 -0.002374 0.734006 0.674780
1716367468.348892 -1.440775 -2.211222 -3.691904 -0.088734 0.001798 0.730377 0.677254
1716367468.440148 -1.402013 -2.210150 -3.708185 -0.096080 0.008274 0.725170 0.681784
1716367468.547924 -1.342332 -2.207313 -3.742598 -0.097097 -0.001374 0.716859 0.690422
1716367468.647524 -1.290608 -2.201032 -3.770847 -0.098586 -0.028774 0.712711 0.693899
1716367468.745522 -1.242223 -2.191987 -3.782150 -0.090967 -0.044181 0.713336 0.693487
1716367468.814958 -1.210755 -2.190045 -3.784091 -0.073658 -0.053486 0.713061 0.695167
1716367468.947750 -1.176807 -2.175927 -3.780865 -0.082070 -0.056685 0.707465 0.699674
1716367469.047705 -1.150929 -2.169297 -3.784576 -0.088692 -0.055834 0.700691 0.705726
1716367469.139324 -1.126166 -2.168357 -3.789218 -0.095631 -0.049512 0.697963 0.707991
1716367469.239736 -1.084552 -2.172076 -3.811574 -0.108083 -0.053664 0.696857 0.706986
1716367469.347782 -1.034837 -2.174194 -3.866427 -0.117891 -0.062142 0.699085 0.702510
1716367469.447449 -1.002586 -2.170579 -3.890135 -0.121123 -0.046819 0.719478 0.682267
1716367469.546266 -0.952635 -2.190892 -3.903560 -0.121590 -0.043775 0.723656 0.677954
1716367469.623952 -0.911109 -2.196755 -3.905955 -0.118989 -0.048034 0.728146 0.673304
1716367469.746808 -0.847947 -2.200056 -3.911578 -0.125404 -0.036763 0.726932 0.674160
1716367469.838192 -0.802632 -2.194487 -3.925329 -0.130431 -0.029846 0.723018 0.677748
1716367469.947609 -0.746285 -2.186083 -3.968040 -0.125565 -0.029611 0.718854 0.683086
1716367470.039340 -0.707024 -2.175104 -4.011663 -0.123036 -0.021107 0.710502 0.692534
1716367470.148938 -0.646932 -2.163890 -4.047277 -0.106888 -0.007614 0.713347 0.692570
1716367470.248993 -0.598451 -2.150371 -4.043313 -0.078384 0.014052 0.716943 0.692569
1716367470.340324 -0.570232 -2.139772 -4.046825 -0.087047 0.000338 0.712025 0.696737
1716367470.448298 -0.533154 -2.122990 -4.045810 -0.090897 -0.001878 0.710492 0.697808
1716367470.554825 -0.489208 -2.112122 -4.052481 -0.088834 -0.004297 0.711320 0.697219
1716367470.639238 -0.452959 -2.109310 -4.081206 -0.097644 -0.009597 0.713490 0.693762
1716367470.748075 -0.393171 -2.116083 -4.140637 -0.113390 -0.012963 0.718356 0.686250
1716367470.839499 -0.347889 -2.117722 -4.189493 -0.121279 -0.018279 0.724591 0.678178
1716367470.949215 -0.306496 -2.112021 -4.227560 -0.127742 -0.015949 0.725506 0.676069
1716367471.049667 -0.263450 -2.119632 -4.239226 -0.133231 -0.014166 0.726464 0.674017
1716367471.141132 -0.224311 -2.117335 -4.240975 -0.134119 0.005683 0.723054 0.677622
1716367471.249611 -0.153197 -2.116977 -4.281720 -0.137517 0.014503 0.719614 0.680467
1716367471.349440 -0.096129 -2.097758 -4.302903 -0.139347 0.007192 0.719542 0.680286
1716367471.449318 -0.050917 -2.062715 -4.305567 -0.152344 -0.009460 0.720673 0.676264
1716367471.552413 0.009375 -2.030360 -4.315358 -0.127146 -0.005329 0.730932 0.670481
1716367471.620919 0.042055 -2.021835 -4.319650 -0.123132 -0.010029 0.738017 0.663376
1716367471.739821 0.097510 -1.998624 -4.333344 -0.115640 -0.016675 0.742836 0.659200
1716367471.775074 0.113490 -1.995690 -4.348659 -0.104826 -0.017561 0.743306 0.660454
1716367471.925313 0.184112 -1.953124 -4.356314 -0.111651 -0.026162 0.756010 0.644437
1716367472.025231 0.230495 -1.918335 -4.369367 -0.119551 -0.026386 0.768243 0.628343
1716367472.100727 0.248420 -1.892315 -4.378359 -0.121018 -0.028697 0.775796 0.618605
1716367472.191488 0.281563 -1.863165 -4.377862 -0.127699 -0.042331 0.798890 0.586238
1716367472.340919 0.347162 -1.827350 -4.356656 -0.127648 -0.050589 0.848933 0.510353
1716367472.449812 0.365670 -1.787915 -4.339629 -0.124844 -0.060989 0.875854 0.462141
1716367472.541073 0.373787 -1.759632 -4.305417 -0.132575 -0.067775 0.897377 0.415384
1716367472.641166 0.388607 -1.725761 -4.292593 -0.141690 -0.057637 0.919958 0.360943
1716367472.739949 0.406812 -1.675212 -4.279241 -0.137824 -0.048739 0.946340 0.288218
1716367472.848652 0.418695 -1.623534 -4.280943 -0.134215 -0.051002 0.963471 0.226074
1716367472.939929 0.417604 -1.577884 -4.274310 -0.134590 -0.051416 0.970698 0.192321
1716367473.049284 0.422685 -1.526762 -4.274605 -0.127614 -0.043668 0.978486 0.156117
1716367473.149430 0.428878 -1.474091 -4.271868 -0.128464 -0.054190 0.982175 0.126068
1716367473.240797 0.427972 -1.422219 -4.268176 -0.124819 -0.055974 0.985287 0.102451
1716367473.340734 0.439223 -1.359107 -4.265713 -0.128799 -0.053107 0.986931 0.080978
1716367473.448917 0.451046 -1.300329 -4.258040 -0.130117 -0.054701 0.987970 0.063191
1716367473.547935 0.465847 -1.241477 -4.244843 -0.139772 -0.044873 0.988343 0.040358
1716367473.646741 0.476222 -1.184829 -4.223829 -0.153699 -0.060986 0.985955 0.023468
1716367473.747633 0.481244 -1.135380 -4.218073 -0.153699 -0.051480 0.986770 -0.003401
1716367473.839140 0.482239 -1.089807 -4.215623 -0.154471 -0.058782 0.986180 -0.011510
1716367473.857957 0.487476 -1.078906 -4.229058 -0.155047 -0.051367 0.986352 -0.020760
1716367474.048163 0.478239 -0.989868 -4.237299 -0.144290 -0.059766 0.986210 -0.054761
1716367474.139798 0.461933 -0.950607 -4.246797 -0.138196 -0.069145 0.984753 -0.079888
1716367474.248116 0.438512 -0.893935 -4.249990 -0.134662 -0.086783 0.982384 -0.096207
1716367474.339673 0.416170 -0.862385 -4.245644 -0.133954 -0.088994 0.978589 -0.128451
1716367474.447682 0.384686 -0.817425 -4.261084 -0.129050 -0.090028 0.970770 -0.181237
1716367474.547460 0.337663 -0.792538 -4.257107 -0.114035 -0.098323 0.949002 -0.276991
1716367474.638590 0.296589 -0.790606 -4.265859 -0.104375 -0.088972 0.929056 -0.343578
1716367474.738318 0.258203 -0.783279 -4.271293 -0.088271 -0.078333 0.905155 -0.408371
1716367474.847784 0.209124 -0.771671 -4.276942 -0.082657 -0.071427 0.869072 -0.482473
1716367474.947853 0.162025 -0.752453 -4.285442 -0.076566 -0.061238 0.824876 -0.556746
1716367475.039348 0.122081 -0.735849 -4.288444 -0.079912 -0.061248 0.785817 -0.610209
1716367475.140730 0.078080 -0.718404 -4.298824 -0.074469 -0.068660 0.751560 -0.651842
1716367475.249360 0.025245 -0.703074 -4.313361 -0.068638 -0.064419 0.717410 -0.690262
1716367475.349047 -0.019011 -0.684987 -4.321415 -0.061453 -0.063984 0.708809 -0.699799
1716367475.451718 -0.084627 -0.671535 -4.320683 -0.054662 -0.067147 0.707212 -0.701679
1716367475.518218 -0.136050 -0.659215 -4.322854 -0.050464 -0.070785 0.709537 -0.699286
1716367475.648268 -0.213381 -0.642492 -4.321093 -0.052086 -0.066764 0.715934 -0.693014
1716367475.739363 -0.265539 -0.635293 -4.334517 -0.050498 -0.060828 0.718548 -0.690970
1716367475.849134 -0.329756 -0.619484 -4.355363 -0.049977 -0.046511 0.710480 -0.700398
1716367475.940455 -0.380687 -0.612792 -4.372816 -0.052174 -0.044059 0.711438 -0.699423
1716367476.050066 -0.431067 -0.601593 -4.386777 -0.062265 -0.037171 0.701676 -0.708797
1716367476.149530 -0.476833 -0.596833 -4.396783 -0.058969 -0.040415 0.692594 -0.717777
1716367476.241318 -0.528890 -0.598819 -4.397458 -0.063089 -0.036641 0.681550 -0.728126
1716367476.258448 -0.545591 -0.595255 -4.396931 -0.062525 -0.035348 0.676519 -0.732915
1716367476.444876 -0.617816 -0.596817 -4.409108 -0.067600 -0.036527 0.668140 -0.740058
1716367476.539889 -0.667857 -0.596374 -4.419109 -0.067897 -0.043093 0.679650 -0.729115
1716367476.649598 -0.726580 -0.595389 -4.430164 -0.056338 -0.047247 0.683191 -0.726528
1716367476.749660 -0.778071 -0.598948 -4.445837 -0.045910 -0.057232 0.688853 -0.721178
1716367476.840606 -0.824205 -0.604447 -4.449324 -0.041036 -0.060448 0.695223 -0.715071
1716367476.949868 -0.873465 -0.608744 -4.463852 -0.027027 -0.060163 0.700150 -0.710943
1716367477.050396 -0.913209 -0.610176 -4.482763 -0.025897 -0.060113 0.703726 -0.707450
1716367477.141574 -0.948767 -0.611254 -4.497467 -0.026464 -0.057178 0.703351 -0.708045
1716367477.250287 -0.985624 -0.608611 -4.521043 -0.027985 -0.058416 0.700806 -0.710405
1716367477.341145 -1.016628 -0.605970 -4.549009 -0.021641 -0.058709 0.700066 -0.711331
1716367477.357586 -1.034180 -0.603403 -4.556292 -0.019370 -0.057689 0.697417 -0.714077
1716367477.526434 -1.079641 -0.589476 -4.633602 -0.011876 -0.060863 0.686010 -0.724945
1716367477.648632 -1.124776 -0.574620 -4.661987 -0.018693 -0.041926 0.677527 -0.734064
1716367477.739412 -1.164531 -0.568453 -4.668961 -0.030877 -0.035123 0.668319 -0.742403
1716367477.849704 -1.202424 -0.570008 -4.679150 -0.050497 -0.024772 0.671296 -0.739052
1716367477.880644 -1.221761 -0.568863 -4.676574 -0.057223 -0.022199 0.669948 -0.739866
1716367478.049954 -1.279756 -0.569224 -4.726143 -0.064433 -0.025599 0.679647 -0.730255
1716367478.149937 -1.320920 -0.570843 -4.759768 -0.053868 -0.025711 0.680623 -0.730198
1716367478.240721 -1.363598 -0.573849 -4.780005 -0.049670 -0.018047 0.683645 -0.727899
1716367478.345568 -1.401220 -0.564477 -4.797252 -0.039410 -0.000224 0.690012 -0.722724
1716367478.448647 -1.437251 -0.556485 -4.821210 -0.042715 0.007974 0.695505 -0.717206
1716367478.539195 -1.472876 -0.557517 -4.826974 -0.045790 0.010531 0.703180 -0.709458
1716367478.649174 -1.517231 -0.561167 -4.849239 -0.056693 0.004296 0.705174 -0.706751
1716367478.740783 -1.556800 -0.554126 -4.879629 -0.053554 -0.004859 0.709181 -0.702973
1716367478.758396 -1.565146 -0.548906 -4.889139 -0.061821 -0.005827 0.715847 -0.695491
1716367478.883977 -1.623518 -0.542031 -4.917249 -0.072310 0.003469 0.694975 -0.715380
1716367479.049096 -1.708817 -0.533559 -4.932834 -0.064842 0.009027 0.694651 -0.716362
1716367479.141636 -1.763532 -0.532456 -4.941172 -0.061652 0.010413 0.695372 -0.715925
1716367479.253271 -1.817058 -0.527477 -4.971130 -0.065648 -0.000780 0.699278 -0.711829
1716367479.347519 -1.858127 -0.533493 -4.998683 -0.062996 -0.018159 0.709347 -0.701804
1716367479.448571 -1.899075 -0.542775 -5.038148 -0.048738 -0.025348 0.717269 -0.694628
1716367479.519825 -1.926905 -0.555831 -5.054484 -0.048126 -0.027371 0.716446 -0.695442
1716367479.638628 -1.984191 -0.559429 -5.075268 -0.035111 -0.008621 0.709798 -0.703477
1716367479.659265 -1.986374 -0.555655 -5.076726 -0.031624 -0.004839 0.704916 -0.708569
1716367479.838576 -2.077856 -0.562624 -5.102481 -0.047517 0.002902 0.703947 -0.708655
1716367479.948207 -2.119201 -0.560918 -5.144560 -0.046755 -0.003142 0.701814 -0.710817
1716367480.040103 -2.154805 -0.558996 -5.184176 -0.046615 -0.014594 0.697671 -0.714751
1716367480.149482 -2.196822 -0.550089 -5.222237 -0.053530 -0.025969 0.695693 -0.715871
1716367480.248778 -2.245962 -0.545482 -5.234400 -0.072779 -0.014462 0.693050 -0.717060
1716367480.348490 -2.290967 -0.545240 -5.239783 -0.077005 -0.009735 0.692400 -0.717327
1716367480.439426 -2.329440 -0.552382 -5.242866 -0.074806 -0.017372 0.697559 -0.712400
1716367480.538843 -2.374558 -0.567244 -5.273884 -0.062518 -0.013255 0.702568 -0.708741
1716367480.648383 -2.417378 -0.584116 -5.298104 -0.049887 -0.017701 0.707903 -0.704324
1716367480.749433 -2.461569 -0.589902 -5.286813 -0.055412 -0.001295 0.707877 -0.704158
1716367480.848846 -2.499287 -0.598097 -5.281751 -0.058841 0.005010 0.704670 -0.707074
1716367480.939955 -2.538942 -0.604273 -5.282584 -0.048684 0.010788 0.704395 -0.708055
1716367481.049861 -2.592463 -0.612601 -5.290121 -0.035551 0.003166 0.703708 -0.709592
1716367481.141237 -2.630594 -0.615309 -5.322781 -0.041274 -0.002418 0.701187 -0.711777
1716367481.250111 -2.670100 -0.614894 -5.389840 -0.039633 -0.002620 0.697664 -0.715323
1716367481.335259 -2.711115 -0.620577 -5.427829 -0.041567 -0.007116 0.687751 -0.724721
1716367481.441338 -2.760008 -0.613175 -5.458901 -0.042488 0.010177 0.681791 -0.730242
1716367481.540665 -2.812919 -0.601875 -5.471069 -0.036298 0.011478 0.674959 -0.736873
1716367481.650940 -2.851028 -0.595611 -5.508406 -0.048416 0.002620 0.682589 -0.729192
1716367481.689930 -2.877472 -0.585568 -5.519237 -0.042602 0.005556 0.678218 -0.733604
1716367481.851023 -2.945361 -0.580612 -5.600170 -0.042687 -0.015454 0.693555 -0.718971
1716367481.941478 -2.976800 -0.580834 -5.637342 -0.043142 -0.015156 0.693076 -0.719413
1716367482.051053 -3.024671 -0.582465 -5.649461 -0.042728 -0.004124 0.691404 -0.721192
1716367482.142073 -3.069952 -0.582850 -5.663750 -0.041349 -0.002028 0.690148 -0.722483
1716367482.253350 -3.124079 -0.582168 -5.684655 -0.044653 -0.003735 0.682933 -0.729105
1716367482.342292 -3.159480 -0.579857 -5.714826 -0.048810 -0.012898 0.682871 -0.728793
1716367482.441703 -3.196076 -0.580543 -5.749201 -0.046009 -0.021894 0.675196 -0.735876
1716367482.512267 -3.220173 -0.575609 -5.787147 -0.045416 -0.020549 0.667828 -0.742645
1716367482.607102 -3.252018 -0.558927 -5.810201 -0.032465 -0.017547 0.653769 -0.755793
1716367482.699726 -3.281639 -0.545398 -5.819063 -0.048601 -0.019471 0.643480 -0.763670
1716367482.783683 -3.312631 -0.537648 -5.831616 -0.060347 -0.018832 0.650068 -0.757241
1716367482.950959 -3.375172 -0.530309 -5.881003 -0.058881 -0.031311 0.661405 -0.747058
1716367483.050033 -3.414874 -0.533914 -5.931036 -0.052919 -0.024909 0.666800 -0.742938
1716367483.150687 -3.459540 -0.537461 -5.986203 -0.063170 -0.010107 0.668500 -0.740956
1716367483.240753 -3.506543 -0.543337 -6.007035 -0.070321 0.001271 0.673655 -0.735691
1716367483.348960 -3.561712 -0.553614 -6.017892 -0.065860 0.000448 0.674168 -0.735636
1716367483.439776 -3.603454 -0.562744 -6.024129 -0.061406 -0.001909 0.670735 -0.739148
1716367483.549420 -3.653291 -0.570644 -6.044263 -0.059828 -0.010106 0.667029 -0.742557
1716367483.640681 -3.692897 -0.574330 -6.069725 -0.058777 -0.014517 0.660188 -0.748656
1716367483.750172 -3.735716 -0.571833 -6.123838 -0.055081 -0.026511 0.652085 -0.755677
1716367483.850128 -3.769167 -0.569796 -6.155244 -0.060703 -0.034944 0.653682 -0.753521
1716367483.950274 -3.811650 -0.565187 -6.183149 -0.067228 -0.034651 0.641063 -0.763753
1716367484.050002 -3.853108 -0.566368 -6.192991 -0.067477 -0.028891 0.648487 -0.757679
1716367484.141204 -3.888900 -0.568916 -6.210561 -0.070193 -0.034400 0.645668 -0.759607
1716367484.248597 -3.935478 -0.577765 -6.241159 -0.065053 -0.048329 0.652929 -0.753072
1716367484.348259 -3.974760 -0.595529 -6.292831 -0.054213 -0.042040 0.656865 -0.750881
1716367484.449686 -4.019785 -0.612913 -6.306350 -0.034809 -0.038808 0.655160 -0.753689
1716367484.548133 -4.071856 -0.629950 -6.306173 -0.030335 -0.019607 0.631832 -0.774264
1716367484.639593 -4.122429 -0.644548 -6.303822 -0.026766 -0.023582 0.626833 -0.778337
1716367484.748734 -4.179414 -0.656698 -6.340727 -0.031751 -0.028750 0.608772 -0.792188
1716367484.848885 -4.227918 -0.668514 -6.374228 -0.035477 -0.035215 0.592731 -0.803848
1716367484.948937 -4.289439 -0.687278 -6.403932 -0.034733 -0.033990 0.551161 -0.832983
1716367485.049038 -4.347643 -0.704164 -6.367393 -0.034381 -0.043176 0.518903 -0.853049
1716367485.149139 -4.398609 -0.726070 -6.343795 -0.025019 -0.054322 0.484831 -0.872560
1716367485.241418 -4.439175 -0.747345 -6.330324 -0.031789 -0.054470 0.466262 -0.882396
1716367485.338862 -4.481482 -0.782190 -6.338534 -0.024847 -0.063430 0.446537 -0.892168
1716367485.448474 -4.524240 -0.830902 -6.325203 -0.016894 -0.067225 0.423542 -0.903220
1716367485.539623 -4.556127 -0.877844 -6.324311 -0.010839 -0.072340 0.412684 -0.907932
1716367485.648904 -4.586834 -0.931137 -6.317739 -0.005730 -0.065839 0.384630 -0.920702
1716367485.749219 -4.611954 -0.983970 -6.303128 0.008052 -0.064405 0.357825 -0.931530
1716367485.841228 -4.631151 -1.035171 -6.295437 0.013145 -0.062871 0.318695 -0.945679
1716367485.950549 -4.637389 -1.108787 -6.288186 0.020209 -0.053610 0.265374 -0.962442
1716367486.049489 -4.645500 -1.165505 -6.296205 0.022020 -0.047515 0.214707 -0.975273
1716367486.141890 -4.647919 -1.206315 -6.313992 0.021968 -0.040333 0.163601 -0.985457
1716367486.251029 -4.665126 -1.278270 -6.327582 0.023153 -0.050292 0.071345 -0.995914
1716367486.320095 -4.683895 -1.326238 -6.323300 0.023364 -0.051265 0.032808 -0.997873
1716367486.449515 -4.692884 -1.404186 -6.306309 0.031967 -0.050945 -0.017505 -0.998036
1716367486.549546 -4.693905 -1.462872 -6.302228 0.046226 -0.053513 -0.044520 -0.996503
1716367486.639563 -4.691777 -1.513895 -6.296963 0.052550 -0.047282 -0.065064 -0.995374
1716367486.750861 -4.678711 -1.577310 -6.294533 0.066428 -0.044161 -0.074807 -0.994003
1716367486.850912 -4.665686 -1.633301 -6.291461 0.073918 -0.047122 -0.080500 -0.992892
1716367486.950872 -4.649022 -1.689393 -6.282972 0.079659 -0.048681 -0.087960 -0.991740
1716367487.040856 -4.632251 -1.742820 -6.278164 0.081315 -0.044165 -0.099017 -0.990774
1716367487.150331 -4.591458 -1.806210 -6.296697 0.077017 -0.031332 -0.156412 -0.984186
1716367487.248544 -4.552318 -1.859747 -6.297169 0.074381 -0.023378 -0.203920 -0.975878
1716367487.342937 -4.515853 -1.906917 -6.313163 0.067887 -0.014708 -0.260738 -0.962907
1716367487.441179 -4.472502 -1.958893 -6.322080 0.073531 -0.002074 -0.319287 -0.944799
1716367487.540450 -4.434878 -2.005323 -6.323554 0.086427 0.002167 -0.388620 -0.917333
1716367487.609648 -4.410811 -2.029850 -6.313259 0.092317 0.008153 -0.425448 -0.900225
1716367487.750746 -4.361807 -2.086376 -6.315185 0.097735 0.009655 -0.494798 -0.863441
1716367487.849730 -4.323015 -2.116464 -6.315733 0.100586 0.010342 -0.537086 -0.837445
1716367487.881737 -4.315406 -2.121001 -6.310033 0.105736 0.008998 -0.560047 -0.821636
1716367488.050870 -4.241414 -2.142856 -6.312641 0.102244 0.010603 -0.606237 -0.788613
1716367488.140683 -4.209693 -2.141578 -6.303818 0.104373 0.011564 -0.622516 -0.775529
1716367488.241141 -4.163957 -2.150005 -6.295487 0.110282 0.016109 -0.649660 -0.752011
1716367488.349321 -4.122291 -2.161773 -6.285317 0.106518 0.014801 -0.659650 -0.743839
1716367488.454332 -4.076292 -2.167649 -6.274585 0.100268 0.016271 -0.670479 -0.734942
1716367488.514893 -4.048012 -2.174289 -6.282377 0.087191 0.020039 -0.677043 -0.730485
1716367488.649626 -3.973987 -2.197967 -6.287954 0.079022 0.025370 -0.690326 -0.718722
1716367488.691899 -3.950060 -2.211076 -6.299509 0.082518 0.022652 -0.699813 -0.709182
1716367488.850349 -3.861169 -2.250445 -6.320383 0.094804 0.030981 -0.722552 -0.684084
1716367488.950239 -3.821131 -2.268059 -6.349596 0.097089 0.034393 -0.738723 -0.666092
1716367489.041564 -3.778546 -2.284048 -6.352148 0.099346 0.026256 -0.759917 -0.641846
1716367489.149332 -3.734498 -2.295547 -6.369024 0.105350 0.028151 -0.771980 -0.626224
1716367489.248702 -3.695856 -2.300736 -6.376433 0.103531 0.030666 -0.781149 -0.614936
1716367489.348196 -3.657076 -2.309285 -6.399246 0.109995 0.031087 -0.783435 -0.610871
1716367489.438579 -3.616765 -2.311976 -6.424237 0.119613 0.035389 -0.778373 -0.615285
1716367489.548318 -3.573038 -2.305613 -6.444647 0.126193 0.042713 -0.764095 -0.631197
1716367489.639845 -3.538404 -2.295973 -6.452692 0.125126 0.043351 -0.759015 -0.637464
1716367489.749045 -3.491636 -2.289289 -6.468430 0.111326 0.052689 -0.757739 -0.640829
1716367489.848889 -3.450884 -2.277535 -6.490190 0.099822 0.057086 -0.753008 -0.647885
1716367489.940532 -3.422889 -2.276031 -6.493579 0.090556 0.048009 -0.751623 -0.651580
1716367490.048819 -3.387444 -2.279910 -6.502848 0.085657 0.032584 -0.744558 -0.661237
1716367490.148624 -3.352716 -2.287416 -6.517983 0.088083 0.026554 -0.741152 -0.665004
1716367490.243425 -3.317556 -2.293263 -6.544394 0.093877 0.024394 -0.738520 -0.667219
1716367490.348127 -3.278819 -2.300175 -6.567918 0.107307 0.031705 -0.739735 -0.663530
1716367490.447873 -3.236759 -2.305564 -6.554097 0.096231 0.018292 -0.738976 -0.666573
1716367490.539026 -3.196322 -2.310408 -6.544191 0.095507 0.010816 -0.740036 -0.665664
1716367490.649270 -3.150470 -2.320544 -6.528008 0.088982 -0.001271 -0.738818 -0.668003
1716367490.748938 -3.112679 -2.322062 -6.519936 0.083538 -0.007134 -0.737414 -0.670217
1716367490.840030 -3.080056 -2.319406 -6.528654 0.082861 -0.005889 -0.738395 -0.669233
1716367490.950534 -3.029399 -2.312013 -6.552790 0.077654 -0.001931 -0.732779 -0.676018
1716367491.050166 -2.985482 -2.297296 -6.595251 0.084629 0.022617 -0.727015 -0.681010
1716367491.149935 -2.937865 -2.284555 -6.604572 0.086587 0.040618 -0.716638 -0.690856
1716367491.245847 -2.894132 -2.269412 -6.601618 0.084766 0.052574 -0.720490 -0.686254
1716367491.340372 -2.846965 -2.266715 -6.595816 0.069299 0.034493 -0.720449 -0.689174
1716367491.410515 -2.825958 -2.268674 -6.611918 0.074439 0.026282 -0.721170 -0.688246
1716367491.502646 -2.778330 -2.266440 -6.625425 0.083240 0.024314 -0.715808 -0.692892
1716367491.586922 -2.742891 -2.260194 -6.646015 0.085216 0.027126 -0.717432 -0.690865
1716367491.750611 -2.666097 -2.276673 -6.688637 0.095140 0.040309 -0.730440 -0.675115
1716367491.851142 -2.625254 -2.279378 -6.680014 0.089441 0.036048 -0.738021 -0.667852
1716367491.951132 -2.591940 -2.281281 -6.659344 0.083988 0.027666 -0.741769 -0.664800
1716367492.041839 -2.570578 -2.290099 -6.661351 0.080966 0.005879 -0.735714 -0.672409
1716367492.150379 -2.540749 -2.298163 -6.677021 0.090706 -0.008311 -0.726786 -0.680797
1716367492.251361 -2.513838 -2.297806 -6.713726 0.098677 0.003524 -0.713104 -0.694071
1716367492.258263 -2.514183 -2.295110 -6.717856 0.096346 0.000436 -0.710291 -0.697283
1716367492.444368 -2.443361 -2.279351 -6.778931 0.093735 0.014108 -0.707836 -0.699987
1716367492.543804 -2.399806 -2.256595 -6.804151 0.085343 0.021236 -0.714418 -0.694170
1716367492.644996 -2.357015 -2.244955 -6.824911 0.071323 0.014566 -0.718358 -0.691854
1716367492.680856 -2.342665 -2.246851 -6.844422 0.067799 0.012604 -0.723711 -0.686649
1716367492.760100 -2.322541 -2.245061 -6.873343 0.060458 0.004009 -0.724263 -0.686857
1716367492.941796 -2.235216 -2.238670 -6.929401 0.071241 0.003707 -0.721461 -0.688771
1716367493.051511 -2.168498 -2.236691 -6.959774 0.084781 0.009675 -0.723218 -0.685328
1716367493.141583 -2.124450 -2.238296 -6.971026 0.096360 0.030614 -0.724516 -0.681802
1716367493.250059 -2.071790 -2.243742 -7.002849 0.104669 0.034440 -0.729053 -0.675529
1716367493.353644 -2.037009 -2.251040 -6.992615 0.082444 0.028749 -0.733820 -0.673709
1716367493.419534 -2.011830 -2.259806 -7.005483 0.081215 0.017789 -0.732707 -0.675447
1716367493.550967 -1.953249 -2.260481 -7.010660 0.084305 0.005811 -0.727595 -0.680783
1716367493.640819 -1.913603 -2.259925 -7.019835 0.088943 -0.000112 -0.722789 -0.685321
1716367493.660175 -1.918726 -2.265189 -7.025180 0.089708 -0.002979 -0.721212 -0.686874
1716367493.840517 -1.832228 -2.262554 -7.097350 0.087322 -0.002312 -0.715940 -0.692676
1716367493.950256 -1.783851 -2.264126 -7.123274 0.086874 0.009071 -0.713664 -0.695021
1716367494.041400 -1.730573 -2.265567 -7.126613 0.075106 0.000125 -0.718848 -0.691098
1716367494.149205 -1.670107 -2.265307 -7.145115 0.052224 -0.005617 -0.713299 -0.698889
1716367494.248702 -1.617754 -2.264399 -7.163327 0.061456 -0.006690 -0.715863 -0.695499
1716367494.348315 -1.564615 -2.261227 -7.188884 0.084441 -0.000168 -0.714748 -0.694266
1716367494.454760 -1.509579 -2.272105 -7.236643 0.087046 0.017502 -0.724747 -0.683271
1716367494.513723 -1.488630 -2.279022 -7.244604 0.090201 0.027615 -0.724809 -0.682461
1716367494.640032 -1.436583 -2.291300 -7.242288 0.089288 0.013599 -0.738064 -0.668659
1716367494.749098 -1.397518 -2.293023 -7.246974 0.090674 0.008151 -0.734512 -0.672461
1716367494.849000 -1.361095 -2.288043 -7.249388 0.090588 0.005188 -0.735234 -0.671712
1716367494.948841 -1.316700 -2.282307 -7.287793 0.091727 0.004026 -0.733228 -0.673755
1716367495.040851 -1.267388 -2.271273 -7.313390 0.093391 0.009995 -0.728234 -0.678862
1716367495.148636 -1.215989 -2.261595 -7.339638 0.097196 0.018510 -0.723305 -0.683403
1716367495.248034 -1.166814 -2.248829 -7.356098 0.089293 0.015278 -0.727466 -0.680137
1716367495.339454 -1.118236 -2.238779 -7.372328 0.074702 0.014749 -0.736881 -0.671720
1716367495.439364 -1.068392 -2.230889 -7.369530 0.064978 -0.005210 -0.739579 -0.669905
1716367495.499099 -1.042603 -2.229502 -7.385372 0.058780 -0.009701 -0.741465 -0.668342
1716367495.648444 -0.966651 -2.231729 -7.450153 0.073501 -0.005891 -0.741290 -0.667122
1716367495.740262 -0.933040 -2.234174 -7.488122 0.082761 -0.012557 -0.741155 -0.666095
1716367495.849753 -0.874102 -2.236205 -7.522572 0.082203 -0.003031 -0.739486 -0.668127
1716367495.950036 -0.802507 -2.248793 -7.540578 0.081288 -0.024973 -0.737415 -0.670065
1716367496.041763 -0.746712 -2.251829 -7.545562 0.094161 -0.037618 -0.737485 -0.667709
1716367496.149439 -0.699623 -2.250380 -7.548670 0.091525 -0.045050 -0.732480 -0.673102
1716367496.254362 -0.654165 -2.242442 -7.570563 0.105562 -0.038357 -0.729036 -0.675197
1716367496.313754 -0.625237 -2.228461 -7.587725 0.115313 -0.028210 -0.724960 -0.678483
1716367496.448680 -0.557958 -2.211378 -7.637391 0.108873 -0.005622 -0.725054 -0.680009
1716367496.499929 -0.536100 -2.205406 -7.631595 0.109586 0.003695 -0.724829 -0.680147
1716367496.583862 -0.496935 -2.198036 -7.651483 0.100205 0.010242 -0.726510 -0.679733
1716367496.750510 -0.429422 -2.189430 -7.675899 0.098922 -0.000341 -0.726198 -0.680332
1716367496.841840 -0.390615 -2.198162 -7.704790 0.100927 -0.005464 -0.720468 -0.686082
1716367496.950604 -0.345198 -2.190575 -7.733656 0.101229 0.014682 -0.735368 -0.669904
1716367497.050442 -0.309714 -2.186700 -7.759050 0.111391 0.017646 -0.742094 -0.660740
1716367497.150141 -0.266378 -2.201492 -7.773974 0.121530 0.009964 -0.744929 -0.655906
1716367497.253117 -0.221417 -2.212628 -7.778532 0.135035 0.010777 -0.750400 -0.646954
1716367497.349722 -0.173829 -2.218290 -7.793285 0.137249 0.004828 -0.754956 -0.641234
1716367497.376884 -0.168389 -2.218071 -7.796695 0.132481 0.010899 -0.759607 -0.636653
1716367497.541697 -0.085412 -2.205406 -7.824942 0.128761 0.013066 -0.763344 -0.632895
1716367497.642156 -0.033312 -2.194602 -7.880030 0.130389 0.026204 -0.761832 -0.633975
1716367497.679114 -0.015491 -2.187703 -7.892849 0.129795 0.027636 -0.763525 -0.631996
1716367497.850795 0.046237 -2.157444 -7.954210 0.125358 0.051849 -0.760058 -0.635538
1716367497.950674 0.085032 -2.141647 -7.975243 0.121774 0.073047 -0.760736 -0.633337
1716367498.041773 0.133396 -2.124303 -7.986204 0.110245 0.077102 -0.761121 -0.634504
1716367498.149838 0.182085 -2.102025 -8.005410 0.114165 0.068197 -0.768771 -0.625546
1716367498.238604 0.214016 -2.083941 -8.015222 0.120522 0.073970 -0.766211 -0.626836
1716367498.353605 0.275384 -2.078627 -8.027151 0.139694 0.069529 -0.781698 -0.603820
1716367498.440164 0.310016 -2.069744 -8.035224 0.125059 0.065014 -0.789701 -0.597081
1716367498.549221 0.352737 -2.053824 -8.036589 0.114246 0.050226 -0.808440 -0.575196
1716367498.593307 0.374516 -2.045238 -8.026226 0.118045 0.047440 -0.807904 -0.575418
1716367498.659415 0.403699 -2.030704 -8.001204 0.123277 0.046135 -0.807175 -0.575450
1716367498.841354 0.451610 -1.978603 -7.985997 0.130610 0.036879 -0.816015 -0.561872
1716367498.950234 0.478100 -1.941953 -7.967376 0.133098 0.032003 -0.819772 -0.556089
1716367499.049934 0.503866 -1.900953 -7.952969 0.134658 0.046803 -0.824057 -0.548276
1716367499.149056 0.526165 -1.837225 -7.930483 0.134704 0.059712 -0.841427 -0.519895
1716367499.240299 0.545494 -1.771206 -7.912584 0.133246 0.069840 -0.853844 -0.498316
1716367499.350998 0.574872 -1.715401 -7.895267 0.149661 0.065621 -0.870689 -0.463892
1716367499.448356 0.602521 -1.674535 -7.903424 0.144689 0.077019 -0.890909 -0.423573
1716367499.539934 0.635771 -1.636601 -7.896311 0.137166 0.095105 -0.906612 -0.387551
1716367499.649331 0.679448 -1.586213 -7.896039 0.141312 0.101536 -0.923648 -0.341460
1716367499.749200 0.719919 -1.551058 -7.886442 0.134013 0.095913 -0.938175 -0.304415
1716367499.840790 0.757615 -1.521637 -7.890618 0.146071 0.100457 -0.949807 -0.257758
1716367499.948735 0.790735 -1.477621 -7.881363 0.147598 0.090303 -0.960450 -0.218164
1716367500.048216 0.824216 -1.442304 -7.881957 0.151596 0.088908 -0.968490 -0.176469
1716367500.147854 0.858839 -1.411797 -7.875964 0.155426 0.084473 -0.972036 -0.154445
1716367500.247709 0.892870 -1.377020 -7.877578 0.145233 0.088716 -0.974656 -0.145201
1716367500.257354 0.900185 -1.365099 -7.875050 0.140659 0.091021 -0.976425 -0.136102
1716367500.421833 0.935051 -1.323729 -7.879378 0.138392 0.100815 -0.975405 -0.138811
1716367500.547602 0.953045 -1.278835 -7.866572 0.150324 0.097560 -0.970777 -0.159613
1716367500.638990 0.966024 -1.249857 -7.854629 0.145796 0.105787 -0.970350 -0.161162
1716367500.748378 0.983828 -1.215877 -7.841298 0.133999 0.089419 -0.972881 -0.165982
1716367500.840039 0.992888 -1.189652 -7.834346 0.125236 0.083187 -0.975803 -0.158757
1716367500.949500 1.003121 -1.166890 -7.834476 0.119322 0.082727 -0.977754 -0.151377
1716367501.041489 1.011437 -1.139314 -7.832079 0.121648 0.078759 -0.979545 -0.139606
1716367501.149542 1.022803 -1.128884 -7.825727 0.131183 0.070384 -0.983188 -0.105729
1716367501.226264 1.022715 -1.113295 -7.825899 0.137344 0.056654 -0.986772 -0.064873
1716367501.348637 1.014026 -1.096107 -7.833231 0.130663 0.080250 -0.987630 0.032775
1716367501.448687 1.009193 -1.082618 -7.840273 0.119426 0.087002 -0.985255 0.086258
1716367501.539991 0.999731 -1.062290 -7.850294 0.111268 0.089636 -0.979461 0.142270
1716367501.649661 0.971485 -1.042398 -7.840369 0.101690 0.095411 -0.972010 0.189083
1716367501.750047 0.947867 -1.026800 -7.843425 0.097273 0.108886 -0.960386 0.237361
1716367501.842332 0.924472 -1.023802 -7.833601 0.088909 0.107517 -0.952340 0.271264
1716367501.941788 0.895746 -1.025289 -7.846559 0.074539 0.112012 -0.941630 0.308595
1716367502.050125 0.862660 -1.031794 -7.857172 0.057051 0.109587 -0.907165 0.402229
1716367502.152062 0.840421 -1.048309 -7.882341 0.050380 0.116757 -0.881284 0.455156
1716367502.224194 0.833942 -1.046382 -7.888637 0.056018 0.117012 -0.859437 0.494508
1716367502.349651 0.825468 -1.043437 -7.900200 0.053101 0.114657 -0.831367 0.541168
1716367502.449227 0.819995 -1.040996 -7.911231 0.049947 0.116628 -0.808622 0.574485
1716367502.540819 0.812888 -1.041041 -7.914255 0.044160 0.114707 -0.789972 0.600697
1716367502.650405 0.796432 -1.038241 -7.931469 0.030027 0.101536 -0.771090 0.627861
1716367502.750457 0.790351 -1.028253 -7.940195 0.023584 0.105666 -0.756759 0.644666
1716367502.841717 0.783583 -1.025738 -7.945336 0.016548 0.105665 -0.748059 0.654957
1716367502.859565 0.780738 -1.025890 -7.947120 0.015078 0.110040 -0.742878 0.660149
1716367503.041660 0.771979 -1.025762 -7.965907 0.016648 0.119180 -0.736265 0.665908
1716367503.150069 0.771832 -1.022130 -7.984835 0.018478 0.123480 -0.734912 0.666570
1716367503.248884 0.770405 -1.023061 -7.978951 0.023236 0.117664 -0.735202 0.667153
1716367503.263312 0.770333 -1.021739 -7.976854 0.017655 0.118699 -0.734808 0.667575
1716367503.421805 0.762397 -1.021517 -7.979217 0.021518 0.107063 -0.737164 0.666832
1716367503.549310 0.749657 -1.018751 -7.979366 0.019873 0.099652 -0.737884 0.667234
