1717149685.643040 -0.012080 0.000626 -0.000875 -0.002460 0.001790 0.004153 0.999987
 1717149685.744149 -0.024934 -0.001727 -0.003772 0.000618 0.002857 0.004189 0.999987
 1717149685.844064 -0.041670 -0.007761 -0.006197 0.003928 0.005823 0.006662 0.999953
 1717149685.944012 -0.054727 -0.017411 -0.011183 0.003646 0.005047 0.011026 0.999920
 1717149686.044078 -0.066729 -0.035547 -0.015393 0.010259 0.006891 0.008804 0.999885
 1717149686.143984 -0.076538 -0.064424 -0.021097 0.013071 0.010169 0.005615 0.999847
 1717149686.244130 -0.089742 -0.102614 -0.025911 0.006767 0.007946 0.009575 0.999900
 1717149686.344077 -0.103278 -0.153594 -0.031372 -0.003370 -0.000537 0.016432 0.999859
 1717149686.444067 -0.112991 -0.209366 -0.029280 -0.009816 0.008049 0.019453 0.999730
 1717149686.543117 -0.122255 -0.272701 -0.020760 -0.003883 0.005787 0.021356 0.999748
 1717149686.644047 -0.131979 -0.330696 -0.019096 -0.004874 0.003505 0.015284 0.999865
 1717149686.743162 -0.146509 -0.383425 -0.019977 -0.011784 0.000000 0.015325 0.999813
 1717149686.844085 -0.166101 -0.440982 -0.026157 -0.001089 -0.007617 0.020164 0.999767
 1717149686.944004 -0.188708 -0.498834 -0.037773 -0.000081 -0.009099 0.018339 0.999790
 1717149687.044112 -0.216803 -0.560578 -0.048903 0.000320 -0.009577 0.026588 0.999601
 1717149687.144038 -0.246711 -0.624287 -0.054933 -0.005452 0.000319 0.033274 0.999431
 1717149687.243233 -0.278739 -0.690920 -0.049085 -0.000944 0.007409 0.045566 0.998933
 1717149687.343198 -0.307200 -0.755619 -0.045505 -0.006655 0.011903 0.050313 0.998640
 1717149687.443202 -0.334143 -0.824753 -0.047800 -0.003995 0.009207 0.065385 0.997810
 1717149687.543210 -0.353688 -0.895033 -0.055257 -0.005859 0.002206 0.064133 0.997922
 1717149687.643064 -0.371101 -0.974314 -0.068354 -0.006490 0.003489 0.068058 0.997654
 1717149687.743205 -0.385577 -1.052804 -0.076122 -0.013390 0.005050 0.054011 0.998438
 1717149687.843953 -0.401973 -1.136200 -0.075025 -0.016272 0.003707 0.047096 0.998751
 1717149687.944087 -0.415965 -1.213164 -0.068293 -0.020051 0.006527 0.035671 0.999141
 1717149688.042953 -0.436995 -1.290223 -0.066177 -0.018063 0.007753 0.032263 0.999286
 1717149688.144012 -0.461191 -1.369319 -0.074058 -0.010420 -0.004683 0.036007 0.999286
 1717149688.243128 -0.490003 -1.449481 -0.089086 -0.015367 -0.007415 0.035105 0.999238
 1717149688.344049 -0.526260 -1.532034 -0.103485 -0.016824 -0.004831 0.039778 0.999055
 1717149688.443048 -0.563046 -1.617131 -0.103995 -0.012934 0.001258 0.045113 0.998897
 1717149688.543975 -0.596076 -1.705697 -0.095014 -0.005853 0.008057 0.050430 0.998678
 1717149688.644154 -0.624200 -1.790590 -0.091714 -0.005757 0.016906 0.055673 0.998289
 1717149688.744007 -0.651207 -1.876165 -0.100299 -0.006799 0.012261 0.055633 0.998353
 1717149688.844091 -0.681877 -1.961599 -0.117077 -0.010125 0.009233 0.048732 0.998718
 1717149688.944519 -0.709694 -2.048907 -0.130950 -0.012526 0.006241 0.034827 0.999295
 1717149689.044040 -0.738692 -2.136516 -0.133205 -0.014767 0.001613 0.023664 0.999610
 1717149689.143962 -0.771796 -2.223158 -0.127925 -0.016544 -0.002741 0.016327 0.999726
 1717149689.243857 -0.804409 -2.311394 -0.125396 -0.007341 -0.006536 0.014758 0.999843
 1717149689.344907 -0.839018 -2.395782 -0.133704 -0.011283 -0.004318 0.012344 0.999851
 1717149689.443908 -0.881086 -2.482162 -0.147304 -0.017002 -0.004994 0.017200 0.999695
 1717149689.544087 -0.922324 -2.568986 -0.154954 -0.020809 0.000367 0.027157 0.999415
 1717149689.644024 -0.961408 -2.654682 -0.147255 -0.019069 0.013005 0.041556 0.998870
 1717149689.742314 -0.996993 -2.739039 -0.138768 -0.015211 0.020762 0.042730 0.998755
 1717149689.843846 -1.037630 -2.825673 -0.143115 -0.007693 0.009475 0.042667 0.999015
 1717149689.944021 -1.076056 -2.914445 -0.158148 -0.010784 0.013491 0.036577 0.999182
 1717149690.043903 -1.108800 -3.005947 -0.174559 -0.015560 0.018095 0.025328 0.999394
 1717149690.143898 -1.138496 -3.098986 -0.180390 -0.031871 0.019926 0.019383 0.999105
 1717149690.244020 -1.169179 -3.190493 -0.173826 -0.029675 0.017787 0.010940 0.999341
 1717149690.343825 -1.206094 -3.280603 -0.166096 -0.027263 0.005978 0.007156 0.999585
 1717149690.444398 -1.240354 -3.369915 -0.167989 -0.022997 0.004848 0.007558 0.999695
 1717149690.543290 -1.274356 -3.460920 -0.182353 -0.018995 0.018512 0.005392 0.999634
 1717149690.643839 -1.315427 -3.551130 -0.200247 -0.020187 0.023411 0.008194 0.999489
 1717149690.743847 -1.359442 -3.641815 -0.203165 -0.029592 0.020703 0.018049 0.999185
 1717149690.844002 -1.398667 -3.732109 -0.194376 -0.028549 0.021167 0.028456 0.998963
 1717149690.943889 -1.434759 -3.827412 -0.192432 -0.015769 0.019942 0.033830 0.999104
 1717149691.043805 -1.472013 -3.924468 -0.204256 -0.011925 0.019433 0.033088 0.999192
 1717149691.142946 -1.509162 -4.018826 -0.222815 -0.020185 0.013802 0.031405 0.999208
 1717149691.243929 -1.543677 -4.111736 -0.236903 -0.028233 0.013955 0.019144 0.999321
 1717149691.343789 -1.580438 -4.206640 -0.236494 -0.018092 0.001440 0.007358 0.999808
 1717149691.444028 -1.619239 -4.300128 -0.230048 -0.017366 -0.003545 0.006140 0.999824
 1717149691.543964 -1.658064 -4.393386 -0.230652 -0.015172 -0.003376 0.010697 0.999822
 1717149691.643785 -1.697025 -4.485185 -0.246282 -0.020942 -0.000576 0.013353 0.999691
 1717149691.743001 -1.739952 -4.582829 -0.267095 -0.018485 -0.003179 0.021568 0.999591
 1717149691.843894 -1.781276 -4.678133 -0.273528 -0.026979 0.001001 0.028213 0.999237
 1717149691.943846 -1.819477 -4.777354 -0.263412 -0.029648 -0.000802 0.043342 0.998620
 1717149692.043777 -1.851336 -4.874907 -0.254768 -0.028367 0.004393 0.056866 0.997969
 1717149692.142123 -1.879567 -4.972761 -0.258793 -0.029667 0.011631 0.061689 0.997587
 1717149692.243914 -1.906325 -5.068155 -0.275746 -0.036845 0.016464 0.059610 0.997406
 1717149692.342193 -1.935463 -5.166224 -0.294253 -0.043137 0.011585 0.049914 0.997754
 1717149692.443823 -1.967645 -5.267901 -0.295677 -0.032168 0.003299 0.041781 0.998603
 1717149692.543977 -2.001301 -5.364854 -0.289048 -0.024358 0.003548 0.036784 0.999020
 1717149692.642889 -2.037385 -5.459811 -0.291247 -0.019213 -0.001045 0.033402 0.999257
 1717149692.743730 -2.080732 -5.551138 -0.306218 -0.026740 -0.005305 0.028970 0.999208
 1717149692.843949 -2.127858 -5.644335 -0.323962 -0.025410 -0.003249 0.034737 0.999068
 1717149692.943948 -2.172544 -5.737363 -0.330455 -0.024939 0.007774 0.044588 0.998664
 1717149693.043843 -2.214220 -5.831820 -0.323196 -0.020079 0.016843 0.056585 0.998054
 1717149693.143753 -2.251130 -5.928039 -0.317884 -0.011654 0.011400 0.067542 0.997583
 1717149693.243931 -2.284898 -6.023854 -0.326196 -0.008899 0.005608 0.068908 0.997568
 1717149693.343838 -2.317618 -6.121141 -0.342443 -0.012258 0.011371 0.068654 0.997500
 1717149693.442933 -2.347294 -6.217714 -0.357688 -0.022874 0.011793 0.055459 0.998129
 1717149693.543897 -2.375996 -6.311573 -0.359828 -0.027587 0.010907 0.046960 0.998456
 1717149693.643795 -2.408242 -6.406689 -0.353302 -0.027455 0.004592 0.039436 0.998834
 1717149693.744284 -2.442822 -6.501795 -0.351160 -0.014761 -0.005438 0.043828 0.998915
 1717149693.843808 -2.478277 -6.593544 -0.361158 -0.022693 -0.007508 0.039139 0.998948
 1717149693.943779 -2.515991 -6.687208 -0.376772 -0.026091 -0.003307 0.042789 0.998738
 1717149694.043699 -2.553803 -6.782696 -0.385541 -0.021684 0.005658 0.053295 0.998327
 1717149694.143811 -2.592671 -6.877443 -0.382520 -0.026062 0.010813 0.067534 0.997318
 1717149694.243865 -2.627292 -6.973870 -0.375733 -0.024183 0.005518 0.086110 0.995977
 1717149694.343745 -2.659396 -7.072530 -0.377960 -0.016399 0.001505 0.091284 0.995689
 1717149694.444715 -2.688090 -7.171553 -0.390290 -0.019785 0.007457 0.105050 0.994242
 1717149694.543989 -2.715150 -7.271437 -0.405910 -0.031763 0.009184 0.106806 0.993730
 1717149694.643887 -2.742875 -7.366532 -0.408857 -0.051017 0.007022 0.109638 0.992637
 1717149694.743761 -2.769901 -7.463843 -0.398659 -0.045436 0.007131 0.108405 0.993042
 1717149694.843762 -2.798243 -7.559163 -0.390253 -0.038146 0.018603 0.115358 0.992417
 1717149694.943888 -2.833573 -7.652662 -0.398663 -0.036339 0.005843 0.112741 0.992942
 1717149695.043858 -2.875157 -7.746826 -0.417457 -0.041752 0.000077 0.111224 0.992918
 1717149695.143831 -2.916858 -7.844075 -0.433923 -0.039196 0.006889 0.116987 0.992336
 1717149695.244233 -2.955322 -7.939175 -0.435953 -0.036961 0.009695 0.120984 0.991919
 1717149695.343165 -2.987702 -8.035073 -0.428630 -0.036550 0.012563 0.124371 0.991483
 1717149695.443994 -3.014556 -8.131389 -0.427102 -0.017276 0.011574 0.122214 0.992286
 1717149695.543859 -3.038612 -8.223953 -0.437763 -0.017034 0.018481 0.113409 0.993230
 1717149695.643727 -3.060979 -8.316777 -0.455162 -0.021492 0.018136 0.104235 0.994155
 1717149695.743948 -3.084831 -8.404969 -0.464681 -0.027899 0.016210 0.077795 0.996447
 1717149695.843889 -3.109923 -8.492685 -0.461087 -0.027618 0.015306 0.059599 0.997723
 1717149695.943862 -3.138779 -8.579325 -0.456784 -0.020357 0.011220 0.044460 0.998741
 1717149696.043960 -3.173063 -8.668418 -0.458771 -0.008905 -0.000673 0.035633 0.999325
 1717149696.143133 -3.208197 -8.755096 -0.468732 -0.019096 0.004963 0.029349 0.999374
 1717149696.243823 -3.246439 -8.840363 -0.479491 -0.031445 0.012311 0.032295 0.998908
 1717149696.343772 -3.286943 -8.926789 -0.484064 -0.043122 0.019366 0.035574 0.998248
 1717149696.443843 -3.327607 -9.016276 -0.478228 -0.042164 0.015422 0.051160 0.997681
 1717149696.543784 -3.363516 -9.105294 -0.472748 -0.033887 0.020257 0.050006 0.997968
 1717149696.643625 -3.400064 -9.196240 -0.477207 -0.024557 0.017848 0.046536 0.998455
 1717149696.742924 -3.436961 -9.284106 -0.491801 -0.030243 0.018167 0.040094 0.998573
 1717149696.843808 -3.474029 -9.371030 -0.508620 -0.040767 0.018340 0.025419 0.998677
 1717149696.943709 -3.509482 -9.461550 -0.514502 -0.042552 0.020032 0.010856 0.998834
 1717149697.043634 -3.547263 -9.551776 -0.513485 -0.038104 0.017613 -0.003129 0.999114
 1717149697.143813 -3.590615 -9.640332 -0.511484 -0.021815 0.005425 -0.008029 0.999715
 1717149697.243719 -3.635543 -9.726493 -0.518752 -0.026808 0.001923 -0.006742 0.999616
 1717149697.343732 -3.681795 -9.813598 -0.533253 -0.036324 0.005905 -0.003410 0.999317
 1717149697.443707 -3.728361 -9.903765 -0.544949 -0.041071 0.014255 0.011061 0.998993
 1717149697.543410 -3.773849 -9.997034 -0.541295 -0.042144 0.024178 0.029327 0.998388
 1717149697.643816 -3.812175 -10.090138 -0.531658 -0.045009 0.036460 0.049479 0.997094
 1717149697.744353 -3.846008 -10.184467 -0.529311 -0.035558 0.038497 0.064858 0.996517
 1717149697.843881 -3.880335 -10.277607 -0.541580 -0.037870 0.031980 0.071222 0.996228
 1717149697.943791 -3.913146 -10.370130 -0.561467 -0.047902 0.023102 0.076804 0.995627
 1717149698.043715 -3.942062 -10.463245 -0.572844 -0.053338 0.021684 0.071163 0.995802
 1717149698.143645 -3.969762 -10.556605 -0.571403 -0.050289 0.021544 0.070283 0.996026
 1717149698.243743 -3.999119 -10.646834 -0.567213 -0.042804 0.018009 0.069327 0.996513
 1717149698.344099 -4.028762 -10.740284 -0.571595 -0.037808 0.004397 0.078092 0.996219
 1717149698.443769 -4.058170 -10.832689 -0.585044 -0.044057 0.001775 0.083179 0.995559
 1717149698.542051 -4.091101 -10.932142 -0.601818 -0.048208 0.008618 0.095538 0.994220
 1717149698.643881 -4.123025 -11.030323 -0.610595 -0.047817 0.014451 0.107854 0.992911
 1717149698.743780 -4.151330 -11.124458 -0.603032 -0.043660 0.022609 0.118430 0.991744
 1717149698.843698 -4.173149 -11.212769 -0.594217 -0.039977 0.028649 0.120520 0.991492
 1717149698.944242 -4.195396 -11.298629 -0.597791 -0.033525 0.025136 0.119452 0.991955
 1717149699.043805 -4.212156 -11.382798 -0.609766 -0.028726 0.024344 0.110668 0.993144
 1717149699.143804 -4.226144 -11.466018 -0.625603 -0.032542 0.020124 0.097992 0.994451
 1717149699.243844 -4.238394 -11.549268 -0.633497 -0.037879 0.015262 0.090301 0.995077
 1717149699.343905 -4.249493 -11.632276 -0.630522 -0.032816 0.011115 0.077388 0.996399
 1717149699.443658 -4.261399 -11.712159 -0.627660 -0.034720 0.013629 0.066935 0.997060
 1717149699.543711 -4.277351 -11.791914 -0.631628 -0.028886 0.004466 0.074981 0.996756
 1717149699.643627 -4.293884 -11.872571 -0.641165 -0.034101 0.007227 0.082167 0.996009
 1717149699.743768 -4.313135 -11.955257 -0.653423 -0.042029 0.006846 0.100706 0.994004
 1717149699.843838 -4.332396 -12.037927 -0.662359 -0.050348 0.010341 0.126003 0.990697
 1717149699.943411 -4.345472 -12.121432 -0.657922 -0.049482 0.016955 0.164128 0.985051
 1717149700.043993 -4.343289 -12.204347 -0.647427 -0.044674 0.026475 0.209314 0.976469
 1717149700.143915 -4.330958 -12.282435 -0.644711 -0.039523 0.027195 0.243830 0.968631
 1717149700.243778 -4.313801 -12.355592 -0.654047 -0.051489 0.020290 0.282167 0.957768
 1717149700.342409 -4.286816 -12.434020 -0.666511 -0.054886 0.011190 0.317821 0.946495
 1717149700.443854 -4.252228 -12.509561 -0.673744 -0.059520 0.008064 0.347672 0.935690
 1717149700.543757 -4.209765 -12.580613 -0.672123 -0.057673 0.014285 0.385757 0.920685
 1717149700.643594 -4.164464 -12.646998 -0.669384 -0.055857 0.019298 0.415276 0.907774
 1717149700.743658 -4.117253 -12.713049 -0.671772 -0.047304 0.003293 0.458830 0.887258
 1717149700.843515 -4.063278 -12.777504 -0.678747 -0.039743 -0.006373 0.494724 0.868118
 1717149700.943567 -4.004816 -12.842484 -0.689846 -0.040312 -0.010831 0.534887 0.843892
 1717149701.043646 -3.944454 -12.905478 -0.699338 -0.046650 -0.013161 0.574579 0.817013
 1717149701.143744 -3.883653 -12.966072 -0.696812 -0.056907 -0.014074 0.616834 0.784907
 1717149701.242660 -3.820795 -13.022407 -0.683864 -0.063618 -0.019822 0.652092 0.755206
 1717149701.343648 -3.751429 -13.070434 -0.675609 -0.058444 -0.018660 0.679062 0.731513
 1717149701.443742 -3.680361 -13.114095 -0.678255 -0.052302 -0.023211 0.698185 0.713627
 1717149701.543704 -3.605133 -13.153180 -0.687733 -0.051873 -0.029550 0.710918 0.700737
 1717149701.643816 -3.527589 -13.186064 -0.693636 -0.058943 -0.026414 0.711822 0.699384
 1717149701.743981 -3.448350 -13.222234 -0.692015 -0.060577 -0.026178 0.711369 0.699714
 1717149701.843608 -3.372220 -13.258244 -0.685911 -0.053171 -0.026522 0.708910 0.702792
 1717149701.943834 -3.292919 -13.298260 -0.682854 -0.038235 -0.025637 0.711791 0.700881
 1717149702.043648 -3.215576 -13.339415 -0.688103 -0.033192 -0.026338 0.708313 0.704626
 1717149702.143656 -3.135033 -13.383352 -0.697447 -0.031208 -0.025048 0.708148 0.704930
 1717149702.243582 -3.054453 -13.428298 -0.703570 -0.037854 -0.024741 0.710494 0.702249
 1717149702.343641 -2.973110 -13.474668 -0.702448 -0.053773 -0.028926 0.715003 0.696449
 1717149702.443634 -2.895790 -13.517846 -0.692184 -0.066860 -0.028954 0.723415 0.686558
 1717149702.543188 -2.810487 -13.559638 -0.679863 -0.061808 -0.021071 0.724156 0.686537
 1717149702.643678 -2.723841 -13.602704 -0.678189 -0.049764 -0.022581 0.720497 0.691302
 1717149702.743737 -2.635194 -13.644150 -0.689178 -0.053801 -0.034143 0.715309 0.695897
 1717149702.843754 -2.544784 -13.681220 -0.699347 -0.060321 -0.041192 0.707297 0.703133
 1717149702.943686 -2.456131 -13.719487 -0.698519 -0.057155 -0.043440 0.699770 0.710752
 1717149703.043606 -2.370282 -13.760439 -0.689938 -0.061225 -0.043562 0.688827 0.721021
 1717149703.143685 -2.280173 -13.805609 -0.683184 -0.047930 -0.033723 0.689020 0.722369
 1717149703.245238 -2.193388 -13.851910 -0.688370 -0.045048 -0.035804 0.684229 0.726993
 1717149703.343679 -2.105686 -13.901244 -0.699349 -0.051274 -0.041313 0.686545 0.724099
 1717149703.443546 -2.018141 -13.950440 -0.705616 -0.065654 -0.038866 0.692049 0.717808
 1717149703.543674 -1.932792 -14.000614 -0.697206 -0.067063 -0.029561 0.692295 0.717884
 1717149703.643595 -1.845819 -14.047556 -0.686726 -0.066468 -0.025238 0.696814 0.713719
 1717149703.743690 -1.757148 -14.092614 -0.685461 -0.054926 -0.017722 0.698240 0.713534
 1717149703.843558 -1.665987 -14.137098 -0.697908 -0.045746 -0.020311 0.689318 0.722728
 1717149703.943592 -1.573603 -14.181654 -0.711615 -0.052777 -0.027566 0.678077 0.732575
 1717149704.044021 -1.484821 -14.226829 -0.711335 -0.053182 -0.029933 0.658932 0.749722
 1717149704.142381 -1.397310 -14.275471 -0.698194 -0.053901 -0.034902 0.640100 0.765603
 1717149704.243557 -1.312140 -14.325024 -0.688740 -0.049997 -0.034437 0.634573 0.770475
 1717149704.343559 -1.226663 -14.372222 -0.688221 -0.050483 -0.033032 0.635800 0.769492
 1717149704.443642 -1.139074 -14.418467 -0.698079 -0.060631 -0.035844 0.639690 0.765399
 1717149704.543682 -1.047439 -14.467726 -0.706123 -0.068137 -0.040003 0.654354 0.752049
 1717149704.643878 -0.954801 -14.515723 -0.700268 -0.071686 -0.040995 0.672671 0.735319
 1717149704.743506 -0.858240 -14.558129 -0.687573 -0.071152 -0.040013 0.692156 0.717117
 1717149704.844044 -0.760923 -14.594691 -0.682953 -0.055340 -0.032589 0.706748 0.704544
 1717149704.943465 -0.660851 -14.630185 -0.692784 -0.050505 -0.030441 0.718309 0.693220
 1717149705.043509 -0.560435 -14.666178 -0.707014 -0.046365 -0.034704 0.724203 0.687150
 1717149705.143587 -0.464354 -14.704858 -0.711501 -0.054130 -0.044549 0.721128 0.689245
 1717149705.243531 -0.369883 -14.745573 -0.700222 -0.051561 -0.041014 0.726897 0.683579
 1717149705.343555 -0.277030 -14.785124 -0.687512 -0.040751 -0.024826 0.733781 0.677709
 1717149705.443628 -0.188909 -14.826994 -0.692365 -0.042155 -0.036200 0.741206 0.668974
 1717149705.543471 -0.103178 -14.870686 -0.706033 -0.048859 -0.050356 0.754596 0.652428
 1717149705.643571 -0.015394 -14.912012 -0.723041 -0.063438 -0.051074 0.770108 0.632693
 1717149705.743650 0.076690 -14.953498 -0.722593 -0.046967 -0.040738 0.782488 0.619554
 1717149705.843641 0.176467 -14.989815 -0.727991 -0.022377 -0.029204 0.800218 0.598579
 1717149705.943575 0.279373 -15.018137 -0.738559 -0.003991 -0.003475 0.807261 0.590170
 1717149706.043483 0.382834 -15.044558 -0.759413 -0.003264 0.004093 0.807740 0.589516
 1717149706.143471 0.482363 -15.073915 -0.777601 -0.007551 -0.014458 0.798671 0.601546
 1717149706.243487 0.579983 -15.107897 -0.771737 -0.017122 -0.034707 0.789382 0.612681
 1717149706.343653 0.675420 -15.141501 -0.750866 -0.016515 -0.025707 0.787976 0.614947
 1717149706.443645 0.768390 -15.178601 -0.735135 -0.007981 -0.017870 0.785985 0.617936
 1717149706.543122 0.859822 -15.222858 -0.737700 -0.006789 -0.032546 0.785295 0.618228
 1717149706.643590 0.955241 -15.270084 -0.746548 -0.013617 -0.034046 0.788702 0.613681
 1717149706.742886 1.051480 -15.319396 -0.749353 -0.030403 -0.030622 0.791167 0.610076
 1717149706.843620 1.150386 -15.366901 -0.736338 -0.034660 -0.020020 0.797379 0.602150
 1717149706.943457 1.251243 -15.404722 -0.722316 -0.026667 0.000586 0.802889 0.595531
 1717149707.043603 1.347673 -15.439555 -0.721957 -0.027400 0.005110 0.804182 0.593729
 1717149707.143557 1.440620 -15.475685 -0.733257 -0.030684 -0.003763 0.802487 0.595868
 1717149707.242932 1.535559 -15.512154 -0.742078 -0.032619 -0.013142 0.795823 0.604508
 1717149707.343072 1.629015 -15.548113 -0.734158 -0.036898 -0.020778 0.782895 0.620711
 1717149707.443511 1.717525 -15.588373 -0.719081 -0.036109 -0.027002 0.776603 0.628375
 1717149707.543433 1.804504 -15.629631 -0.707388 -0.029087 -0.023830 0.774965 0.630885
 1717149707.643528 1.889781 -15.670114 -0.711316 -0.023770 -0.030849 0.775496 0.630150
 1717149707.743395 1.979387 -15.713026 -0.720605 -0.026696 -0.031293 0.779799 0.624677
 1717149707.843480 2.068781 -15.756886 -0.726700 -0.032586 -0.020359 0.784349 0.619129
 1717149707.943411 2.154800 -15.802295 -0.719960 -0.036558 -0.022315 0.790237 0.611303
 1717149708.043317 2.241035 -15.841755 -0.710369 -0.037432 -0.026304 0.798911 0.599707
 1717149708.143428 2.327329 -15.875658 -0.705771 -0.030165 -0.011402 0.796702 0.603512
 1717149708.243491 2.410658 -15.908878 -0.714446 -0.035774 -0.011448 0.790638 0.611130
 1717149708.341603 2.501403 -15.944850 -0.726708 -0.032621 -0.020974 0.787167 0.615519
 1717149708.443397 2.591718 -15.978798 -0.727649 -0.039602 -0.029365 0.778153 0.626137
 1717149708.543444 2.683776 -16.014146 -0.716537 -0.035842 -0.035085 0.776089 0.628626
 1717149708.643502 2.770426 -16.051765 -0.706942 -0.031865 -0.034312 0.771186 0.634885
 1717149708.743455 2.857605 -16.090843 -0.706612 -0.012218 -0.032593 0.773558 0.632769
 1717149708.843293 2.944150 -16.131277 -0.715258 -0.016229 -0.035058 0.772467 0.633879
 1717149708.943439 3.033369 -16.173548 -0.724551 -0.025398 -0.030467 0.777066 0.628167
 1717149709.043425 3.118798 -16.214740 -0.725462 -0.032856 -0.022446 0.784403 0.618974
 1717149709.141841 3.204341 -16.256517 -0.715856 -0.038351 -0.020070 0.791725 0.609342
 1717149709.243769 3.288472 -16.291511 -0.702983 -0.046724 -0.014790 0.800599 0.597193
 1717149709.343421 3.373295 -16.324477 -0.703083 -0.047662 -0.016407 0.800637 0.597026
 1717149709.443385 3.461229 -16.359471 -0.709687 -0.048360 -0.019647 0.796952 0.601783
 1717149709.543832 3.551917 -16.393333 -0.718601 -0.044669 -0.022838 0.786155 0.615989
 1717149709.644040 3.641266 -16.427332 -0.715220 -0.038929 -0.022647 0.775770 0.629406
 1717149709.743615 3.729365 -16.463229 -0.708576 -0.035261 -0.024707 0.767744 0.639308
 1717149709.844073 3.818248 -16.500391 -0.702441 -0.019801 -0.017151 0.766016 0.642288
 1717149709.943698 3.901640 -16.538865 -0.706932 -0.025745 -0.025742 0.761642 0.646975
 1717149710.043349 3.986880 -16.581430 -0.717396 -0.036050 -0.033037 0.761165 0.646712
 1717149710.143395 4.074592 -16.626476 -0.722673 -0.044876 -0.029559 0.766586 0.639890
 1717149710.243479 4.162203 -16.671915 -0.715277 -0.044974 -0.026758 0.764881 0.642043
 1717149710.343874 4.247904 -16.715564 -0.706079 -0.046865 -0.031213 0.772319 0.632734
 1717149710.444817 4.338789 -16.751143 -0.702684 -0.036304 -0.020905 0.780060 0.624301
 1717149710.541877 4.430591 -16.783933 -0.710831 -0.031240 -0.016863 0.778913 0.626126
 1717149710.643368 4.520884 -16.815801 -0.722452 -0.032708 -0.027174 0.780115 0.624190
 1717149710.745293 4.609934 -16.846590 -0.728648 -0.037664 -0.041415 0.770232 0.635302
 1717149710.843382 4.700305 -16.874939 -0.719957 -0.040213 -0.042610 0.768665 0.636963
 1717149710.943479 4.789339 -16.905134 -0.707351 -0.040060 -0.030760 0.771817 0.633836
 1717149711.043373 4.875590 -16.937260 -0.702733 -0.030954 -0.028682 0.777972 0.626880
 1717149711.143742 4.959107 -16.972274 -0.710729 -0.037696 -0.037259 0.776434 0.627966
 1717149711.243705 5.046819 -17.013453 -0.721105 -0.028751 -0.035930 0.780541 0.623408
 1717149711.344208 5.136624 -17.055079 -0.723977 -0.034440 -0.025852 0.786304 0.616338
 1717149711.443465 5.225219 -17.096600 -0.716532 -0.029991 -0.011910 0.791169 0.610745
 1717149711.543643 5.312886 -17.131863 -0.710656 -0.025971 -0.006097 0.798450 0.601470
 1717149711.643329 5.401434 -17.162812 -0.713943 -0.026920 -0.002479 0.798730 0.601082
 1717149711.743339 5.489502 -17.195715 -0.721497 -0.025744 -0.004570 0.798474 0.601462
 1717149711.843288 5.575788 -17.230692 -0.735343 -0.030167 -0.019635 0.790544 0.611346
 1717149711.944371 5.664071 -17.266744 -0.737817 -0.025042 -0.020073 0.787001 0.616117
 1717149712.043331 5.750548 -17.304869 -0.731129 -0.017877 -0.013902 0.771316 0.636049
 1717149712.143348 5.832008 -17.348622 -0.723833 -0.010551 -0.010113 0.763148 0.646059
 1717149712.243395 5.911307 -17.391282 -0.726147 -0.023978 -0.026404 0.763221 0.645153
 1717149712.343427 5.991213 -17.434367 -0.730146 -0.030262 -0.027220 0.765904 0.641665
 1717149712.443429 6.073802 -17.478984 -0.735549 -0.039846 -0.028298 0.774181 0.631075
 1717149712.543662 6.156500 -17.521429 -0.729827 -0.044689 -0.020390 0.780610 0.623086
 1717149712.643512 6.237719 -17.558753 -0.720612 -0.050218 -0.015860 0.788831 0.612349
 1717149712.743361 6.321327 -17.591967 -0.716129 -0.036714 -0.005099 0.795760 0.604477
 1717149712.843627 6.402713 -17.622842 -0.721795 -0.039171 -0.010508 0.794634 0.605732
 1717149712.943464 6.485552 -17.653921 -0.733176 -0.050436 -0.018541 0.792422 0.607602
 1717149713.043418 6.570632 -17.685245 -0.737095 -0.053401 -0.024239 0.780238 0.622727
 1717149713.143864 6.657239 -17.720885 -0.729280 -0.038640 -0.025809 0.767306 0.639596
 1717149713.243382 6.737407 -17.757919 -0.724470 -0.036833 -0.026493 0.753402 0.655992
 1717149713.343533 6.816711 -17.798674 -0.724802 -0.027733 -0.028248 0.751064 0.659042
 1717149713.443680 6.895133 -17.839304 -0.730273 -0.038393 -0.038539 0.749153 0.660160
 1717149713.543391 6.976454 -17.882538 -0.735429 -0.045305 -0.040066 0.754463 0.653551
 1717149713.643206 7.057873 -17.923928 -0.738844 -0.062296 -0.039681 0.764254 0.640672
 1717149713.748013 7.138773 -17.963847 -0.728477 -0.064918 -0.027893 0.777437 0.624979
 1717149713.843360 7.221102 -17.996850 -0.719947 -0.054961 -0.019442 0.788280 0.612548
 1717149713.942126 7.309860 -18.028441 -0.725599 -0.041868 -0.018816 0.792589 0.608026
 1717149714.043558 7.396894 -18.061189 -0.735128 -0.037588 -0.014553 0.792946 0.607957
 1717149714.143212 7.483043 -18.093487 -0.747708 -0.044054 -0.022952 0.786432 0.615677
 1717149714.244868 7.568415 -18.124816 -0.748756 -0.047606 -0.024802 0.779108 0.624588
 1717149714.343367 7.651321 -18.156795 -0.739348 -0.042809 -0.028219 0.770925 0.634859
 1717149714.443265 7.729711 -18.189083 -0.730581 -0.045062 -0.030668 0.767799 0.638368
 1717149714.543037 7.810363 -18.222756 -0.729761 -0.029405 -0.033270 0.776688 0.628319
 1717149714.643225 7.887805 -18.252522 -0.735140 -0.040150 -0.037822 0.780468 0.622758
 1717149714.743200 7.966093 -18.285829 -0.743333 -0.047314 -0.041957 0.794385 0.604114
 1717149714.843231 8.047234 -18.315751 -0.745593 -0.061783 -0.040648 0.812631 0.578067
 1717149714.943233 8.129817 -18.338737 -0.732426 -0.054015 -0.028381 0.832104 0.551252
 1717149715.043159 8.205097 -18.352161 -0.721043 -0.069349 -0.030436 0.852925 0.516510
 1717149715.143288 8.283198 -18.352932 -0.716106 -0.058342 -0.021255 0.872871 0.483984
 1717149715.243551 8.355920 -18.349832 -0.720446 -0.063871 -0.030864 0.884199 0.461693
 1717149715.343814 8.434106 -18.342517 -0.727588 -0.062585 -0.037531 0.897590 0.434750
 1717149715.443204 8.511592 -18.331665 -0.728378 -0.073049 -0.046955 0.897137 0.433133
 1717149715.543911 8.592423 -18.322218 -0.720448 -0.065320 -0.049573 0.900822 0.426375
 1717149715.643165 8.668319 -18.312282 -0.711087 -0.063674 -0.053215 0.905192 0.416823
 1717149715.743168 8.745821 -18.297768 -0.706451 -0.058692 -0.049629 0.917615 0.389969
 1717149715.843214 8.822889 -18.275611 -0.707649 -0.062249 -0.052261 0.927388 0.365164
 1717149715.943178 8.909281 -18.250779 -0.715094 -0.056344 -0.052515 0.939248 0.334486
 1717149716.043216 8.994687 -18.225827 -0.719801 -0.054600 -0.046987 0.948682 0.307918
 1717149716.143195 9.078241 -18.201596 -0.713869 -0.059981 -0.044613 0.957707 0.277865
 1717149716.243140 9.155536 -18.172392 -0.702323 -0.059839 -0.049532 0.966354 0.245204
 1717149716.343330 9.224867 -18.135746 -0.693379 -0.058136 -0.043949 0.972335 0.221932
 1717149716.443184 9.293580 -18.094272 -0.694038 -0.056077 -0.046064 0.976183 0.204450
 1717149716.543128 9.362062 -18.047528 -0.699583 -0.053752 -0.050711 0.978407 0.193025
 1717149716.643124 9.429381 -17.999029 -0.702795 -0.053154 -0.057780 0.976456 0.200921
 1717149716.743111 9.495224 -17.952628 -0.695592 -0.046106 -0.061064 0.976621 0.200891
 1717149716.843146 9.559137 -17.907621 -0.684074 -0.045425 -0.067106 0.976149 0.201410
 1717149716.943011 9.625447 -17.861509 -0.675851 -0.042273 -0.062361 0.978967 0.189601
 1717149717.043152 9.693141 -17.815853 -0.675676 -0.035641 -0.067489 0.979842 0.184619
 1717149717.143629 9.766125 -17.767651 -0.680582 -0.031923 -0.067109 0.982551 0.170500
 1717149717.243080 9.840873 -17.717372 -0.684146 -0.038405 -0.060089 0.985376 0.154755
 1717149717.343297 9.914424 -17.665732 -0.674623 -0.046423 -0.053680 0.988171 0.135945
 1717149717.443189 9.984922 -17.613871 -0.663259 -0.053914 -0.053978 0.990208 0.116908
 1717149717.543289 10.048213 -17.559140 -0.653521 -0.057350 -0.041122 0.992265 0.102127
 1717149717.643673 10.111420 -17.503671 -0.654048 -0.052168 -0.044436 0.992595 0.100295
 1717149717.743355 10.177395 -17.448313 -0.659501 -0.047995 -0.052224 0.992679 0.097759
 1717149717.843134 10.240749 -17.391172 -0.662488 -0.048086 -0.055419 0.991279 0.109461
 1717149717.942954 10.304364 -17.333244 -0.654222 -0.051163 -0.053007 0.990524 0.115906
 1717149718.044008 10.367083 -17.278376 -0.643524 -0.050632 -0.059559 0.989526 0.121359
 1717149718.143051 10.431473 -17.220625 -0.635513 -0.039737 -0.053139 0.991731 0.109850
 1717149718.243138 10.494911 -17.163220 -0.634431 -0.039023 -0.055042 0.992251 0.104332
 1717149718.343317 10.562119 -17.105533 -0.636689 -0.042934 -0.058584 0.992746 0.095814
 1717149718.443744 10.631537 -17.051219 -0.636121 -0.047397 -0.058498 0.993593 0.084283
 1717149718.543164 10.701404 -16.995351 -0.627278 -0.059120 -0.057764 0.994329 0.066911
 1717149718.643090 10.764359 -16.937539 -0.615945 -0.068050 -0.062758 0.994743 0.043777
 1717149718.743207 10.824394 -16.870787 -0.608658 -0.056159 -0.048281 0.996813 0.029654
 1717149718.843019 10.883415 -16.802447 -0.610406 -0.048739 -0.045626 0.997386 0.027651
 1717149718.943048 10.939503 -16.733494 -0.613654 -0.049080 -0.051818 0.996962 0.031174
 1717149719.043186 10.992133 -16.666723 -0.613842 -0.052748 -0.063959 0.995650 0.042531
 1717149719.143154 11.043443 -16.602930 -0.602272 -0.050852 -0.068891 0.995176 0.047880
 1717149719.243210 11.093503 -16.543285 -0.588445 -0.046883 -0.066757 0.995377 0.050700
 1717149719.340059 11.149452 -16.480986 -0.582622 -0.037335 -0.063575 0.996391 0.042063
 1717149719.443094 11.206610 -16.419154 -0.582545 -0.041406 -0.066257 0.996199 0.038516
 1717149719.543512 11.269978 -16.354283 -0.585780 -0.041489 -0.060431 0.996929 0.027564
 1717149719.643133 11.332654 -16.290420 -0.584016 -0.050058 -0.055286 0.997068 0.017104
 1717149719.743104 11.392395 -16.229277 -0.571212 -0.058232 -0.051915 0.996929 -0.006773
 1717149719.843164 11.447800 -16.168669 -0.561015 -0.068152 -0.056948 0.995562 -0.031129
 1717149719.943160 11.498890 -16.104020 -0.557681 -0.059396 -0.040032 0.996403 -0.045276
 1717149720.043124 11.551885 -16.036567 -0.561555 -0.050638 -0.036113 0.997091 -0.044049
 1717149720.142974 11.602603 -15.968679 -0.566177 -0.047420 -0.040137 0.997156 -0.042658
 1717149720.242995 11.649627 -15.899732 -0.565157 -0.052878 -0.050047 0.996844 -0.031637
 1717149720.343120 11.694857 -15.829461 -0.553238 -0.052235 -0.053661 0.996794 -0.028172
 1717149720.443058 11.739290 -15.762392 -0.540344 -0.052289 -0.060605 0.996347 -0.029749
 1717149720.542943 11.783845 -15.693682 -0.533110 -0.044079 -0.051431 0.997141 -0.033485
 1717149720.643061 11.830666 -15.623063 -0.532392 -0.039393 -0.054924 0.997025 -0.037039
 1717149720.742997 11.882003 -15.549563 -0.535938 -0.034268 -0.055439 0.996699 -0.048400
 1717149720.843193 11.931595 -15.474013 -0.535760 -0.042772 -0.056868 0.995703 -0.059269
 1717149720.943115 11.977707 -15.401355 -0.528559 -0.062955 -0.068870 0.992278 -0.081714
 1717149721.042959 12.021837 -15.325715 -0.518891 -0.067197 -0.062852 0.990467 -0.102512
 1717149721.143473 12.063743 -15.247495 -0.511019 -0.054939 -0.049412 0.991251 -0.109371
 1717149721.242905 12.103480 -15.170245 -0.508251 -0.054767 -0.051878 0.991117 -0.109528
 1717149721.342930 12.141323 -15.089631 -0.510172 -0.056469 -0.060347 0.991271 -0.102722
 1717149721.443066 12.176263 -15.008508 -0.510302 -0.055262 -0.071221 0.991774 -0.090878
 1717149721.542977 12.209809 -14.927218 -0.500589 -0.053287 -0.075694 0.991832 -0.087749
 1717149721.643303 12.243364 -14.846398 -0.487453 -0.052422 -0.069355 0.992852 -0.081771
 1717149721.743226 12.281129 -14.765318 -0.480131 -0.041355 -0.058950 0.993821 -0.084464
 1717149721.843040 12.319466 -14.687127 -0.480584 -0.039251 -0.067631 0.993328 -0.084759
 1717149721.942945 12.361236 -14.606650 -0.484731 -0.039560 -0.068592 0.992709 -0.090880
 1717149722.043096 12.404344 -14.528183 -0.484590 -0.051358 -0.071488 0.990909 -0.101743
 1717149722.143020 12.447370 -14.447164 -0.471318 -0.054644 -0.069423 0.989106 -0.117746
 1717149722.243058 12.484152 -14.362856 -0.456382 -0.063773 -0.075773 0.984747 -0.143058
 1717149722.343375 12.512112 -14.278126 -0.448640 -0.064120 -0.054158 0.985012 -0.150687
 1717149722.442883 12.541010 -14.192667 -0.451283 -0.054810 -0.050348 0.985511 -0.152409
 1717149722.542783 12.568546 -14.110199 -0.456366 -0.050280 -0.052824 0.986487 -0.146714
 1717149722.642886 12.592573 -14.030616 -0.454183 -0.059479 -0.065152 0.988296 -0.124451
 1717149722.743050 12.621598 -13.951563 -0.439321 -0.045882 -0.058127 0.991762 -0.104522
 1717149722.843028 12.652962 -13.875241 -0.424983 -0.047505 -0.065142 0.992308 -0.093940
 1717149722.942933 12.688446 -13.799857 -0.417630 -0.038409 -0.055209 0.993183 -0.095204
 1717149723.043001 12.722889 -13.726449 -0.418504 -0.036477 -0.062537 0.992948 -0.093880
 1717149723.142909 12.759315 -13.648931 -0.422572 -0.038150 -0.067690 0.991894 -0.100545
 1717149723.242999 12.797550 -13.570997 -0.423499 -0.044041 -0.073798 0.989787 -0.113732
 1717149723.343671 12.832251 -13.497675 -0.411619 -0.055142 -0.083585 0.986652 -0.128417
 1717149723.442875 12.860309 -13.423362 -0.394839 -0.063987 -0.082178 0.983622 -0.147104
 1717149723.542787 12.885818 -13.344620 -0.387838 -0.063357 -0.074456 0.983375 -0.153023
 1717149723.643005 12.915918 -13.265602 -0.390631 -0.060522 -0.065506 0.984218 -0.152842
 1717149723.742978 12.946746 -13.186490 -0.398673 -0.053296 -0.068332 0.985839 -0.143569
 1717149723.843006 12.973373 -13.111050 -0.399068 -0.053879 -0.077969 0.986500 -0.133548
 1717149723.942943 12.998743 -13.033991 -0.385694 -0.048048 -0.078171 0.987902 -0.125020
 1717149724.043100 13.023107 -12.958396 -0.375484 -0.047028 -0.082152 0.988084 -0.121368
 1717149724.142847 13.047472 -12.881423 -0.368911 -0.037712 -0.064902 0.988971 -0.127680
 1717149724.242880 13.073049 -12.804826 -0.370449 -0.032683 -0.067623 0.988092 -0.134284
 1717149724.342875 13.098707 -12.725035 -0.376131 -0.035509 -0.068454 0.986351 -0.145483
 1717149724.443031 13.125128 -12.642797 -0.379015 -0.045106 -0.061776 0.984498 -0.157840
 1717149724.543055 13.149235 -12.562660 -0.370976 -0.053220 -0.064950 0.980601 -0.177120
 1717149724.643062 13.164514 -12.482075 -0.357739 -0.057609 -0.063232 0.975686 -0.201791
 1717149724.742950 13.167408 -12.401747 -0.346962 -0.062293 -0.047911 0.971597 -0.223213
 1717149724.844538 13.166139 -12.323865 -0.346516 -0.065102 -0.056170 0.965315 -0.246524
 1717149724.942803 13.160157 -12.243797 -0.349981 -0.062366 -0.063709 0.958081 -0.272274
 1717149725.042987 13.147536 -12.165588 -0.352051 -0.060510 -0.074105 0.952222 -0.290035
 1717149725.143002 13.130426 -12.087901 -0.348243 -0.059542 -0.076557 0.943763 -0.316079
 1717149725.243047 13.111778 -12.009430 -0.339245 -0.053166 -0.067292 0.934958 -0.344236
 1717149725.343067 13.091911 -11.933508 -0.332582 -0.042138 -0.065318 0.922598 -0.377849
 1717149725.443021 13.066991 -11.858149 -0.331294 -0.035831 -0.061846 0.909256 -0.410055
 1717149725.542815 13.040634 -11.781625 -0.333522 -0.036452 -0.061394 0.893890 -0.442564
 1717149725.642921 13.013962 -11.706477 -0.336727 -0.038266 -0.064669 0.877184 -0.474237
 1717149725.743014 12.984574 -11.631930 -0.330499 -0.042204 -0.065981 0.856071 -0.510889
 1717149725.842859 12.948809 -11.563137 -0.318472 -0.042200 -0.070769 0.832660 -0.547621
 1717149725.943112 12.902305 -11.498689 -0.308381 -0.045382 -0.052820 0.815447 -0.574628
 1717149726.042885 12.853595 -11.438251 -0.309248 -0.040188 -0.053473 0.798638 -0.598082
 1717149726.143028 12.801372 -11.380734 -0.316018 -0.036862 -0.059831 0.779206 -0.622816
 1717149726.243034 12.744722 -11.323454 -0.321517 -0.036027 -0.066067 0.769393 -0.634327
 1717149726.343041 12.684666 -11.266785 -0.317109 -0.036860 -0.069669 0.763880 -0.640527
 1717149726.442983 12.626548 -11.211792 -0.306337 -0.036622 -0.067006 0.757381 -0.648493
 1717149726.542747 12.567290 -11.156473 -0.299829 -0.033004 -0.056415 0.743410 -0.665635
 1717149726.643073 12.507866 -11.101724 -0.303793 -0.019766 -0.056087 0.730914 -0.679874
 1717149726.742954 12.442285 -11.042207 -0.312422 -0.013335 -0.051154 0.712510 -0.699668
 1717149726.842878 12.372263 -10.983145 -0.319319 -0.015607 -0.047612 0.693335 -0.718871
 1717149726.942842 12.298073 -10.927834 -0.318388 -0.025989 -0.056188 0.666502 -0.742929
 1717149727.042974 12.219395 -10.879129 -0.309263 -0.034534 -0.048262 0.639203 -0.766745
 1717149727.143034 12.138010 -10.836056 -0.302698 -0.034179 -0.037439 0.612082 -0.789167
 1717149727.242976 12.056132 -10.794382 -0.304178 -0.031806 -0.038287 0.596078 -0.801383
 1717149727.342776 11.973315 -10.749669 -0.311447 -0.024880 -0.041819 0.592352 -0.804208
 1717149727.443082 11.891978 -10.703869 -0.316640 -0.020700 -0.050524 0.602960 -0.795901
 1717149727.543791 11.809001 -10.659524 -0.315577 -0.018695 -0.024831 0.605428 -0.795293
 1717149727.642964 11.723402 -10.616987 -0.310716 -0.019301 -0.003746 0.602260 -0.798058
 1717149727.743056 11.642489 -10.573242 -0.307673 -0.016929 -0.014126 0.598256 -0.801002
 1717149727.843204 11.568277 -10.525895 -0.308836 -0.019035 -0.031370 0.593490 -0.804004
 1717149727.942749 11.492639 -10.467860 -0.312748 -0.020597 -0.036720 0.581619 -0.812371
 1717149728.042942 11.416420 -10.409690 -0.312304 -0.021828 -0.046976 0.568782 -0.820855
 1717149728.142761 11.333374 -10.355884 -0.300680 -0.042556 -0.031390 0.555345 -0.829937
 1717149728.242917 11.252886 -10.311013 -0.295361 -0.049151 -0.032560 0.544708 -0.836551
 1717149728.342919 11.174564 -10.264774 -0.296841 -0.040130 -0.025777 0.541939 -0.839064
 1717149728.442986 11.095460 -10.221204 -0.304639 -0.029451 -0.029232 0.539479 -0.840976
 1717149728.543066 11.013505 -10.183666 -0.309548 -0.030649 -0.039705 0.549479 -0.834001
 1717149728.642900 10.933254 -10.141216 -0.304029 -0.021216 -0.046633 0.569002 -0.820739
 1717149728.742968 10.855534 -10.091008 -0.293216 -0.008556 -0.037877 0.582360 -0.812003
 1717149728.842910 10.783510 -10.042189 -0.287195 -0.004971 -0.037593 0.594852 -0.802940
 1717149728.943317 10.713396 -9.992726 -0.287252 -0.001713 -0.037734 0.599544 -0.799450
 1717149729.042817 10.639677 -9.938091 -0.292703 -0.003345 -0.038613 0.598020 -0.800543
 1717149729.142953 10.565191 -9.879876 -0.298153 -0.006001 -0.038296 0.593503 -0.803898
 1717149729.242884 10.491183 -9.822913 -0.292042 -0.012084 -0.040950 0.585683 -0.809415
 1717149729.343033 10.418864 -9.771510 -0.279687 -0.010324 -0.046226 0.580745 -0.812706
 1717149729.442972 10.345182 -9.727950 -0.271554 -0.016882 -0.042431 0.580095 -0.813268
 1717149729.543064 10.274892 -9.683486 -0.274714 -0.012901 -0.051321 0.586391 -0.808298
 1717149729.643976 10.201683 -9.636865 -0.282157 -0.008268 -0.054475 0.594766 -0.802008
 1717149729.743096 10.125248 -9.589720 -0.285902 -0.005856 -0.052273 0.616279 -0.785770
 1717149729.843081 10.048052 -9.538160 -0.278454 -0.006395 -0.035749 0.635826 -0.770977
 1717149729.943437 9.974759 -9.483512 -0.274656 -0.002176 -0.038590 0.648783 -0.759991
 1717149730.042917 9.903221 -9.431142 -0.272302 -0.002625 -0.025634 0.658246 -0.752362
 1717149730.142892 9.834415 -9.376556 -0.277167 0.003467 -0.029105 0.662780 -0.748240
 1717149730.243023 9.763999 -9.320478 -0.283816 0.005161 -0.040388 0.656460 -0.753261
 1717149730.342977 9.691210 -9.265358 -0.284885 0.001021 -0.045684 0.646030 -0.761943
 1717149730.443962 9.616568 -9.213919 -0.271110 -0.003789 -0.043404 0.635374 -0.770974
 1717149730.542747 9.542572 -9.168402 -0.257318 -0.008179 -0.045085 0.628779 -0.776233
 1717149730.642889 9.470537 -9.123939 -0.250924 -0.004571 -0.045142 0.628604 -0.776401
 1717149730.742949 9.401066 -9.079297 -0.257906 0.001698 -0.056629 0.634105 -0.771169
 1717149730.842908 9.330566 -9.031867 -0.266001 0.005894 -0.058653 0.651094 -0.756704
 1717149730.943371 9.261274 -8.981676 -0.266553 0.008882 -0.059977 0.675667 -0.734710
 1717149731.043059 9.195178 -8.931159 -0.258897 0.010022 -0.057552 0.701893 -0.709883
 1717149731.142907 9.132039 -8.878638 -0.254196 0.001692 -0.050701 0.721098 -0.690973
 1717149731.242899 9.069450 -8.816960 -0.255880 0.007173 -0.034595 0.732486 -0.679864
 1717149731.344754 9.010266 -8.752626 -0.264528 0.009549 -0.041953 0.742166 -0.668834
 1717149731.443377 8.949548 -8.684853 -0.269153 0.004940 -0.045899 0.745226 -0.665212
 1717149731.543067 8.887226 -8.618614 -0.265633 -0.001521 -0.057249 0.740939 -0.669126
 1717149731.643000 8.822487 -8.556675 -0.250030 -0.008251 -0.056444 0.736823 -0.673674
 1717149731.743418 8.756209 -8.500781 -0.241104 -0.016850 -0.051803 0.733596 -0.677399
 1717149731.843343 8.692382 -8.445005 -0.242896 -0.016673 -0.047464 0.738730 -0.672122
 1717149731.942962 8.626942 -8.383818 -0.251288 -0.015202 -0.046844 0.745247 -0.664968
 1717149732.043150 8.563331 -8.325413 -0.259006 -0.012355 -0.056158 0.757201 -0.650646
 1717149732.147924 8.500919 -8.263791 -0.256081 -0.008949 -0.055620 0.773026 -0.631868
 1717149732.242986 8.440318 -8.200386 -0.242807 -0.003321 -0.055527 0.786040 -0.615668
 1717149732.343282 8.381117 -8.138344 -0.233061 -0.004068 -0.054411 0.790629 -0.609860
 1717149732.443342 8.317676 -8.072149 -0.229951 -0.006780 -0.052980 0.793861 -0.605749
 1717149732.542925 8.254443 -8.002531 -0.234740 0.000088 -0.052249 0.793127 -0.606811
 1717149732.643314 8.189558 -7.934521 -0.240974 -0.003333 -0.057609 0.786872 -0.614412
 1717149732.742984 8.127303 -7.871299 -0.237122 -0.004839 -0.071467 0.776387 -0.626173
 1717149732.843518 8.064712 -7.812307 -0.226246 -0.000101 -0.075377 0.764341 -0.640391
 1717149732.945039 7.997042 -7.755254 -0.216705 -0.002854 -0.058045 0.757561 -0.650173
 1717149733.043032 7.924488 -7.698673 -0.219458 -0.009322 -0.052832 0.757713 -0.650379
 1717149733.143117 7.852757 -7.642004 -0.224315 -0.012422 -0.051038 0.761192 -0.646396
 1717149733.243314 7.785204 -7.587006 -0.230256 -0.005326 -0.067380 0.770954 -0.633294
 1717149733.342541 7.721760 -7.530693 -0.223042 -0.004918 -0.062537 0.785193 -0.616065
 1717149733.443024 7.664202 -7.471712 -0.218667 -0.000016 -0.068457 0.795713 -0.601792
 1717149733.543284 7.605588 -7.411313 -0.210225 -0.005659 -0.052174 0.800237 -0.597383
 1717149733.643023 7.542300 -7.348090 -0.215645 0.003415 -0.045719 0.803781 -0.593156
 1717149733.743035 7.474474 -7.284612 -0.225289 0.003127 -0.046050 0.795473 -0.604229
 1717149733.843322 7.405289 -7.220413 -0.229934 -0.004052 -0.055753 0.781645 -0.621214
 1717149733.943531 7.336047 -7.157174 -0.218348 -0.001773 -0.060276 0.767123 -0.638660
 1717149734.042898 7.264428 -7.097440 -0.207284 -0.002307 -0.071144 0.746822 -0.661203
 1717149734.143358 7.188367 -7.044757 -0.200332 -0.013481 -0.054237 0.732606 -0.678354
 1717149734.243273 7.109562 -6.991211 -0.207725 -0.014316 -0.045672 0.726868 -0.685107
 1717149734.343143 7.032265 -6.938190 -0.217691 -0.009380 -0.047025 0.724718 -0.687375
 1717149734.443041 6.957268 -6.883705 -0.222314 -0.006697 -0.050543 0.733874 -0.677369
 1717149734.543158 6.884810 -6.827202 -0.212407 -0.009743 -0.045633 0.745089 -0.665331
 1717149734.642924 6.816133 -6.770520 -0.199284 -0.015486 -0.054234 0.753985 -0.654465
 1717149734.743268 6.747379 -6.711720 -0.191438 -0.022240 -0.040195 0.758420 -0.650145
 1717149734.842949 6.678359 -6.649272 -0.198921 -0.015570 -0.038914 0.762553 -0.645566
 1717149734.943419 6.609352 -6.586671 -0.209591 -0.008831 -0.041373 0.759443 -0.649196
 1717149735.043312 6.534842 -6.525876 -0.212000 -0.009967 -0.055793 0.746390 -0.663091
 1717149735.144634 6.454685 -6.468111 -0.200902 -0.016328 -0.053795 0.740259 -0.669967
 1717149735.243753 6.372899 -6.415732 -0.190793 -0.019208 -0.047618 0.723198 -0.688730
 1717149735.342591 6.284144 -6.364328 -0.188297 -0.030649 -0.035190 0.717312 -0.695187
 1717149735.442966 6.197970 -6.312591 -0.195497 -0.036565 -0.040770 0.718150 -0.693731
 1717149735.543473 6.113756 -6.259712 -0.203417 -0.032177 -0.047991 0.728727 -0.682363
 1717149735.643152 6.037657 -6.203401 -0.197802 -0.021178 -0.057939 0.745672 -0.663451
 1717149735.742904 5.965192 -6.147459 -0.184833 -0.015282 -0.058012 0.753732 -0.654438
 1717149735.843365 5.894259 -6.092288 -0.179047 -0.020998 -0.047335 0.760602 -0.647150
 1717149735.943280 5.820548 -6.034733 -0.184466 -0.009888 -0.034333 0.763034 -0.645370
 1717149736.043363 5.742956 -5.976390 -0.195871 -0.003159 -0.041852 0.761536 -0.646763
 1717149736.142551 5.660807 -5.918138 -0.202430 -0.007362 -0.050648 0.746443 -0.663478
 1717149736.243180 5.572261 -5.861709 -0.193430 -0.012412 -0.050106 0.732620 -0.678678
 1717149736.344281 5.487217 -5.813514 -0.177883 -0.009175 -0.057058 0.709353 -0.702480
 1717149736.443216 5.398108 -5.773269 -0.169475 -0.021321 -0.058436 0.695313 -0.716010
 1717149736.542980 5.308440 -5.731123 -0.172524 -0.024763 -0.065743 0.688076 -0.722230
 1717149736.644327 5.222705 -5.684550 -0.180896 -0.018966 -0.068514 0.693480 -0.716960
 1717149736.743358 5.140429 -5.634415 -0.184018 -0.011980 -0.076688 0.710834 -0.699064
 1717149736.844486 5.063648 -5.583463 -0.174966 -0.002631 -0.081149 0.726686 -0.682155
 1717149736.943142 4.991603 -5.534273 -0.163466 -0.007007 -0.080009 0.733030 -0.675438
 1717149737.043338 4.913430 -5.481263 -0.161201 -0.010645 -0.056749 0.741176 -0.668823
 1717149737.143270 4.835103 -5.424634 -0.174528 0.000580 -0.054595 0.744658 -0.665209
 1717149737.244185 4.754145 -5.365279 -0.187650 0.007704 -0.064561 0.735388 -0.674520
 1717149737.343121 4.669087 -5.310034 -0.186057 0.003337 -0.077955 0.727963 -0.681162
 1717149737.443128 4.578923 -5.257045 -0.169855 -0.001451 -0.063757 0.722906 -0.687997
 1717149737.543346 4.487206 -5.209164 -0.159832 -0.013464 -0.059667 0.712492 -0.699009
 1717149737.643217 4.393857 -5.164768 -0.162764 -0.026794 -0.048567 0.707339 -0.704695
 1717149737.743040 4.304199 -5.119412 -0.174528 -0.027358 -0.052832 0.709527 -0.702162
 1717149737.843344 4.217089 -5.076228 -0.183322 -0.023422 -0.060723 0.713392 -0.697737
 1717149737.943570 4.129990 -5.031467 -0.178250 -0.020536 -0.058659 0.721845 -0.689258
 1717149738.043142 4.045352 -4.984849 -0.168447 -0.023470 -0.058140 0.721651 -0.689411
 1717149738.143154 3.959899 -4.935263 -0.163989 -0.027122 -0.030324 0.717908 -0.694948
 1717149738.243134 3.872673 -4.884505 -0.174595 -0.019958 -0.025329 0.718662 -0.694612
 1717149738.343165 3.782754 -4.828204 -0.186163 -0.014144 -0.028230 0.719796 -0.693467
 1717149738.443661 3.693303 -4.771078 -0.189135 -0.016641 -0.039155 0.706055 -0.706878
 1717149738.542503 3.598278 -4.717503 -0.177114 -0.022107 -0.037250 0.696604 -0.716147
 1717149738.644354 3.507015 -4.671957 -0.166327 -0.019850 -0.035243 0.682998 -0.729300
 1717149738.742374 3.415133 -4.629302 -0.162849 -0.028708 -0.029077 0.674997 -0.736688
 1717149738.843294 3.326369 -4.585647 -0.170777 -0.028061 -0.039929 0.673431 -0.737638
 1717149738.944282 3.237532 -4.541248 -0.179294 -0.025145 -0.045119 0.681409 -0.730078
 1717149739.044321 3.152532 -4.493195 -0.177475 -0.014722 -0.051307 0.696390 -0.715676
 1717149739.147357 3.068343 -4.439254 -0.166456 -0.011420 -0.049330 0.705976 -0.706424
 1717149739.245398 2.987722 -4.384049 -0.152896 -0.019114 -0.042296 0.712763 -0.699868
 1717149739.343839 2.911871 -4.325391 -0.153961 -0.007473 -0.040635 0.721587 -0.691090
 1717149739.443068 2.836188 -4.264332 -0.163348 -0.001853 -0.050364 0.722321 -0.689719
 1717149739.542398 2.754973 -4.203122 -0.169409 -0.008488 -0.055443 0.712931 -0.698988
 1717149739.643229 2.668916 -4.149321 -0.156559 -0.018265 -0.064623 0.701513 -0.709486
 1717149739.743121 2.582094 -4.100138 -0.142268 -0.018771 -0.064495 0.680325 -0.729826
 1717149739.844292 2.492316 -4.055975 -0.138982 -0.026338 -0.049600 0.672543 -0.737924
 1717149739.943351 2.403275 -4.009282 -0.148913 -0.028672 -0.049062 0.673530 -0.736972
 1717149740.043924 2.313215 -3.956984 -0.161987 -0.024387 -0.050399 0.685620 -0.725803
 1717149740.144334 2.228354 -3.903509 -0.162772 -0.017768 -0.057474 0.700424 -0.711187
 1717149740.243350 2.144803 -3.850725 -0.153108 -0.017141 -0.051823 0.710765 -0.701309
 1717149740.342518 2.064984 -3.798630 -0.142493 -0.030565 -0.045827 0.719292 -0.692521
 1717149740.444315 1.988706 -3.744842 -0.144719 -0.026286 -0.023771 0.724104 -0.688779
 1717149740.543220 1.913001 -3.686962 -0.155958 -0.018982 -0.025759 0.721067 -0.692126
 1717149740.643059 1.833269 -3.629032 -0.165290 -0.024636 -0.032167 0.716615 -0.696291
 1717149740.744811 1.753052 -3.570990 -0.159543 -0.025595 -0.050268 0.712512 -0.699389
 1717149740.844251 1.674424 -3.513917 -0.145327 -0.017821 -0.050651 0.698595 -0.713499
 1717149740.944690 1.592259 -3.464939 -0.136604 -0.031193 -0.037770 0.692346 -0.719901
 1717149741.043058 1.510442 -3.415188 -0.139163 -0.037948 -0.036402 0.690047 -0.721852
 1717149741.144188 1.432609 -3.361378 -0.147381 -0.029988 -0.043524 0.696199 -0.715901
 1717149741.244239 1.356950 -3.307931 -0.151435 -0.021661 -0.054846 0.709546 -0.702187
 1717149741.349187 1.286384 -3.253553 -0.142515 -0.014809 -0.073155 0.727576 -0.681954
 1717149741.444315 1.216952 -3.194427 -0.128058 -0.021105 -0.070662 0.735784 -0.673189
 1717149741.544220 1.148163 -3.129115 -0.123017 -0.023800 -0.046960 0.752152 -0.656884
 1717149741.643183 1.078886 -3.060030 -0.130388 -0.016457 -0.039951 0.758140 -0.650659
 1717149741.744229 1.009604 -2.990049 -0.142324 -0.017882 -0.046444 0.752614 -0.656579
 1717149741.843216 0.942322 -2.922264 -0.145729 -0.017781 -0.066360 0.750877 -0.656859
 1717149741.944304 0.871561 -2.856810 -0.132312 -0.015134 -0.059089 0.739773 -0.670086
 1717149742.044243 0.800645 -2.798276 -0.125076 -0.018159 -0.061841 0.728375 -0.682140
 1717149742.143118 0.728491 -2.741827 -0.125613 -0.030280 -0.044132 0.731284 -0.679970
 1717149742.244270 0.659348 -2.680768 -0.134814 -0.031771 -0.045407 0.741348 -0.668829
 1717149742.344209 0.592368 -2.618129 -0.143728 -0.023768 -0.045171 0.761034 -0.646701
 1717149742.444300 0.530598 -2.560261 -0.141437 -0.017117 -0.062706 0.781139 -0.620965
 1717149742.542238 0.471943 -2.498533 -0.127737 -0.012057 -0.058631 0.799140 -0.598157
 1717149742.643170 0.421786 -2.433150 -0.119796 -0.009637 -0.050997 0.815981 -0.575745
 1717149742.744209 0.375430 -2.362764 -0.121480 -0.005789 -0.039508 0.827411 -0.560175
 1717149742.843304 0.330046 -2.290599 -0.129510 -0.010426 -0.039694 0.835277 -0.548296
 1717149742.944295 0.289558 -2.217697 -0.136104 -0.012430 -0.046308 0.835763 -0.546993
 1717149743.044276 0.249594 -2.145902 -0.129605 -0.016228 -0.064919 0.831872 -0.550919
 1717149743.144450 0.209256 -2.077093 -0.119567 -0.015791 -0.060929 0.830834 -0.552949
 1717149743.244739 0.167976 -2.009979 -0.113995 -0.018301 -0.046979 0.837278 -0.544448
 1717149743.343509 0.129386 -1.944100 -0.114352 -0.027553 -0.054021 0.845994 -0.529733
 1717149743.444190 0.092573 -1.876752 -0.119676 -0.029765 -0.060137 0.865136 -0.497028
 1717149743.544239 0.058501 -1.809619 -0.123934 -0.020791 -0.075274 0.886655 -0.455791
 1717149743.644266 0.026249 -1.738063 -0.114431 -0.011434 -0.078468 0.907311 -0.412915
 1717149743.744177 -0.001219 -1.666883 -0.100299 -0.005653 -0.078083 0.922640 -0.377632
 1717149743.844292 -0.024071 -1.598155 -0.094035 -0.009048 -0.077985 0.933614 -0.349574
 1717149743.944164 -0.044724 -1.525696 -0.095179 -0.007691 -0.070266 0.938614 -0.337651
 1717149744.044241 -0.066612 -1.451381 -0.100931 -0.013788 -0.070752 0.943101 -0.324599
 1717149744.144147 -0.085888 -1.371497 -0.106909 -0.014595 -0.073365 0.943987 -0.321392
 1717149744.244158 -0.104074 -1.290575 -0.100942 -0.017177 -0.078192 0.944314 -0.319158
 1717149744.342411 -0.121963 -1.210017 -0.088474 -0.017991 -0.079900 0.945429 -0.315366
 1717149744.444265 -0.138769 -1.140612 -0.080615 -0.023311 -0.084793 0.945048 -0.314884
 1717149744.544213 -0.155569 -1.070710 -0.079096 -0.027400 -0.068869 0.949562 -0.304695
 1717149744.644138 -0.170114 -1.003247 -0.084195 -0.030121 -0.074368 0.957643 -0.276552
 1717149744.743107 -0.186852 -0.937661 -0.089443 -0.030185 -0.079644 0.965071 -0.247757
 1717149744.844335 -0.204799 -0.880639 -0.084777 -0.031222 -0.089574 0.973865 -0.206369
 1717149744.944123 -0.216492 -0.821850 -0.071415 -0.029880 -0.089258 0.978731 -0.182279
 1717149745.044102 -0.219675 -0.767505 -0.060879 -0.034097 -0.089560 0.981873 -0.163526
 1717149745.144108 -0.214723 -0.712633 -0.059738 -0.031200 -0.089618 0.983815 -0.151999
 1717149745.243062 -0.204192 -0.656290 -0.063710 -0.030671 -0.086948 0.985302 -0.143805
 1717149745.343368 -0.187055 -0.599202 -0.067275 -0.031643 -0.086248 0.985977 -0.139317
 1717149745.444135 -0.166496 -0.547553 -0.064787 -0.031327 -0.082833 0.987391 -0.131207
 1717149745.544213 -0.147661 -0.505274 -0.058502 -0.035649 -0.078579 0.989230 -0.118228
 1717149745.643135 -0.133592 -0.473839 -0.051775 -0.045962 -0.073473 0.991984 -0.091964
 1717149745.742561 -0.116552 -0.450161 -0.047344 -0.051226 -0.078278 0.994284 -0.051456
 1717149745.844119 -0.097951 -0.431938 -0.046416 -0.054380 -0.075898 0.995603 0.007487
 1717149745.943141 -0.081656 -0.419398 -0.048170 -0.059881 -0.075904 0.992671 0.072511
 1717149746.044184 -0.072868 -0.407351 -0.050511 -0.064389 -0.078399 0.984175 0.145281
 1717149746.144055 -0.067231 -0.396048 -0.048023 -0.052075 -0.078496 0.970695 0.221081
 1717149746.243135 -0.064442 -0.395273 -0.048674 -0.046642 -0.081223 0.952687 0.289163
 1717149746.344042 -0.063669 -0.404609 -0.050700 -0.037224 -0.066300 0.933428 0.350614
 1717149746.444276 -0.067955 -0.422050 -0.053493 -0.044903 -0.056777 0.908185 0.412263
 1717149746.544124 -0.072907 -0.446385 -0.058647 -0.047206 -0.042340 0.880639 0.469525
 1717149746.644201 -0.078896 -0.481438 -0.063042 -0.033879 -0.040269 0.849669 0.524684
 1717149746.744081 -0.093204 -0.518979 -0.062610 -0.038607 -0.040877 0.818607 0.571596
 1717149746.844023 -0.112117 -0.556259 -0.059174 -0.054178 -0.033800 0.787472 0.613033
 1717149746.944168 -0.132768 -0.594959 -0.055403 -0.060033 -0.024602 0.755984 0.651367
 1717149747.044089 -0.154849 -0.629505 -0.057912 -0.067337 -0.017055 0.723444 0.686880
 1717149747.143011 -0.179460 -0.660314 -0.062803 -0.064397 -0.009674 0.685016 0.725612
 1717149747.244948 -0.203462 -0.689392 -0.068437 -0.050970 -0.006755 0.635363 0.770500
 1717149747.343011 -0.229033 -0.714258 -0.071062 -0.048879 -0.009364 0.581386 0.812104
 1717149747.444191 -0.253444 -0.732701 -0.072177 -0.047888 -0.007968 0.524629 0.849946
 1717149747.544374 -0.274093 -0.745810 -0.072920 -0.042903 -0.004673 0.464816 0.884355
 1717149747.644035 -0.291679 -0.753716 -0.074286 -0.038029 0.000806 0.397263 0.916916
 1717149747.744137 -0.307635 -0.756475 -0.075214 -0.032584 0.000525 0.324919 0.945180
 1717149747.844018 -0.320676 -0.757293 -0.077351 -0.031410 -0.002707 0.269639 0.962445
 1717149747.944177 -0.330795 -0.758211 -0.082544 -0.020174 -0.006249 0.231446 0.972618
 1717149748.044244 -0.338296 -0.758173 -0.086063 -0.015016 -0.001353 0.197037 0.980280
 1717149748.144003 -0.348694 -0.757663 -0.086112 -0.018939 0.000005 0.172363 0.984851
 1717149748.244615 -0.358613 -0.756417 -0.085220 -0.024319 -0.003385 0.154425 0.987699
 1717149748.343590 -0.366989 -0.757113 -0.086476 -0.024293 -0.000597 0.143674 0.989327
 1717149748.444146 -0.373958 -0.758300 -0.088622 -0.022344 -0.001888 0.136458 0.990392
 1717149748.544143 -0.381980 -0.761219 -0.089253 -0.016431 -0.002687 0.132181 0.991086
 1717149748.644122 -0.390829 -0.765325 -0.089976 -0.011197 0.000569 0.127320 0.991798
 1717149748.744115 -0.398087 -0.767894 -0.090887 -0.010814 0.003308 0.126838 0.991859
 1717149748.844105 -0.404003 -0.768211 -0.090559 -0.013492 0.002018 0.124524 0.992123
 1717149748.942303 -0.410609 -0.769365 -0.091168 -0.014722 0.001332 0.123187 0.992273
 1717149749.044008 -0.414010 -0.769640 -0.091166 -0.016938 0.003047 0.125933 0.991889
 1717149749.144058 -0.415253 -0.770573 -0.093843 -0.013463 0.005429 0.125241 0.992020
 1717149749.243953 -0.415949 -0.772752 -0.094903 -0.006060 0.003319 0.124482 0.992198
 1717149749.344022 -0.414517 -0.774228 -0.095870 -0.003848 0.002739 0.123325 0.992355
 1717149749.444003 -0.412572 -0.773848 -0.095999 -0.001759 0.003224 0.120404 0.992718
 1717149749.542521 -0.412898 -0.768682 -0.099050 -0.008881 0.000812 0.114829 0.993345
 1717149749.645520 -0.412053 -0.762883 -0.098222 -0.012018 0.005827 0.109765 0.993868
 1717149749.742168 -0.409051 -0.758777 -0.094959 -0.010957 0.011499 0.109486 0.993861
 1717149749.844126 -0.407701 -0.756357 -0.092599 -0.011627 0.010907 0.108551 0.993963
 1717149749.945395 -0.408216 -0.755699 -0.090905 -0.011626 0.004145 0.112279 0.993600
 1717149750.042933 -0.409939 -0.754478 -0.088397 -0.007901 -0.004538 0.116644 0.993132
 1717149750.143952 -0.409894 -0.750555 -0.085257 -0.014114 0.004396 0.110561 0.993759
 1717149750.242963 -0.409766 -0.746179 -0.081108 -0.019452 0.009111 0.108062 0.993912
 1717149750.346385 -0.409536 -0.744703 -0.078105 -0.018279 0.009574 0.107717 0.993967
 1717149750.444148 -0.409448 -0.747191 -0.078254 -0.007765 0.005128 0.105181 0.994410
 1717149750.542045 -0.410617 -0.751397 -0.080995 -0.002867 -0.004067 0.103844 0.994581
 1717149750.642925 -0.411331 -0.755344 -0.081169 -0.001448 -0.005689 0.103462 0.994616
 1717149750.744052 -0.410366 -0.759477 -0.078853 0.001941 -0.002122 0.100803 0.994902
 1717149750.843960 -0.410785 -0.761524 -0.075794 0.001991 -0.001814 0.100550 0.994928
 1717149750.943024 -0.411396 -0.760667 -0.072433 -0.005141 -0.000855 0.098653 0.995108
 1717149751.043982 -0.411615 -0.761033 -0.067858 -0.007420 0.002384 0.095647 0.995385
 1717149751.144135 -0.412980 -0.767762 -0.063517 0.004637 -0.000200 0.094118 0.995550
 1717149751.242950 -0.412163 -0.773177 -0.061961 0.005881 0.000074 0.095551 0.995407
 1717149751.342787 -0.410867 -0.773288 -0.060643 0.000804 0.001903 0.097891 0.995195
 1717149751.444183 -0.409890 -0.771783 -0.059937 -0.003854 0.002504 0.099960 0.994981
 1717149751.543101 -0.408925 -0.771898 -0.058958 -0.003957 0.003326 0.101396 0.994833
 1717149751.643994 -0.408004 -0.773037 -0.058124 -0.003242 0.003840 0.101367 0.994836
 1717149751.742383 -0.407677 -0.773885 -0.058900 -0.002274 0.003086 0.100838 0.994895
 1717149751.844091 -0.408290 -0.775392 -0.060507 0.001023 0.002507 0.100554 0.994928
 1717149751.943910 -0.409103 -0.777333 -0.062089 0.002939 0.001522 0.099779 0.995004
 1717149752.044793 -0.409357 -0.777493 -0.062336 0.002364 0.000590 0.098897 0.995095
 1717149752.142818 -0.409376 -0.778250 -0.062303 0.000499 0.000057 0.098924 0.995095
 1717149752.242910 -0.408301 -0.777390 -0.061587 0.002183 0.001759 0.096811 0.995299
 1717149752.342874 -0.406937 -0.775557 -0.061965 0.002622 0.003420 0.096169 0.995356
 1717149752.444118 -0.407392 -0.774328 -0.062185 0.001061 0.004285 0.097140 0.995261
 1717149752.543941 -0.406509 -0.774774 -0.061798 0.002535 0.005118 0.098507 0.995120
 1717149752.643872 -0.405549 -0.775375 -0.062109 0.001327 0.005624 0.100195 0.994951
 1717149752.743038 -0.404409 -0.774885 -0.061770 0.000092 0.006225 0.101692 0.994796
 1717149752.842855 -0.402863 -0.774894 -0.061135 -0.000166 0.007768 0.103141 0.994636
 1717149752.943826 -0.401569 -0.774690 -0.060907 -0.001027 0.008780 0.103974 0.994541
 1717149753.044042 -0.400079 -0.775335 -0.060971 -0.000856 0.008844 0.104392 0.994497
 1717149753.144026 -0.398627 -0.776063 -0.060720 0.001036 0.010991 0.104337 0.994481
 1717149753.243971 -0.397512 -0.776653 -0.060173 0.000915 0.011327 0.104294 0.994482
 1717149753.342934 -0.396708 -0.777528 -0.059713 0.001006 0.011406 0.103907 0.994521
 1717149753.443893 -0.395869 -0.778756 -0.059326 0.000194 0.011854 0.103618 0.994546
 1717149753.544065 -0.395349 -0.778807 -0.059096 -0.001706 0.012307 0.103472 0.994555
 1717149753.643988 -0.394275 -0.778146 -0.058778 -0.003228 0.012392 0.103358 0.994562
 1717149753.743919 -0.393399 -0.778096 -0.058497 -0.001998 0.012823 0.102609 0.994637
 1717149753.843966 -0.392205 -0.778589 -0.057992 -0.000399 0.013850 0.102496 0.994637
 1717149753.944351 -0.391641 -0.777459 -0.058705 -0.000135 0.013885 0.101390 0.994750
 1717149754.043860 -0.391368 -0.778448 -0.057872 0.000491 0.014533 0.100895 0.994791
 1717149754.143795 -0.390118 -0.777302 -0.057399 -0.001508 0.016287 0.100689 0.994783
 1717149754.244006 -0.389625 -0.775905 -0.057376 -0.002666 0.015260 0.100233 0.994843
 1717149754.342806 -0.390133 -0.774583 -0.058688 -0.002189 0.013948 0.098620 0.995025
 1717149754.442931 -0.390659 -0.772818 -0.058877 -0.000810 0.013861 0.097664 0.995123
 1717149754.543969 -0.391270 -0.771759 -0.059296 -0.000811 0.013199 0.097211 0.995176
 1717149754.644073 -0.391376 -0.770635 -0.059141 -0.000455 0.012440 0.097147 0.995192
 1717149754.743813 -0.390634 -0.770033 -0.059204 -0.000037 0.012649 0.096397 0.995263
 