1717057226.768896 -0.006986 0.004421 -0.002915 0.004275 -0.010895 -0.013361 0.999842
 1717057226.868901 -0.013787 0.010335 -0.007004 0.005915 -0.012841 -0.019173 0.999716
 1717057226.968889 -0.016868 0.012819 -0.008378 0.002660 -0.007395 -0.021265 0.999743
 1717057227.068847 -0.015264 0.011970 -0.009377 0.003153 -0.003628 -0.021441 0.999759
 1717057227.169108 -0.010432 0.012570 -0.008117 0.001517 0.000949 -0.022738 0.999740
 1717057227.268917 -0.004100 0.013669 -0.007131 0.002915 0.003437 -0.022916 0.999727
 1717057227.368899 0.002928 0.012669 -0.005724 0.000484 0.004658 -0.028783 0.999575
 1717057227.468894 0.009803 0.014299 -0.006489 0.000636 0.004623 -0.035878 0.999345
 1717057227.568740 0.014279 0.016372 -0.008840 0.002153 0.001350 -0.038503 0.999255
 1717057227.668895 0.017451 0.020341 -0.010089 0.000245 0.001410 -0.041945 0.999119
 1717057227.768843 0.023373 0.024968 -0.009533 -0.001829 0.003959 -0.040594 0.999166
 1717057227.868837 0.031695 0.028958 -0.008832 -0.001612 0.003434 -0.035183 0.999374
 1717057227.969148 0.043076 0.032352 -0.009973 0.001128 -0.000897 -0.028462 0.999594
 1717057228.068861 0.057211 0.038989 -0.010416 0.002739 -0.004598 -0.024852 0.999677
 1717057228.168700 0.071497 0.049563 -0.012685 0.003749 -0.008342 -0.019706 0.999764
 1717057228.268863 0.081667 0.065363 -0.012425 -0.000117 -0.009673 -0.010255 0.999901
 1717057228.368747 0.088913 0.092182 -0.012678 -0.002678 -0.005938 -0.007777 0.999949
 1717057228.468929 0.093393 0.126799 -0.013729 0.001808 -0.000427 -0.004299 0.999989
 1717057228.568792 0.092465 0.171699 -0.017575 0.007505 -0.001256 -0.005292 0.999957
 1717057228.668797 0.086026 0.223745 -0.019084 0.014459 -0.002813 -0.011113 0.999830
 1717057228.768848 0.078239 0.278964 -0.015775 0.017764 0.003964 -0.017056 0.999689
 1717057228.868798 0.073515 0.339841 -0.010900 -0.001492 0.016186 -0.027542 0.999488
 1717057228.968731 0.072458 0.398229 -0.012513 0.003198 0.022910 -0.032742 0.999196
 1717057229.068725 0.071802 0.457590 -0.012758 -0.011628 0.020055 -0.039490 0.998951
 1717057229.168801 0.076468 0.517568 -0.017167 -0.011328 0.022435 -0.032649 0.999151
 1717057229.268759 0.087126 0.579148 -0.023644 -0.007827 0.022799 -0.033899 0.999135
 1717057229.368861 0.103275 0.646200 -0.028431 0.001055 0.023389 -0.025445 0.999402
 1717057229.468831 0.121031 0.710216 -0.026814 0.016166 0.017311 -0.016299 0.999587
 1717057229.568738 0.135979 0.775082 -0.018515 0.024840 0.010378 -0.002304 0.999635
 1717057229.668769 0.149963 0.837543 -0.014684 0.029023 0.009248 0.010985 0.999476
 1717057229.769087 0.159081 0.902896 -0.014906 0.024266 0.008526 0.015155 0.999554
 1717057229.869078 0.164912 0.978130 -0.020084 0.024476 0.005134 0.011874 0.999617
 1717057229.968718 0.167505 1.059963 -0.028922 0.017849 0.005879 0.008050 0.999791
 1717057230.068660 0.168047 1.149067 -0.034956 0.019299 0.006367 -0.002136 0.999791
 1717057230.168904 0.164361 1.235057 -0.032529 0.030367 0.005660 -0.010223 0.999471
 1717057230.269020 0.164946 1.317403 -0.024933 0.022790 0.011352 -0.015406 0.999557
 1717057230.369009 0.167073 1.401128 -0.021357 0.012413 0.012612 -0.023186 0.999575
 1717057230.468652 0.174141 1.488895 -0.022133 -0.003131 0.016017 -0.021232 0.999641
 1717057230.570208 0.185344 1.572366 -0.030079 0.005848 0.020499 -0.017953 0.999612
 1717057230.668837 0.200781 1.654468 -0.039297 0.018183 0.016275 -0.009303 0.999659
 1717057230.768759 0.218934 1.736859 -0.037898 0.025707 0.010679 0.003400 0.999607
 1717057230.868973 0.235799 1.818864 -0.028990 0.031337 0.008533 0.017398 0.999321
 1717057230.969386 0.247971 1.903445 -0.022714 0.019429 0.010378 0.020287 0.999552
 1717057231.068766 0.254353 1.998659 -0.027167 0.003760 0.001700 0.013779 0.999897
 1717057231.169839 0.258893 2.087970 -0.037727 0.010232 0.001941 0.004087 0.999937
 1717057231.268662 0.260790 2.181291 -0.046598 0.023807 0.008725 -0.002518 0.999675
 1717057231.368726 0.258623 2.270397 -0.044991 0.026761 0.009148 -0.015967 0.999472
 1717057231.468623 0.258547 2.365083 -0.038573 0.027285 0.013754 -0.026180 0.999190
 1717057231.568692 0.262047 2.454247 -0.034461 0.019633 0.016493 -0.034977 0.999059
 1717057231.668827 0.268168 2.547075 -0.033960 0.008856 0.022181 -0.034793 0.999109
 1717057231.768609 0.275067 2.641401 -0.049322 0.011339 0.017772 -0.027048 0.999412
 1717057231.868671 0.284974 2.734778 -0.066062 0.010985 0.014236 -0.008061 0.999806
 1717057231.968672 0.294134 2.820913 -0.069070 0.022780 0.007552 0.016613 0.999574
 1717057232.065680 0.301641 2.906099 -0.058685 0.027366 0.000976 0.041111 0.998779
 1717057232.168607 0.303225 2.992527 -0.047810 0.007783 0.002215 0.054817 0.998464
 1717057232.268791 0.303382 3.081296 -0.051237 0.007000 0.007908 0.065961 0.997766
 1717057232.368734 0.298190 3.172695 -0.063498 0.010718 0.010366 0.068097 0.997567
 1717057232.468733 0.292122 3.265797 -0.071341 0.022985 0.013817 0.061434 0.997751
 1717057232.568622 0.286355 3.363775 -0.068811 0.018872 0.014531 0.048218 0.998553
 1717057232.668758 0.287280 3.461464 -0.063103 0.016437 0.017138 0.027984 0.999326
 1717057232.769142 0.292492 3.563539 -0.062702 -0.002111 0.017611 0.006645 0.999821
 1717057232.868932 0.303395 3.661612 -0.070172 -0.000984 0.022021 -0.004809 0.999745
 1717057232.968699 0.318477 3.760148 -0.081267 0.001015 0.016229 -0.007634 0.999839
 1717057233.068594 0.334766 3.855360 -0.087143 0.006833 0.006572 0.005924 0.999938
 1717057233.168701 0.346590 3.953242 -0.079315 0.000480 -0.008329 0.013728 0.999871
 1717057233.268690 0.355727 4.044640 -0.075788 0.005893 -0.011292 0.030054 0.999467
 1717057233.368823 0.361445 4.139399 -0.078640 -0.005121 -0.009501 0.038829 0.999188
 1717057233.468521 0.365843 4.238442 -0.087176 -0.006228 -0.001165 0.033124 0.999431
 1717057233.568835 0.365177 4.339428 -0.096734 -0.002093 0.005741 0.024718 0.999676
 1717057233.668535 0.358395 4.438381 -0.097065 0.012753 0.002876 0.005774 0.999898
 1717057233.770140 0.355086 4.533698 -0.087858 0.009479 0.007105 -0.005668 0.999914
 1717057233.868596 0.360656 4.631117 -0.079571 -0.007347 0.020334 -0.011878 0.999696
 1717057233.968883 0.368914 4.726151 -0.081776 -0.014436 0.030773 -0.019711 0.999228
 1717057234.068639 0.379038 4.821136 -0.093902 -0.006260 0.027265 -0.021209 0.999384
 1717057234.168656 0.393506 4.917825 -0.105903 0.002612 0.019290 -0.013750 0.999716
 1717057234.268646 0.410234 5.010661 -0.102522 0.012171 0.018906 -0.000001 0.999747
 1717057234.368482 0.421703 5.104609 -0.090746 0.008788 0.015268 0.011267 0.999781
 1717057234.468715 0.427436 5.196818 -0.083450 0.001528 0.007769 0.023843 0.999684
 1717057234.568497 0.429786 5.289862 -0.087565 0.000405 0.001462 0.022906 0.999736
 1717057234.668692 0.431255 5.386099 -0.099358 0.003261 0.002320 0.020616 0.999779
 1717057234.769966 0.431145 5.484175 -0.108944 0.016534 0.010629 0.015952 0.999680
 1717057234.868651 0.428901 5.585850 -0.106555 0.020660 0.009395 0.002533 0.999739
 1717057234.969893 0.430521 5.685342 -0.097881 0.015596 0.012595 -0.005440 0.999784
 1717057235.068656 0.436818 5.787784 -0.092430 -0.006544 0.020024 -0.011799 0.999708
 1717057235.168606 0.446191 5.887754 -0.096967 -0.007766 0.025775 -0.012477 0.999560
 1717057235.268795 0.458177 5.990341 -0.109548 -0.003467 0.024549 -0.011315 0.999629
 1717057235.368439 0.471636 6.090768 -0.121060 0.004056 0.022494 0.002448 0.999736
 1717057235.468511 0.483123 6.186720 -0.115972 0.012672 0.016598 0.009265 0.999739
 1717057235.568604 0.491122 6.287071 -0.106844 0.002439 0.017579 0.025631 0.999514
 1717057235.668497 0.492163 6.390055 -0.103369 -0.018294 0.015451 0.033560 0.999150
 1717057235.768636 0.487681 6.488760 -0.113338 -0.001457 0.006447 0.030886 0.999501
 1717057235.868597 0.481066 6.594248 -0.125622 0.001144 0.006149 0.021680 0.999745
 1717057235.968493 0.473723 6.697779 -0.127039 0.013309 0.017854 0.005338 0.999738
 1717057236.068539 0.465056 6.795395 -0.120340 0.021742 0.018437 -0.014030 0.999495
 1717057236.168521 0.463681 6.891060 -0.113036 0.008175 0.025886 -0.019594 0.999439
 1717057236.268536 0.467667 6.992477 -0.112891 -0.010230 0.030615 -0.025941 0.999142
 1717057236.368575 0.474497 7.085658 -0.123070 0.004204 0.030167 -0.019954 0.999337
 1717057236.468511 0.487274 7.181822 -0.135650 0.011861 0.023220 -0.013382 0.999570
 1717057236.568575 0.502274 7.273178 -0.135420 0.021665 0.020404 0.005832 0.999540
 1717057236.668495 0.511913 7.366639 -0.124494 0.017387 0.015511 0.014479 0.999624
 1717057236.768877 0.516593 7.460231 -0.119750 0.009225 0.009111 0.029457 0.999482
 1717057236.868630 0.517039 7.557378 -0.127435 0.005404 0.008935 0.029836 0.999500
 1717057236.968656 0.514943 7.660725 -0.142538 0.009576 0.008897 0.024154 0.999623
 1717057237.068671 0.508266 7.767615 -0.154026 0.019457 0.014863 0.018901 0.999522
 1717057237.168605 0.498897 7.878749 -0.150654 0.018151 0.017272 0.005595 0.999670
 1717057237.268956 0.492893 7.985717 -0.144201 0.014005 0.019299 -0.010749 0.999658
 1717057237.368562 0.488103 8.090178 -0.140475 -0.003363 0.018772 -0.014190 0.999717
 1717057237.468652 0.485018 8.189385 -0.146472 -0.001119 0.023076 -0.006654 0.999711
 1717057237.568498 0.485457 8.292111 -0.156645 -0.001650 0.023900 -0.005355 0.999699
 1717057237.668669 0.489045 8.391655 -0.166477 0.006429 0.022265 0.007248 0.999705
 1717057237.768503 0.492274 8.490275 -0.162636 0.012669 0.020916 0.017300 0.999551
 1717057237.868531 0.494946 8.588893 -0.148068 0.002994 0.029592 0.024330 0.999261
 1717057237.968631 0.494569 8.688588 -0.143399 -0.000718 0.027819 0.020158 0.999409
 1717057238.068481 0.495633 8.789048 -0.151898 0.002759 0.017776 0.009909 0.999789
 1717057238.168480 0.495072 8.892805 -0.162920 0.000379 0.023031 -0.001029 0.999734
 1717057238.268426 0.493018 8.993237 -0.166725 0.014546 0.024557 -0.010071 0.999542
 1717057238.368563 0.490395 9.096995 -0.163015 0.014939 0.024606 -0.025135 0.999270
 1717057238.468625 0.489517 9.196611 -0.158630 -0.000491 0.019954 -0.030670 0.999330
 1717057238.568630 0.493944 9.295907 -0.158324 -0.008084 0.022400 -0.037018 0.999031
 1717057238.668619 0.503353 9.394028 -0.168626 0.010101 0.028316 -0.030744 0.999075
 1717057238.769241 0.518132 9.495599 -0.182554 0.008331 0.028584 -0.024261 0.999262
 1717057238.868623 0.532823 9.594115 -0.184643 0.011808 0.021129 -0.012413 0.999630
 1717057238.968612 0.546808 9.696031 -0.171349 0.005974 0.021876 -0.006395 0.999722
 1717057239.068375 0.555703 9.798539 -0.164892 -0.006769 0.020481 0.005869 0.999750
 1717057239.168514 0.559826 9.898698 -0.175042 -0.006293 0.012297 0.010933 0.999845
 1717057239.268634 0.562142 9.999082 -0.187776 0.000315 0.016450 0.010524 0.999809
 1717057239.368533 0.562203 10.100131 -0.193641 0.018445 0.018990 -0.001828 0.999648
 1717057239.468633 0.559185 10.206672 -0.184195 0.010611 0.014668 -0.013824 0.999741
 1717057239.568428 0.560549 10.309866 -0.172790 0.014638 0.019135 -0.019647 0.999517
 1717057239.668609 0.569762 10.408984 -0.165335 0.012750 0.025963 -0.028126 0.999186
 1717057239.768751 0.581089 10.505417 -0.170285 0.022538 0.028702 -0.026017 0.998995
 1717057239.868487 0.595882 10.607329 -0.186639 0.024724 0.024436 -0.025182 0.999078
 1717057239.968370 0.610739 10.708372 -0.198764 0.022267 0.015171 -0.010595 0.999581
 1717057240.068866 0.622325 10.808815 -0.194632 0.016945 0.006765 -0.003774 0.999826
 1717057240.168584 0.632308 10.912115 -0.187010 -0.002893 0.008281 0.007129 0.999936
 1717057240.269763 0.638391 11.014564 -0.186453 -0.015042 0.009494 0.008859 0.999803
 1717057240.368580 0.643803 11.115568 -0.195044 -0.004075 0.013307 0.002065 0.999901
 1717057240.468649 0.645133 11.219973 -0.204683 0.004464 0.018764 -0.003851 0.999807
 1717057240.568603 0.639413 11.321479 -0.204243 0.017432 0.018492 -0.015361 0.999559
 1717057240.668564 0.633485 11.420106 -0.193079 0.020297 0.018229 -0.021568 0.999395
 1717057240.768504 0.633110 11.515106 -0.183732 0.008945 0.020394 -0.021175 0.999528
 1717057240.868512 0.636324 11.610037 -0.182763 0.004151 0.031210 -0.023263 0.999233
 1717057240.968680 0.642946 11.706032 -0.194221 0.015881 0.027789 -0.017132 0.999341
 1717057241.068460 0.652077 11.803504 -0.207342 0.018164 0.023747 -0.008475 0.999517
 1717057241.168561 0.664117 11.899959 -0.205074 0.028581 0.029278 0.005216 0.999149
 1717057241.268616 0.671237 11.998762 -0.194948 0.023082 0.032670 0.011859 0.999129
 1717057241.368468 0.673403 12.098510 -0.190977 0.007262 0.025614 0.020895 0.999427
 1717057241.468779 0.674651 12.200100 -0.200090 0.005982 0.018668 0.011811 0.999738
 1717057241.568412 0.673514 12.303795 -0.216324 0.004499 0.011790 0.003879 0.999913
 1717057241.668551 0.668916 12.404705 -0.227963 0.020013 0.017875 -0.003134 0.999635
 1717057241.768588 0.662743 12.505164 -0.223775 0.028158 0.017936 -0.015322 0.999325
 1717057241.868597 0.663124 12.601766 -0.213741 0.024715 0.029009 -0.024823 0.998965
 1717057241.968270 0.668541 12.699718 -0.208017 0.003880 0.032302 -0.032934 0.998928
 1717057242.068842 0.677138 12.797861 -0.212771 0.006331 0.036255 -0.036637 0.998651
 1717057242.168531 0.687601 12.901712 -0.227104 0.011047 0.029522 -0.033985 0.998925
 1717057242.268527 0.703609 13.006287 -0.238323 0.012273 0.027921 -0.021672 0.999300
 1717057242.368718 0.718913 13.109581 -0.231403 0.010432 0.025113 -0.014823 0.999520
 1717057242.469759 0.730926 13.207333 -0.221184 0.006039 0.025159 -0.001365 0.999664
 1717057242.568850 0.735827 13.305923 -0.218220 -0.011117 0.017605 -0.000162 0.999783
 1717057242.668825 0.739095 13.403096 -0.226683 -0.007656 0.015522 0.000831 0.999850
 1717057242.768986 0.740468 13.502562 -0.237214 -0.005600 0.020633 -0.001087 0.999771
 1717057242.868829 0.739207 13.602851 -0.243476 0.009071 0.022579 -0.007895 0.999673
 1717057242.968532 0.737868 13.700938 -0.238843 0.013210 0.024453 -0.014679 0.999506
 1717057243.068847 0.743725 13.801395 -0.230352 0.002702 0.025944 -0.026222 0.999316
 1717057243.170484 0.755057 13.900527 -0.226506 -0.018735 0.038533 -0.030409 0.998619
 1717057243.268811 0.766795 13.996332 -0.236738 0.001981 0.034118 -0.029215 0.998989
 1717057243.368870 0.780536 14.092209 -0.251410 0.006164 0.027035 -0.027773 0.999230
 1717057243.468377 0.796949 14.181022 -0.254118 0.018694 0.022358 -0.008653 0.999538
 1717057243.568333 0.810019 14.268861 -0.244020 0.019556 0.017391 -0.000284 0.999657
 1717057243.668928 0.817601 14.357314 -0.236384 0.008880 0.015159 0.011360 0.999781
 1717057243.768511 0.820379 14.445923 -0.239383 0.001832 0.009900 0.015090 0.999835
 1717057243.868719 0.819534 14.538559 -0.253515 0.012832 0.008394 0.013158 0.999796
 1717057243.968831 0.814387 14.635324 -0.266386 0.018980 0.013870 0.008121 0.999691
 1717057244.068459 0.807223 14.733072 -0.265930 0.035712 0.016702 -0.005358 0.999208
 1717057244.168608 0.806131 14.831191 -0.254033 0.032212 0.022650 -0.014555 0.999118
 1717057244.268510 0.809401 14.929265 -0.247670 0.013588 0.025357 -0.024004 0.999298
 1717057244.368495 0.817649 15.029123 -0.252099 -0.000471 0.034766 -0.029735 0.998953
 1717057244.468754 0.825386 15.128783 -0.265428 0.006499 0.032361 -0.027300 0.999082
 1717057244.569816 0.838552 15.227850 -0.280510 0.010403 0.024102 -0.021892 0.999416
 1717057244.668998 0.852992 15.323608 -0.281267 0.018134 0.022588 -0.011860 0.999510
 1717057244.769009 0.865976 15.419355 -0.271716 0.006207 0.031298 -0.005390 0.999476
 1717057244.868609 0.871640 15.511153 -0.267271 -0.003688 0.026955 0.009790 0.999582
 1717057244.968805 0.873225 15.605687 -0.272071 -0.001249 0.022130 0.006336 0.999734
 1717057245.068933 0.873869 15.700107 -0.284082 0.004410 0.019343 0.006955 0.999779
 1717057245.170161 0.871115 15.797925 -0.294632 0.013161 0.024699 0.003913 0.999601
 1717057245.268921 0.862685 15.901318 -0.291419 0.012804 0.027208 -0.009923 0.999499
 1717057245.368548 0.858728 16.001707 -0.281782 0.008680 0.030380 -0.012276 0.999425
 1717057245.468892 0.858738 16.102144 -0.275212 -0.011471 0.028263 -0.018464 0.999364
 1717057245.568890 0.864613 16.201304 -0.278494 -0.003012 0.035795 -0.020626 0.999142
 1717057245.668886 0.875508 16.301252 -0.290481 0.004420 0.034951 -0.020693 0.999165
 1717057245.768893 0.887529 16.400821 -0.299831 0.013118 0.028159 -0.013044 0.999432
 1717057245.870405 0.897810 16.498078 -0.294090 0.017606 0.019569 0.001517 0.999652
 1717057245.968707 0.901081 16.596398 -0.283977 0.006304 0.014855 0.015457 0.999750
 1717057246.068806 0.900802 16.693157 -0.282494 -0.003233 0.005949 0.013766 0.999882
 1717057246.168545 0.902593 16.788153 -0.293366 0.005518 0.004978 0.007537 0.999944
 1717057246.268789 0.901361 16.885370 -0.306671 0.008117 0.015897 -0.002388 0.999838
 1717057246.369711 0.896837 16.985715 -0.313071 0.023566 0.019920 -0.014131 0.999424
 1717057246.469830 0.893467 17.087140 -0.306328 0.024983 0.027827 -0.029863 0.998854
 1717057246.569755 0.893315 17.184329 -0.301052 0.025733 0.023360 -0.040697 0.998567
 1717057246.668731 0.897283 17.280673 -0.300141 0.004794 0.019609 -0.055199 0.998271
 1717057246.768852 0.906625 17.375539 -0.307019 0.009171 0.029053 -0.055695 0.997983
 1717057246.869065 0.919014 17.473698 -0.321242 0.017672 0.027233 -0.055999 0.997903
 1717057246.970410 0.932599 17.570756 -0.329042 0.028866 0.020976 -0.039737 0.998573
 1717057247.068786 0.944125 17.669273 -0.321395 0.027937 0.018987 -0.028911 0.999011
 1717057247.168730 0.951757 17.768760 -0.312395 0.020327 0.021852 -0.012275 0.999479
 1717057247.268763 0.956756 17.868816 -0.312449 0.001720 0.017447 -0.010551 0.999791
 1717057247.368701 0.960119 17.969320 -0.326833 0.011329 0.016791 -0.009902 0.999746
 1717057247.468855 0.962730 18.074698 -0.340713 0.015326 0.021590 -0.013005 0.999565
 1717057247.568705 0.963032 18.179835 -0.343000 0.036924 0.021222 -0.028170 0.998695
 1717057247.670566 0.964537 18.284662 -0.333152 0.045283 0.025283 -0.043491 0.997707
 1717057247.769602 0.969271 18.391136 -0.325894 0.033484 0.022212 -0.057862 0.997516
 1717057247.868859 0.981121 18.496978 -0.326470 0.019949 0.028070 -0.061558 0.997509
 1717057247.969208 0.994500 18.603634 -0.340319 0.027734 0.029166 -0.058964 0.997448
 1717057248.068745 1.008259 18.711873 -0.354521 0.031690 0.020464 -0.043600 0.998337
 1717057248.168974 1.019648 18.815807 -0.352500 0.032100 0.008677 -0.028660 0.999036
 1717057248.268761 1.027984 18.914225 -0.344530 0.023056 0.014020 -0.009080 0.999595
 1717057248.368737 1.031191 19.013885 -0.340336 0.004040 0.009805 0.002588 0.999940
 1717057248.468971 1.030733 19.109843 -0.348467 0.009145 0.009399 0.004283 0.999905
 1717057248.568929 1.025851 19.209347 -0.363149 0.016524 0.013151 -0.004243 0.999768
 1717057248.668708 1.017279 19.310698 -0.373076 0.021338 0.018834 -0.021078 0.999373
 1717057248.768854 1.008717 19.407086 -0.370473 0.011196 0.020707 -0.027627 0.999341
 1717057248.868748 1.007434 19.503451 -0.363276 0.003636 0.025821 -0.041336 0.998805
 1717057248.968865 1.011192 19.603507 -0.356884 -0.007829 0.036631 -0.052017 0.997943
 1717057249.068729 1.015507 19.704016 -0.367996 -0.001711 0.035733 -0.046183 0.998292
 1717057249.168849 1.024788 19.803196 -0.383074 -0.002955 0.029290 -0.038484 0.998825
 1717057249.268878 1.037823 19.900306 -0.391154 0.015773 0.025606 -0.025354 0.999226
 1717057249.368848 1.049040 19.993420 -0.383158 0.022617 0.011450 -0.014552 0.999573
 1717057249.468118 1.058329 20.084411 -0.371786 0.013762 0.011596 -0.001302 0.999837
 1717057249.567977 1.064216 20.177645 -0.373152 0.005525 0.013912 -0.002262 0.999885
 1717057249.668818 1.067014 20.273186 -0.382413 0.000847 0.011276 -0.007630 0.999907
 1717057249.768798 1.068006 20.370203 -0.393492 0.010723 0.017711 -0.008436 0.999750
 1717057249.868970 1.063137 20.466484 -0.397818 0.025584 0.017087 -0.011659 0.999459
 1717057249.968731 1.059705 20.564896 -0.389886 0.020953 0.019305 -0.024701 0.999289
 1717057250.077651 1.061803 20.671586 -0.379256 0.005163 0.022245 -0.028338 0.999338
 1717057250.178015 1.067354 20.761857 -0.378799 -0.004643 0.028796 -0.032406 0.999049
 1717057250.268919 1.075248 20.859263 -0.386725 -0.001319 0.040603 -0.029367 0.998743
 1717057250.371369 1.083264 20.954417 -0.398820 0.000083 0.039724 -0.019516 0.999020
 1717057250.469069 1.092663 21.047193 -0.399918 0.012705 0.030452 -0.010374 0.999402
 1717057250.568995 1.100604 21.142525 -0.389462 0.010807 0.027288 -0.003233 0.999564
 1717057250.670606 1.103939 21.228348 -0.383557 -0.000974 0.020929 0.006863 0.999757
 1717057250.762021 1.104439 21.329499 -0.388211 -0.013732 0.020171 0.005149 0.999689
 1717057250.886774 1.104053 21.420766 -0.401845 -0.016996 0.025286 0.004662 0.999525
 1717057250.967968 1.097921 21.521307 -0.412294 -0.006088 0.029774 -0.009254 0.999495
 1717057251.068868 1.091887 21.620830 -0.406855 0.002066 0.029326 -0.023129 0.999300
 1717057251.168867 1.091467 21.718785 -0.396366 0.002680 0.040392 -0.030489 0.998715
 1717057251.268772 1.093045 21.818299 -0.391785 -0.008054 0.039373 -0.043724 0.998235
 1717057251.368855 1.098211 21.916773 -0.395328 -0.019624 0.041693 -0.039993 0.998137
 1717057251.468843 1.106960 22.010148 -0.408327 -0.005858 0.040248 -0.036964 0.998489
 1717057251.568650 1.119196 22.100831 -0.419343 0.006865 0.038746 -0.021201 0.999001
 1717057251.668089 1.131698 22.196094 -0.415848 -0.004435 0.030738 -0.013798 0.999422
 1717057251.768669 1.141557 22.286481 -0.407484 -0.003154 0.026467 -0.001848 0.999643
 1717057251.868324 1.145432 22.376966 -0.403783 -0.012491 0.015073 0.000930 0.999808
 1717057251.968791 1.147689 22.469821 -0.409951 -0.008116 0.014118 0.000978 0.999867
 1717057252.071717 1.148640 22.560314 -0.421998 -0.001252 0.019272 -0.003438 0.999808
 1717057252.167969 1.144318 22.658980 -0.431925 0.007267 0.022845 -0.012520 0.999634
 1717057252.268775 1.138665 22.761523 -0.428613 0.003859 0.018966 -0.030756 0.999339
 1717057252.368791 1.137156 22.861681 -0.418478 -0.002344 0.021159 -0.035330 0.999149
 1717057252.468744 1.139591 22.959948 -0.414197 -0.018779 0.030685 -0.038908 0.998595
 1717057252.568731 1.141820 23.055540 -0.423863 -0.009052 0.033163 -0.038421 0.998670
 1717057252.669519 1.147806 23.153840 -0.438525 -0.012494 0.027144 -0.036639 0.998882
 1717057252.768849 1.155031 23.247582 -0.447610 -0.000937 0.025575 -0.023743 0.999390
 1717057252.868810 1.159143 23.340707 -0.441721 0.006872 0.021625 -0.017567 0.999588
 1717057252.968597 1.158668 23.432678 -0.435206 0.003178 0.019421 -0.003841 0.999799
 1717057253.065654 1.152583 23.530124 -0.436807 -0.011160 0.007369 0.001183 0.999910
 1717057253.169410 1.146542 23.626266 -0.447014 -0.005070 0.002794 0.007624 0.999954
 1717057253.268729 1.141311 23.723609 -0.456984 0.005945 0.016175 0.000752 0.999851
 1717057253.368684 1.135145 23.821783 -0.460517 0.018692 0.022931 -0.019168 0.999378
 1717057253.468435 1.131157 23.918561 -0.452044 0.014939 0.026436 -0.036297 0.998880
 1717057253.568736 1.130541 24.015152 -0.442968 -0.002188 0.037199 -0.041840 0.998429
 1717057253.669477 1.130410 24.114184 -0.443520 -0.012126 0.039752 -0.047212 0.998020
 1717057253.768727 1.130853 24.206657 -0.453763 -0.008675 0.039431 -0.037736 0.998472
 1717057253.868731 1.135392 24.300041 -0.466732 -0.000279 0.033243 -0.027587 0.999066
 1717057253.968660 1.145075 24.396038 -0.469668 0.012375 0.034190 -0.016889 0.999196
 1717057254.068694 1.152683 24.488401 -0.460544 0.002756 0.040788 -0.000469 0.999164
 1717057254.168630 1.150547 24.582421 -0.455218 -0.012770 0.030781 0.010227 0.999392
 1717057254.268944 1.146136 24.678388 -0.462666 -0.017979 0.014824 0.012155 0.999655
 1717057254.371189 1.143125 24.770573 -0.476604 -0.009881 0.015863 0.010738 0.999768
 1717057254.468097 1.139642 24.868495 -0.487595 0.000801 0.022988 -0.002556 0.999732
 1717057254.569446 1.137686 24.972220 -0.485815 0.007102 0.027929 -0.021553 0.999352
 1717057254.668702 1.139871 25.073321 -0.479298 0.002975 0.033092 -0.036189 0.998792
 1717057254.769315 1.144426 25.170519 -0.476574 -0.019690 0.033839 -0.044095 0.998260
 1717057254.868868 1.151370 25.263948 -0.482498 -0.015436 0.037106 -0.044127 0.998217
 1717057254.969516 1.160650 25.358648 -0.495408 -0.009552 0.033640 -0.034177 0.998804
 1717057255.068547 1.172457 25.449595 -0.508109 -0.003903 0.026179 -0.013665 0.999556
 1717057255.168511 1.182914 25.542644 -0.504022 -0.002305 0.015855 -0.002532 0.999868
 1717057255.268746 1.190608 25.636982 -0.493765 -0.007594 0.020203 0.016242 0.999635
 1717057255.368503 1.191940 25.731212 -0.491064 -0.014072 0.019053 0.019787 0.999524
 1717057255.468200 1.189034 25.825885 -0.500005 -0.005926 0.017063 0.017935 0.999676
 1717057255.569396 1.183742 25.924495 -0.513329 -0.007649 0.021995 0.015074 0.999615
 1717057255.668711 1.173764 26.027936 -0.522155 -0.001549 0.028679 0.001107 0.999587
 1717057255.769802 1.164297 26.131352 -0.518364 -0.008150 0.037758 -0.009515 0.999208
 1717057255.868596 1.159081 26.230612 -0.510875 -0.015561 0.042886 -0.014447 0.998854
 1717057255.969292 1.154690 26.323401 -0.509198 -0.017833 0.041332 -0.013840 0.998890
 1717057256.068625 1.155804 26.414990 -0.516327 -0.010380 0.037857 -0.005208 0.999216
 1717057256.169379 1.163877 26.507875 -0.530105 0.000270 0.038136 0.008846 0.999233
 1717057256.269323 1.174761 26.600272 -0.532146 0.014791 0.031054 0.024488 0.999108
 1717057256.369478 1.180792 26.694633 -0.523982 -0.000459 0.021991 0.029010 0.999337
 1717057256.469417 1.183771 26.789421 -0.517703 -0.009481 0.021702 0.042053 0.998835
 1717057256.569535 1.183384 26.879478 -0.522837 -0.008422 0.020555 0.042986 0.998829
 1717057256.667774 1.180258 26.982118 -0.537753 -0.010852 0.017833 0.036250 0.999125
 1717057256.770229 1.174660 27.087453 -0.549910 -0.001397 0.024751 0.022824 0.999432
 1717057256.868754 1.167681 27.194932 -0.546611 -0.005248 0.028247 -0.000828 0.999587
 1717057256.968577 1.166144 27.299352 -0.537904 -0.012482 0.031897 -0.010859 0.999354
 1717057257.068560 1.168286 27.404557 -0.533632 -0.033003 0.034260 -0.019163 0.998684
 1717057257.168920 1.173282 27.504023 -0.538306 -0.032744 0.040245 -0.020039 0.998452
 1717057257.268784 1.179798 27.602854 -0.552062 -0.025897 0.034525 -0.015732 0.998944
 1717057257.368652 1.187584 27.698402 -0.561461 -0.017759 0.027688 0.002228 0.999456
 1717057257.468584 1.194695 27.797189 -0.558793 -0.014228 0.019379 0.012875 0.999628
 1717057257.568940 1.200787 27.896101 -0.551118 -0.022768 0.020653 0.028067 0.999133
 1717057257.668613 1.202595 27.996150 -0.551698 -0.035414 0.017012 0.030715 0.998756
 1717057257.768722 1.203359 28.094414 -0.558515 -0.032521 0.019494 0.027128 0.998913
 1717057257.868569 1.202353 28.193401 -0.571581 -0.025130 0.024503 0.020908 0.999165
 1717057257.968470 1.199407 28.293120 -0.576464 -0.009451 0.020515 0.005389 0.999730
 1717057258.068619 1.198735 28.394763 -0.566788 -0.015888 0.022753 -0.009307 0.999572
 1717057258.168527 1.204635 28.495124 -0.560879 -0.020744 0.026287 -0.011962 0.999368
 1717057258.268477 1.213984 28.596889 -0.562280 -0.031713 0.034100 -0.024961 0.998603
 1717057258.368598 1.226856 28.695712 -0.573788 -0.025339 0.040345 -0.022008 0.998622
 1717057258.469343 1.239317 28.791962 -0.588413 -0.018702 0.030822 -0.015516 0.999229
 1717057258.569237 1.252156 28.885988 -0.590553 -0.006945 0.021249 0.003391 0.999744
 1717057258.668647 1.261748 28.981110 -0.582416 -0.011612 0.018534 0.012632 0.999681
 1717057258.768698 1.267950 29.077957 -0.575016 -0.027036 0.014964 0.016403 0.999388
 1717057258.869222 1.269581 29.173295 -0.578738 -0.022134 0.020961 0.016678 0.999396
 1717057258.968596 1.266378 29.269994 -0.589917 -0.012633 0.019232 0.010899 0.999676
 1717057259.068572 1.255330 29.365158 -0.598642 -0.000016 0.017608 0.004097 0.999837
 1717057259.166350 1.245431 29.465235 -0.592123 0.006910 0.021520 -0.014283 0.999643
 1717057259.268742 1.243356 29.563441 -0.580430 0.000896 0.032081 -0.020986 0.999265
 1717057259.368506 1.245355 29.663922 -0.577123 -0.018504 0.033925 -0.030778 0.998779
 1717057259.469360 1.250997 29.761483 -0.587188 -0.018686 0.038270 -0.034548 0.998495
 1717057259.568495 1.260824 29.859868 -0.601303 -0.017615 0.037719 -0.034074 0.998552
 1717057259.668673 1.277433 29.954146 -0.613234 -0.010289 0.034186 -0.017204 0.999214
 1717057259.768715 1.291524 30.048277 -0.610009 -0.004583 0.020258 -0.006378 0.999764
 1717057259.868530 1.299328 30.141445 -0.603070 -0.001857 0.009773 0.009019 0.999910
 1717057259.968777 1.304531 30.236345 -0.597002 -0.017985 0.009270 0.010393 0.999741
 1717057260.068942 1.308646 30.330602 -0.602952 -0.010060 0.019363 0.007939 0.999730
 1717057260.169184 1.307769 30.430657 -0.616445 -0.004817 0.022217 0.001279 0.999741
 1717057260.268480 1.301384 30.534803 -0.627962 0.008816 0.030162 -0.008231 0.999472
 1717057260.369164 1.293003 30.640479 -0.620880 0.018056 0.037698 -0.028788 0.998711
 1717057260.469370 1.289926 30.740966 -0.607867 0.020396 0.041980 -0.040077 0.998106
 1717057260.569317 1.291061 30.843952 -0.601517 -0.000309 0.042968 -0.040772 0.998244
 1717057260.668640 1.291618 30.943625 -0.608887 0.000216 0.043387 -0.037665 0.998348
 1717057260.768472 1.296842 31.048066 -0.625940 -0.000385 0.033374 -0.035220 0.998822
 1717057260.869322 1.310771 31.151225 -0.641455 -0.005742 0.034900 -0.020124 0.999172
 1717057260.969272 1.327755 31.253035 -0.644133 0.005568 0.023723 -0.013960 0.999606
 1717057261.068591 1.339552 31.352927 -0.635998 0.003721 0.016854 0.001828 0.999849
 1717057261.169262 1.347488 31.454552 -0.626605 -0.018830 0.010456 0.001713 0.999767
 1717057261.268543 1.352541 31.544679 -0.627698 -0.015580 0.017286 -0.000311 0.999729
 1717057261.369281 1.352243 31.632058 -0.642431 -0.010684 0.024212 -0.007100 0.999625
 1717057261.468528 1.353938 31.726346 -0.655625 -0.002150 0.029239 -0.011697 0.999502
 1717057261.568361 1.356096 31.828817 -0.653286 0.003487 0.032121 -0.027148 0.999109
 1717057261.668422 1.360262 31.927339 -0.644258 0.004081 0.034138 -0.031515 0.998912
 1717057261.768641 1.365476 32.025459 -0.636707 -0.007809 0.033780 -0.030392 0.998937
 1717057261.869185 1.372749 32.124514 -0.638389 -0.011871 0.038309 -0.027436 0.998819
 1717057261.969207 1.381969 32.221710 -0.652758 -0.005171 0.037683 -0.026682 0.998920
 1717057262.068442 1.393243 32.319841 -0.665996 0.003195 0.036246 -0.018199 0.999172
 1717057262.168466 1.404198 32.417302 -0.665567 0.012293 0.025996 -0.010944 0.999527
 1717057262.268185 1.412358 32.517641 -0.657000 0.003152 0.024026 -0.000304 0.999706
 1717057262.368183 1.416055 32.621051 -0.653089 -0.015174 0.025496 0.004527 0.999549
 1717057262.468541 1.417741 32.722603 -0.662953 -0.011469 0.021477 0.004112 0.999695
 1717057262.569216 1.417751 32.829048 -0.677620 -0.008173 0.024324 0.000390 0.999671
 1717057262.668562 1.415853 32.935615 -0.687807 0.007692 0.027836 -0.007913 0.999552
 1717057262.769210 1.413696 33.042102 -0.682995 0.016715 0.029716 -0.027016 0.999053
 1717057262.869443 1.415888 33.139957 -0.672808 0.011301 0.032897 -0.033037 0.998849
 1717057262.969069 1.421042 33.239773 -0.666018 -0.004640 0.037679 -0.043483 0.998333
 1717057263.071696 1.427296 33.339264 -0.673798 0.001835 0.043763 -0.042806 0.998123
 1717057263.167715 1.435468 33.443698 -0.690172 -0.003603 0.038743 -0.039926 0.998445
 1717057263.269165 1.445542 33.546459 -0.700637 0.007908 0.032891 -0.032454 0.998901
 1717057263.369181 1.453329 33.655537 -0.692028 -0.002869 0.032540 -0.026072 0.999126
 1717057263.468711 1.456608 33.758329 -0.684479 -0.012511 0.031575 -0.006083 0.999405
 1717057263.568761 1.454221 33.862314 -0.687229 -0.026947 0.023789 -0.003319 0.999348
 1717057263.668456 1.451966 33.967596 -0.699546 -0.022029 0.027708 -0.005234 0.999360
 1717057263.769257 1.447842 34.072791 -0.713906 -0.017976 0.034644 -0.014911 0.999127
 1717057263.869305 1.441769 34.175638 -0.716718 -0.006366 0.033787 -0.036502 0.998742
 1717057263.967982 1.441156 34.275826 -0.707161 -0.009973 0.040730 -0.050765 0.997830
 1717057264.069061 1.444935 34.372665 -0.700033 -0.020788 0.040055 -0.059205 0.997225
 1717057264.169231 1.450232 34.466910 -0.701579 -0.027613 0.046740 -0.062884 0.996543
 1717057264.269057 1.456748 34.562813 -0.715948 -0.023601 0.045009 -0.059331 0.996944
 1717057264.368847 1.466721 34.656130 -0.731205 -0.016077 0.037757 -0.046656 0.998068
 1717057264.470173 1.480127 34.752863 -0.730298 -0.001262 0.038141 -0.035373 0.998645
 1717057264.569359 1.496042 34.852159 -0.715686 -0.009714 0.042885 -0.023401 0.998759
 1717057264.669177 1.507398 34.951705 -0.707716 -0.018014 0.037750 -0.013991 0.999027
 1717057264.771699 1.514381 35.045346 -0.713605 -0.022331 0.030373 -0.009883 0.999240
 1717057264.868796 1.522570 35.144129 -0.729241 -0.020579 0.028804 -0.006576 0.999352
 1717057264.969177 1.529711 35.247648 -0.742649 -0.002873 0.029767 -0.016615 0.999415
 1717057265.069199 1.535631 35.351253 -0.737602 0.004012 0.029077 -0.029087 0.999146
 1717057265.169044 1.545350 35.454162 -0.724841 -0.001941 0.035410 -0.036426 0.998707
 1717057265.270266 1.554598 35.555484 -0.719153 -0.020849 0.039365 -0.035766 0.998367
 1717057265.369102 1.566210 35.653942 -0.726721 -0.014999 0.045859 -0.041692 0.997965
 1717057265.469615 1.578312 35.753868 -0.742151 -0.009379 0.042048 -0.041239 0.998220
 1717057265.569535 1.592056 35.860481 -0.753254 -0.008490 0.041553 -0.038313 0.998365
 1717057265.669319 1.602265 35.966272 -0.747258 -0.013393 0.043345 -0.032491 0.998442
 1717057265.768299 1.609006 36.071823 -0.736800 -0.017200 0.042505 -0.022673 0.998691
 1717057265.869268 1.611473 36.173552 -0.734657 -0.020428 0.030463 -0.018702 0.999152
 1717057265.969183 1.615755 36.272233 -0.744454 -0.012829 0.029677 -0.020646 0.999264
 1717057266.067410 1.619723 36.374362 -0.759622 -0.008440 0.035672 -0.027832 0.998940
 1717057266.169345 1.621218 36.474725 -0.767876 0.000423 0.032056 -0.048918 0.998288
 1717057266.268200 1.625741 36.581623 -0.761404 -0.004504 0.033690 -0.076208 0.996512
 1717057266.369829 1.632532 36.680198 -0.756222 -0.014800 0.034215 -0.079956 0.996101
 1717057266.468262 1.641909 36.780950 -0.756057 -0.024460 0.038492 -0.083222 0.995487
 1717057266.569131 1.653645 36.877295 -0.766704 -0.011864 0.039850 -0.072704 0.996486
 1717057266.668604 1.667485 36.973841 -0.779751 -0.007539 0.037439 -0.055427 0.997732
 1717057266.768526 1.681666 37.071647 -0.779635 0.000345 0.032722 -0.044194 0.998487
 1717057266.870848 1.694253 37.166353 -0.770459 -0.003473 0.034506 -0.026329 0.999052
 1717057266.969337 1.699025 37.262886 -0.766911 -0.030011 0.026102 -0.019409 0.999020
 1717057267.069095 1.702361 37.352685 -0.773890 -0.025022 0.026024 -0.017567 0.999194
 1717057267.165245 1.703449 37.452989 -0.788570 -0.019432 0.028414 -0.029156 0.998982
 1717057267.268350 1.700850 37.551813 -0.799266 -0.013086 0.030998 -0.046750 0.998340
 1717057267.368921 1.697647 37.654539 -0.795240 -0.007969 0.031976 -0.066150 0.997265
 1717057267.469227 1.697733 37.754055 -0.789348 -0.002090 0.029940 -0.077705 0.996525
 1717057267.569006 1.702038 37.850999 -0.787325 -0.026559 0.032355 -0.080301 0.995891
 1717057267.668948 1.709489 37.947401 -0.792203 -0.028735 0.044970 -0.081963 0.995206
 1717057267.769174 1.716191 38.044204 -0.803851 -0.022759 0.044454 -0.075990 0.995857
 1717057267.869384 1.723506 38.139858 -0.813859 -0.011032 0.041495 -0.053316 0.997654
 1717057267.969749 1.726692 38.238550 -0.808329 -0.016797 0.036280 -0.042027 0.998316
 1717057268.069424 1.728491 38.333698 -0.799000 -0.021269 0.041374 -0.030927 0.998438
 1717057268.168990 1.725841 38.430271 -0.800118 -0.036599 0.033403 -0.026834 0.998411
 1717057268.269065 1.722252 38.524348 -0.810294 -0.035427 0.027234 -0.025085 0.998686
 1717057268.369039 1.717446 38.620359 -0.823616 -0.031424 0.031338 -0.028235 0.998616
 1717057268.467354 1.708018 38.722589 -0.831417 -0.014499 0.028490 -0.049687 0.998253
 1717057268.569120 1.701930 38.823644 -0.822285 -0.017772 0.030553 -0.068855 0.997000
 1717057268.669188 1.702244 38.916934 -0.812455 -0.019387 0.039033 -0.070031 0.996592
 1717057268.769180 1.703981 39.008558 -0.810892 -0.028783 0.043052 -0.073134 0.995977
 1717057268.869234 1.706263 39.096546 -0.818588 -0.015819 0.050157 -0.066920 0.996371
 1717057268.967797 1.709936 39.187640 -0.830748 -0.010067 0.046295 -0.051932 0.997526
 1717057269.069022 1.713102 39.277340 -0.835799 0.004344 0.040878 -0.026548 0.998802
 1717057269.169134 1.712438 39.368801 -0.828348 0.003407 0.028161 -0.009439 0.999553
 1717057269.268984 1.706476 39.455436 -0.820781 -0.008160 0.027047 0.008978 0.999561
 1717057269.369056 1.697657 39.540730 -0.824121 -0.009220 0.022219 0.005516 0.999695
 1717057269.468889 1.685494 39.627614 -0.837254 -0.006408 0.015950 0.004611 0.999842
 1717057269.568688 1.669075 39.720184 -0.850823 -0.004386 0.021782 -0.009118 0.999712
 1717057269.668325 1.647094 39.812698 -0.852703 0.003634 0.026761 -0.025702 0.999305
 1717057269.768139 1.626766 39.906642 -0.844221 0.006250 0.036881 -0.037970 0.998578
 1717057269.868203 1.609738 39.993881 -0.836835 -0.003562 0.034403 -0.045396 0.998370
 1717057269.969776 1.596782 40.080072 -0.835494 -0.017366 0.039327 -0.036541 0.998407
 1717057270.068712 1.581731 40.170553 -0.843794 -0.006664 0.037970 -0.026454 0.998906
 1717057270.174256 1.569434 40.251501 -0.856059 -0.009519 0.033366 -0.005780 0.999381
 1717057270.269010 1.558422 40.329668 -0.864655 0.004438 0.032608 0.016932 0.999315
 1717057270.368239 1.543841 40.407634 -0.859183 0.002110 0.025740 0.037731 0.998954
 1717057270.469562 1.528132 40.483378 -0.851447 -0.002108 0.030020 0.052281 0.998179
 1717057270.569036 1.510180 40.554388 -0.852436 -0.005035 0.024661 0.045432 0.998650
 1717057270.668855 1.490247 40.628104 -0.862126 0.003089 0.027989 0.034569 0.999006
 1717057270.769030 1.463639 40.703610 -0.875891 0.002468 0.033566 0.016485 0.999298
 1717057270.869231 1.431834 40.775809 -0.884500 0.009485 0.037515 -0.003936 0.999243
 1717057270.968768 1.403669 40.845781 -0.882651 0.012369 0.041649 -0.032095 0.998540
 1717057271.071625 1.383273 40.911912 -0.876951 0.000015 0.044478 -0.052764 0.997616
 1717057271.170648 1.365272 40.976496 -0.876285 -0.010395 0.051264 -0.058247 0.996931
 1717057271.268195 1.343227 41.038249 -0.882351 -0.009836 0.048139 -0.060591 0.996953
 1717057271.368782 1.318405 41.092728 -0.890420 -0.004401 0.041418 -0.048815 0.997939
 1717057271.468186 1.293413 41.139253 -0.896094 0.015460 0.040246 -0.031622 0.998570
 1717057271.568846 1.265907 41.179640 -0.896903 0.010688 0.039346 -0.013320 0.999080
 1717057271.668319 1.231834 41.211684 -0.896323 -0.002172 0.031001 0.012416 0.999440
 1717057271.768893 1.189759 41.232911 -0.896220 -0.003765 0.024038 0.053880 0.998251
 1717057271.871370 1.145923 41.244816 -0.896380 0.003178 0.027942 0.087071 0.995805
 1717057271.967192 1.097943 41.250861 -0.895844 -0.000094 0.040855 0.125458 0.991257
 1717057272.070086 1.050004 41.251219 -0.894528 -0.009280 0.054928 0.164510 0.984801
 1717057272.168943 1.006881 41.246742 -0.894742 -0.013276 0.054186 0.208945 0.976335
 1717057272.270442 0.971605 41.239662 -0.894192 -0.014729 0.056455 0.256878 0.964681
 1717057272.370825 0.938710 41.228695 -0.892853 -0.023409 0.057187 0.315924 0.946770
 1717057272.469119 0.908017 41.214771 -0.895263 -0.025677 0.052789 0.377685 0.924071
 1717057272.569396 0.882468 41.201524 -0.897318 -0.030777 0.049973 0.437025 0.897532
 1717057272.668577 0.861711 41.189237 -0.897770 -0.034724 0.050858 0.495997 0.866138
 1717057272.769236 0.845842 41.181715 -0.896419 -0.035687 0.052093 0.552478 0.831132
 1717057272.868994 0.833167 41.175432 -0.892957 -0.031552 0.055197 0.606316 0.792678
 1717057272.969060 0.825634 41.169855 -0.890445 -0.021557 0.054219 0.658489 0.750325
 1717057273.069013 0.820552 41.166724 -0.890887 -0.019935 0.055399 0.705412 0.706348
 1717057273.168723 0.819018 41.164032 -0.893948 -0.025209 0.051975 0.751063 0.657698
 1717057273.269631 0.818976 41.160147 -0.898147 -0.029050 0.048508 0.789915 0.610604
 1717057273.368836 0.821542 41.156968 -0.900477 -0.034765 0.043465 0.820582 0.568813
 1717057273.474024 0.828991 41.153805 -0.901112 -0.042179 0.042727 0.848619 0.525586
 1717057273.568972 0.840300 41.145209 -0.901920 -0.044069 0.038285 0.872187 0.485677
 1717057273.668346 0.858935 41.133708 -0.902758 -0.044236 0.035561 0.895106 0.442225
 1717057273.768843 0.881830 41.118232 -0.902309 -0.046284 0.033290 0.913578 0.402648
 1717057273.868122 0.908468 41.098354 -0.899783 -0.049742 0.034061 0.929238 0.364530
 1717057273.968999 0.937858 41.075749 -0.896236 -0.054504 0.029662 0.941982 0.329878
 1717057274.069731 0.970571 41.054209 -0.892796 -0.057438 0.030036 0.954068 0.292495
 1717057274.169246 1.004895 41.033125 -0.891636 -0.061422 0.031461 0.964299 0.255664
 1717057274.268889 1.041950 41.011444 -0.889850 -0.066773 0.030048 0.974328 0.212895
 1717057274.369791 1.080511 40.989835 -0.889227 -0.069770 0.026698 0.982218 0.172239
 1717057274.468911 1.120114 40.968762 -0.890147 -0.072323 0.020392 0.988762 0.129242
 1717057274.569101 1.158137 40.948245 -0.891795 -0.074335 0.014129 0.993878 0.080504
 1717057274.669717 1.194315 40.925791 -0.894460 -0.068323 -0.000121 0.997286 0.027434
 1717057274.769020 1.227530 40.903165 -0.897323 -0.060175 -0.010125 0.997839 -0.024368
 1717057274.867984 1.256560 40.874584 -0.899242 -0.056048 -0.014059 0.995520 -0.074841
 1717057274.968147 1.281645 40.837183 -0.900571 -0.055856 -0.013794 0.991010 -0.120787
 1717057275.068746 1.301749 40.790513 -0.901274 -0.054845 -0.016188 0.986015 -0.156539
 1717057275.168050 1.317728 40.734995 -0.897891 -0.055079 -0.012226 0.980974 -0.185763
 1717057275.270098 1.335588 40.674471 -0.889172 -0.039854 -0.014158 0.979261 -0.198140
 1717057275.368059 1.349049 40.615848 -0.886091 -0.034695 -0.000270 0.977600 -0.207591
 1717057275.467266 1.366705 40.552164 -0.885899 -0.025968 -0.011599 0.978381 -0.204847
 1717057275.567866 1.385637 40.482688 -0.887942 -0.035104 -0.013617 0.982248 -0.183770
 1717057275.668700 1.409129 40.410618 -0.891233 -0.039484 -0.014093 0.985965 -0.161603
 1717057275.768927 1.438940 40.334565 -0.892312 -0.037880 -0.005255 0.991244 -0.126380
 1717057275.869037 1.468658 40.256012 -0.881783 -0.035276 -0.011969 0.995610 -0.085872
 1717057275.968839 1.488637 40.178839 -0.867016 -0.052096 -0.003232 0.996934 -0.058290
 1717057276.068835 1.500460 40.100880 -0.858180 -0.055006 -0.005375 0.998225 -0.022209
 1717057276.168799 1.502295 40.024926 -0.855903 -0.063756 -0.012940 0.997768 -0.015030
 1717057276.273227 1.498471 39.944613 -0.860956 -0.070416 -0.001644 0.997470 -0.009663
 1717057276.368827 1.494427 39.863539 -0.868176 -0.059867 0.011706 0.997997 -0.016757
 1717057276.468845 1.489678 39.778509 -0.862207 -0.049750 -0.000248 0.998592 -0.018431
 1717057276.568788 1.485413 39.695222 -0.853302 -0.049294 0.006697 0.998497 -0.023016
 1717057276.668786 1.485648 39.611751 -0.846843 -0.046264 -0.008026 0.998420 -0.030871
 1717057276.769629 1.489236 39.528044 -0.846683 -0.049961 -0.008420 0.998324 -0.027983
 1717057276.868711 1.496685 39.439619 -0.852279 -0.052971 -0.003099 0.998176 -0.028790
 1717057276.968097 1.510794 39.345060 -0.855792 -0.050646 0.008325 0.998534 -0.017177
 1717057277.068760 1.526846 39.246820 -0.844838 -0.046177 0.007173 0.998907 0.000213
 1717057277.168932 1.536177 39.149832 -0.832111 -0.047705 0.017762 0.998666 0.008643
 1717057277.269138 1.540283 39.057903 -0.820699 -0.051780 0.001896 0.998572 0.013030
 1717057277.369542 1.540091 38.965783 -0.819555 -0.058123 0.004903 0.998200 0.013954
 1717057277.470197 1.537825 38.871836 -0.826676 -0.057990 0.010588 0.998192 0.011767
 1717057277.569064 1.532992 38.780760 -0.831020 -0.054738 0.022571 0.998235 -0.004677
 1717057277.668907 1.529389 38.695334 -0.828271 -0.050459 0.039454 0.997788 -0.017811
 1717057277.768783 1.530581 38.604120 -0.815531 -0.041993 0.022036 0.998471 -0.028405
 1717057277.869484 1.532859 38.505160 -0.804913 -0.048414 0.002932 0.998576 -0.022217
 1717057277.968919 1.537488 38.407355 -0.810990 -0.044550 0.028526 0.998317 -0.023773
 1717057278.068783 1.545055 38.306354 -0.815653 -0.045149 0.038869 0.998093 -0.016151
 1717057278.168577 1.554818 38.204080 -0.807895 -0.054173 0.053598 0.997090 -0.001968
 1717057278.268966 1.563780 38.100948 -0.790915 -0.058469 0.054230 0.996813 0.002114
 1717057278.368833 1.567261 37.996709 -0.777627 -0.060425 0.032451 0.997623 0.006599
 1717057278.468749 1.566666 37.885958 -0.776335 -0.069360 0.012268 0.997421 0.013814
 1717057278.568825 1.566234 37.773064 -0.786128 -0.074368 0.014970 0.997066 0.010212
 1717057278.668886 1.564353 37.660907 -0.797954 -0.066366 0.018084 0.997627 0.002959
 1717057278.768839 1.565067 37.552834 -0.797754 -0.053772 0.020019 0.998292 -0.010964
 1717057278.868538 1.570589 37.449373 -0.787569 -0.038136 0.014784 0.998995 -0.018307
 1717057278.967844 1.578466 37.340338 -0.779416 -0.027565 -0.005529 0.999421 -0.019147
 1717057279.069000 1.584223 37.235086 -0.782790 -0.030562 -0.005100 0.999311 -0.020439
 1717057279.167070 1.592780 37.124137 -0.791696 -0.036586 0.001206 0.999239 -0.013500
 1717057279.269428 1.603594 37.018737 -0.791240 -0.039414 0.010863 0.999145 0.006134
 1717057279.368697 1.612379 36.912140 -0.775003 -0.044311 0.005063 0.998703 0.024568
 1717057279.467133 1.615432 36.808076 -0.757959 -0.055767 0.004140 0.998057 0.027478
 1717057279.568668 1.615285 36.706583 -0.747269 -0.058437 -0.004485 0.997438 0.041017
 1717057279.668802 1.611970 36.607168 -0.750248 -0.061658 0.008700 0.997138 0.042879
 1717057279.768668 1.607567 36.504904 -0.761012 -0.056965 0.016461 0.997526 0.037768
 1717057279.868780 1.601014 36.402801 -0.761877 -0.052109 0.021019 0.998154 0.023055
 1717057279.968830 1.592427 36.300683 -0.747245 -0.059768 0.021664 0.997808 0.018397
 1717057280.068788 1.587289 36.195517 -0.735081 -0.057096 0.004339 0.998209 0.017318
 1717057280.169435 1.584484 36.090599 -0.738435 -0.049423 -0.002555 0.998548 0.021267
 1717057280.269418 1.580780 35.985019 -0.749233 -0.051187 0.003852 0.998198 0.031071
 1717057280.368901 1.578727 35.878137 -0.753506 -0.055164 0.020213 0.997055 0.049285
 1717057280.468828 1.574665 35.771760 -0.743199 -0.056421 0.028924 0.995540 0.069852
 1717057280.568678 1.561441 35.668813 -0.727395 -0.063276 0.017962 0.994463 0.081961
 1717057280.668689 1.545286 35.562612 -0.721237 -0.069939 -0.000333 0.993621 0.088463
 1717057280.769753 1.530099 35.459233 -0.728848 -0.063872 0.013466 0.993715 0.090941
 1717057280.868739 1.513648 35.355697 -0.738545 -0.053895 0.019175 0.995280 0.078389
 1717057280.968691 1.497763 35.254944 -0.738322 -0.045327 0.033428 0.996935 0.054308
 1717057281.068704 1.482378 35.154119 -0.722611 -0.049061 0.028178 0.997667 0.038210
 1717057281.166944 1.472476 35.053217 -0.712724 -0.047136 0.021439 0.998476 0.019060
 1717057281.268743 1.469376 34.952098 -0.715215 -0.042131 -0.000768 0.999107 0.003103
 1717057281.368692 1.468501 34.850075 -0.727882 -0.042930 0.002725 0.999074 0.001132
 1717057281.468621 1.470543 34.743475 -0.738123 -0.047422 0.014270 0.998754 0.006146
 1717057281.566925 1.475891 34.628940 -0.731365 -0.044116 0.016113 0.998671 0.021244
 1717057281.668734 1.475178 34.521797 -0.713318 -0.048074 0.019198 0.998222 0.029556
 1717057281.768639 1.469301 34.412975 -0.698764 -0.052661 0.003120 0.998248 0.026806
 1717057281.868703 1.460747 34.307271 -0.696946 -0.065348 0.000519 0.997442 0.028974
 1717057281.968717 1.454955 34.203395 -0.707823 -0.066117 0.005615 0.997319 0.030860
 1717057282.066901 1.448561 34.097312 -0.717946 -0.051240 0.022878 0.998116 0.024813
 1717057282.168718 1.442266 33.993472 -0.709507 -0.049944 0.022127 0.998397 0.014820
 1717057282.268723 1.437522 33.892668 -0.695371 -0.051169 0.018118 0.998512 0.005311
 1717057282.368616 1.437450 33.786189 -0.687395 -0.041931 0.001948 0.999107 0.004746
 1717057282.468661 1.439514 33.679801 -0.693136 -0.041481 0.012933 0.999054 0.001820
 1717057282.568683 1.444141 33.572688 -0.702356 -0.044666 0.017404 0.998817 0.008127
 1717057282.667840 1.449379 33.461175 -0.700153 -0.048480 0.026574 0.997903 0.033654
 1717057282.768667 1.450862 33.356160 -0.684246 -0.060058 0.028495 0.996560 0.049483
 1717057282.868705 1.448055 33.251281 -0.669422 -0.061169 0.008750 0.996601 0.054485
 1717057282.969300 1.440400 33.149095 -0.668738 -0.063705 0.005053 0.996322 0.057077
 1717057283.068604 1.429928 33.045685 -0.680948 -0.067200 0.011086 0.996565 0.047106
 1717057283.168853 1.416216 32.946033 -0.688932 -0.061505 0.012315 0.997495 0.032695
 1717057283.268692 1.404368 32.844968 -0.680551 -0.054621 0.016645 0.998067 0.024516
 1717057283.368782 1.393910 32.743702 -0.666060 -0.054143 0.013209 0.998444 0.001834
 1717057283.469270 1.391465 32.639962 -0.662016 -0.046080 -0.006254 0.998913 -0.003367
 1717057283.568582 1.390475 32.533698 -0.669008 -0.047003 -0.009196 0.998826 -0.007206
 1717057283.668541 1.393253 32.423874 -0.679047 -0.052242 -0.006640 0.998610 0.002393
 1717057283.768608 1.399560 32.310944 -0.678841 -0.050114 0.001737 0.998471 0.023277
 1717057283.868717 1.402827 32.199354 -0.664631 -0.052977 -0.002778 0.997853 0.038411
 1717057283.968628 1.399416 32.089632 -0.651574 -0.055218 -0.019408 0.997496 0.039702
 1717057284.069268 1.387775 31.980532 -0.646970 -0.064783 -0.021511 0.996702 0.043874
 1717057284.172661 1.374523 31.870825 -0.651301 -0.070060 -0.009884 0.996470 0.045180
 1717057284.268736 1.360752 31.765508 -0.658058 -0.062174 -0.000529 0.997544 0.032236
 1717057284.368592 1.349115 31.664026 -0.652637 -0.052307 0.006668 0.998527 0.012742
 1717057284.468524 1.340111 31.560690 -0.639134 -0.050281 -0.002502 0.998680 -0.010163
 1717057284.568542 1.341121 31.456777 -0.629873 -0.040563 -0.020001 0.998822 -0.017611
 1717057284.668628 1.345271 31.359706 -0.636494 -0.037067 -0.005254 0.999023 -0.023505
 1717057284.768517 1.349063 31.263527 -0.645114 -0.043419 0.006691 0.998770 -0.022971
 1717057284.868477 1.354357 31.164334 -0.645373 -0.047291 0.019155 0.998685 -0.005043
 1717057284.968542 1.354566 31.064974 -0.632418 -0.060764 0.016537 0.997978 0.008575
 1717057285.068794 1.350313 30.965420 -0.619728 -0.064961 0.001061 0.997810 0.012382
 1717057285.168557 1.341828 30.863096 -0.615267 -0.073594 -0.007599 0.997090 0.018401
 1717057285.269220 1.331826 30.758939 -0.618894 -0.079171 -0.002785 0.996738 0.015386
 1717057285.369429 1.321826 30.651795 -0.629078 -0.077515 0.010607 0.996931 -0.002643
 1717057285.468551 1.312775 30.546637 -0.623402 -0.063278 0.015067 0.997840 -0.009172
 1717057285.568575 1.304454 30.437944 -0.609764 -0.057124 0.000174 0.998290 -0.012383
 1717057285.670127 1.300070 30.335852 -0.601632 -0.047758 -0.001381 0.998748 -0.014843
 1717057285.769244 1.299325 30.236172 -0.602411 -0.044803 0.010417 0.998923 -0.006036
 1717057285.868581 1.299998 30.136160 -0.609048 -0.053739 0.020962 0.998335 -0.000400
 1717057285.968505 1.302200 30.034610 -0.612611 -0.059573 0.032400 0.997479 0.020886
 1717057286.068470 1.303596 29.930175 -0.601996 -0.056739 0.026266 0.996893 0.047906
 1717057286.169271 1.301916 29.830126 -0.588437 -0.050556 0.014597 0.996773 0.060620
 1717057286.268553 1.296937 29.734888 -0.582682 -0.057707 0.001776 0.996071 0.067146
 1717057286.368472 1.288429 29.643277 -0.589259 -0.060594 0.010558 0.995745 0.068618
 1717057286.468816 1.279405 29.550634 -0.598293 -0.056701 0.011275 0.996279 0.063920
 1717057286.568450 1.267867 29.463631 -0.600141 -0.053126 0.025492 0.996661 0.056524
 1717057286.668488 1.256756 29.378663 -0.589743 -0.045020 0.031699 0.997163 0.051322
 1717057286.768502 1.245485 29.297243 -0.577165 -0.047059 0.023494 0.997043 0.056023
 1717057286.868488 1.234344 29.217089 -0.572880 -0.045070 0.022140 0.996405 0.068228
 1717057286.969196 1.222603 29.137264 -0.578101 -0.044269 0.025804 0.994707 0.089068
 1717057287.069258 1.211575 29.055276 -0.584382 -0.049314 0.030165 0.991557 0.116077
 1717057287.168438 1.200352 28.975380 -0.583560 -0.049983 0.034621 0.988147 0.140953
 1717057287.269303 1.184871 28.900641 -0.576230 -0.053345 0.040625 0.982298 0.174911
 1717057287.368854 1.158841 28.829930 -0.568771 -0.066993 0.039648 0.978436 0.191321
 1717057287.470840 1.125761 28.762504 -0.570225 -0.067485 0.031114 0.974575 0.211378
 1717057287.568507 1.081046 28.691763 -0.577976 -0.063387 0.024406 0.969417 0.235833
 1717057287.668667 1.025601 28.624258 -0.586754 -0.063833 0.021711 0.964848 0.254013
 1717057287.769360 0.964792 28.560846 -0.588632 -0.053704 0.026596 0.959996 0.273525
 1717057287.869343 0.902480 28.497760 -0.582202 -0.052206 0.011683 0.952918 0.298472
 1717057287.968840 0.844154 28.438042 -0.582052 -0.046464 0.020635 0.946572 0.318459
 1717057288.068661 0.780926 28.378679 -0.582106 -0.052084 0.008563 0.935541 0.349252
 1717057288.169240 0.714191 28.320149 -0.590158 -0.055179 0.017420 0.920565 0.386281
 1717057288.269168 0.646042 28.260329 -0.595771 -0.054710 0.024704 0.900825 0.430012
 1717057288.369253 0.576817 28.205080 -0.590902 -0.052856 0.037711 0.874551 0.480567
 1717057288.469229 0.500707 28.157751 -0.579798 -0.069580 0.040588 0.844508 0.529450
 1717057288.568540 0.422090 28.118749 -0.574848 -0.080586 0.035375 0.819264 0.566622
 1717057288.668447 0.338835 28.084341 -0.580125 -0.087969 0.024793 0.798980 0.594371
 1717057288.769271 0.252672 28.055375 -0.595194 -0.084619 0.025646 0.785871 0.612036
 1717057288.869332 0.165821 28.032425 -0.609551 -0.077539 0.028077 0.777775 0.623110
 1717057288.968486 0.076079 28.013904 -0.610666 -0.074480 0.024435 0.775779 0.626118
 1717057289.068613 -0.014432 27.998442 -0.606381 -0.073608 0.021913 0.763546 0.641170
 1717057289.173305 -0.104302 27.983212 -0.602801 -0.073671 0.008700 0.754496 0.652099
 1717057289.269447 -0.193114 27.970534 -0.607414 -0.069813 0.014912 0.742988 0.665486
 1717057289.370962 -0.283086 27.955877 -0.618687 -0.063757 0.024685 0.731366 0.678549
 1717057289.468576 -0.377452 27.939495 -0.626247 -0.061433 0.026514 0.711923 0.699063
 1717057289.569223 -0.478429 27.926072 -0.617982 -0.075542 0.020109 0.692052 0.717602
 1717057289.669396 -0.573939 27.923292 -0.609542 -0.073049 0.038723 0.678200 0.730212
 1717057289.769328 -0.674257 27.927834 -0.607354 -0.090238 0.023198 0.665548 0.740517
 1717057289.868479 -0.772553 27.935981 -0.617235 -0.086207 0.027185 0.659670 0.746100
 1717057289.968569 -0.874006 27.950095 -0.632508 -0.080938 0.028556 0.657262 0.748759
 1717057290.071697 -0.967004 27.965739 -0.635447 -0.069653 0.027226 0.671330 0.737376
 1717057290.169153 -1.065176 27.981432 -0.624305 -0.065582 0.016946 0.678916 0.731084
 1717057290.268324 -1.160602 27.993418 -0.616005 -0.070438 0.014016 0.684162 0.725785
 1717057290.366799 -1.258763 28.006985 -0.620383 -0.072128 0.017699 0.683478 0.726184
 1717057290.469085 -1.359290 28.019110 -0.635306 -0.068070 0.020465 0.679998 0.729761
 1717057290.568560 -1.461832 28.029632 -0.646979 -0.057100 0.031375 0.678159 0.732021
 1717057290.669271 -1.566737 28.041421 -0.644590 -0.047298 0.036451 0.666203 0.743376
 1717057290.769186 -1.671563 28.058840 -0.634031 -0.050934 0.036037 0.659805 0.748842
 1717057290.868603 -1.773965 28.080237 -0.628801 -0.063661 0.030238 0.659223 0.748637
 1717057290.968465 -1.874935 28.101370 -0.637676 -0.068131 0.043215 0.660812 0.746202
 1717057291.069175 -1.973329 28.120524 -0.653763 -0.056466 0.046297 0.670775 0.738057
 1717057291.172353 -2.069337 28.139994 -0.660246 -0.036049 0.047952 0.686433 0.724714
 1717057291.269220 -2.170318 28.159714 -0.649754 -0.035662 0.038155 0.695421 0.716702
 1717057291.369092 -2.275398 28.174618 -0.641615 -0.051545 0.025709 0.702129 0.709716
 1717057291.469284 -2.378187 28.185978 -0.650533 -0.048495 0.022770 0.701171 0.710977
 1717057291.568627 -2.481136 28.194218 -0.666603 -0.039511 0.031359 0.697132 0.715166
 1717057291.669135 -2.588746 28.199560 -0.677555 -0.034768 0.048099 0.681872 0.729060
 1717057291.769290 -2.698129 28.204354 -0.671039 -0.037663 0.057352 0.662870 0.745584
 1717057291.869185 -2.805268 28.214737 -0.661051 -0.041205 0.061800 0.655177 0.751815
 1717057291.973296 -2.914881 28.228160 -0.656485 -0.061355 0.044559 0.648369 0.757541
 1717057292.069268 -3.020811 28.241815 -0.665531 -0.064604 0.050956 0.646734 0.758264
 1717057292.169947 -3.126906 28.253982 -0.681945 -0.054251 0.056375 0.652011 0.754162
 1717057292.269328 -3.227551 28.264990 -0.690650 -0.041480 0.050687 0.668968 0.740400
 1717057292.368478 -3.330647 28.275802 -0.683053 -0.043090 0.038027 0.687818 0.723605
 1717057292.468353 -3.432693 28.285285 -0.675048 -0.042523 0.030813 0.700202 0.712011
 1717057292.569132 -3.534787 28.293424 -0.679062 -0.040002 0.029321 0.704633 0.707837
 1717057292.668271 -3.638459 28.303038 -0.694529 -0.035677 0.032732 0.700465 0.712043
 1717057292.769284 -3.744196 28.313309 -0.709005 -0.037778 0.041349 0.688031 0.723516
 1717057292.870248 -3.858362 28.324481 -0.706011 -0.043105 0.036775 0.662991 0.746480
 1717057292.968532 -3.968114 28.340559 -0.698225 -0.036386 0.040500 0.642870 0.764038
 1717057293.069114 -4.070887 28.360569 -0.693909 -0.039933 0.041698 0.638586 0.767382
 1717057293.171191 -4.172390 28.385146 -0.700504 -0.049847 0.055455 0.639082 0.765516
 1717057293.269409 -4.275190 28.409402 -0.716357 -0.042359 0.058416 0.643293 0.762212
 1717057293.369001 -4.375567 28.431788 -0.725870 -0.024483 0.060098 0.661686 0.746967
 1717057293.469247 -4.477829 28.450216 -0.718451 -0.030288 0.045334 0.675338 0.735490
 1717057293.569037 -4.582393 28.465314 -0.710816 -0.040373 0.034455 0.683775 0.727760
 1717057293.668350 -4.684481 28.477586 -0.719215 -0.042734 0.027399 0.692452 0.719676
 1717057293.768549 -4.786330 28.489334 -0.739427 -0.034902 0.032714 0.693622 0.718749
 1717057293.869231 -4.891851 28.501348 -0.753668 -0.033856 0.039199 0.685044 0.726658
 1717057293.968931 -4.997091 28.513232 -0.750404 -0.033134 0.046207 0.673904 0.736628
 1717057294.068917 -5.101708 28.526420 -0.742963 -0.035717 0.042261 0.672370 0.738144
 1717057294.169206 -5.199524 28.537991 -0.737365 -0.047039 0.034115 0.682080 0.728966
 1717057294.269686 -5.292429 28.549477 -0.742167 -0.049335 0.044844 0.689149 0.721546
 1717057294.369247 -5.383016 28.561706 -0.758118 -0.041152 0.055103 0.704639 0.706225
 1717057294.469102 -5.468184 28.574076 -0.770696 -0.027118 0.056150 0.723781 0.687206
 1717057294.569015 -5.550631 28.580836 -0.767591 -0.023650 0.040740 0.745799 0.664503
 1717057294.670741 -5.628220 28.580428 -0.758224 -0.027190 0.031129 0.759170 0.649579
 1717057294.769194 -5.695477 28.575814 -0.753018 -0.031257 0.033372 0.774606 0.630789
 1717057294.868372 -5.758517 28.566871 -0.757672 -0.031208 0.041130 0.785632 0.616537
 1717057294.969118 -5.819942 28.552535 -0.765369 -0.036000 0.040868 0.795462 0.603552
 1717057295.067371 -5.878912 28.534863 -0.771410 -0.033884 0.045616 0.804603 0.591088
 1717057295.168252 -5.937704 28.514934 -0.769481 -0.038526 0.036256 0.811648 0.581746
 1717057295.269215 -5.987461 28.500524 -0.765347 -0.044761 0.037548 0.827431 0.558520
 1717057295.369179 -6.033376 28.485994 -0.762808 -0.053752 0.031789 0.841019 0.537390
 1717057295.469214 -6.071216 28.473728 -0.764168 -0.052455 0.035654 0.860273 0.505874
 1717057295.569104 -6.105213 28.462312 -0.766988 -0.049336 0.040252 0.881390 0.468078
 1717057295.669195 -6.139844 28.451525 -0.767767 -0.050327 0.039814 0.905290 0.419920
 1717057295.769068 -6.166509 28.440918 -0.766614 -0.041746 0.039968 0.927501 0.369325
 1717057295.868548 -6.182985 28.428168 -0.766492 -0.031188 0.043960 0.942976 0.328469
 1717057295.966366 -6.192580 28.412980 -0.763683 -0.037534 0.035092 0.958883 0.279112
 1717057296.069075 -6.191108 28.393381 -0.761876 -0.041562 0.034563 0.970001 0.237016
 1717057296.169451 -6.181227 28.367110 -0.760539 -0.041159 0.030363 0.978281 0.200874
 1717057296.270064 -6.164716 28.336479 -0.759063 -0.048098 0.025179 0.984949 0.164097
 1717057296.369268 -6.140382 28.305109 -0.757703 -0.051822 0.034708 0.988853 0.135202
 1717057296.469287 -6.109982 28.275613 -0.754125 -0.052826 0.041252 0.991776 0.109030
 1717057296.568152 -6.076818 28.247734 -0.749800 -0.056311 0.039213 0.994686 0.076754
 1717057296.669221 -6.045456 28.225148 -0.745981 -0.064872 0.034161 0.996475 0.040762
 1717057296.769000 -6.013560 28.206002 -0.743336 -0.065795 0.022718 0.997561 -0.005218
 1717057296.869402 -5.980333 28.191274 -0.744557 -0.060923 0.021455 0.996666 -0.049841
 1717057296.968936 -5.948191 28.176653 -0.744865 -0.056109 0.010522 0.993383 -0.099657
 1717057297.069220 -5.913110 28.164791 -0.746972 -0.052949 0.010469 0.987571 -0.147616
 1717057297.169064 -5.876787 28.152211 -0.750566 -0.048372 0.009636 0.979840 -0.193598
 1717057297.269195 -5.837952 28.137420 -0.752750 -0.047522 0.007757 0.968426 -0.244606
 1717057297.369143 -5.796336 28.122415 -0.753034 -0.047371 0.011440 0.954852 -0.293057
 1717057297.469105 -5.755415 28.112378 -0.749070 -0.048038 0.025850 0.936893 -0.345335
 1717057297.569227 -5.714376 28.105360 -0.745366 -0.042715 0.026859 0.915738 -0.398595
 1717057297.669055 -5.674104 28.102384 -0.743465 -0.043750 0.026660 0.890964 -0.451174
 1717057297.769042 -5.628807 28.105651 -0.741171 -0.040105 0.014315 0.864720 -0.500445
 1717057297.868009 -5.573970 28.113232 -0.741153 -0.043898 0.005950 0.840344 -0.540240
 1717057297.969074 -5.509564 28.124039 -0.743693 -0.039057 -0.002971 0.825978 -0.562339
 1717057298.069053 -5.440403 28.139394 -0.746839 -0.050453 -0.005436 0.807494 -0.587689
 1717057298.169878 -5.365812 28.161314 -0.746284 -0.055201 -0.004574 0.793563 -0.605962
 1717057298.269102 -5.281546 28.188215 -0.735058 -0.049282 -0.020023 0.789022 -0.612058
 1717057298.370570 -5.203393 28.208231 -0.728755 -0.054803 -0.030821 0.776117 -0.627446
 1717057298.469156 -5.123054 28.220527 -0.727406 -0.043457 -0.037586 0.763913 -0.642756
 1717057298.569026 -5.039961 28.226188 -0.732292 -0.038738 -0.034594 0.751763 -0.657385
 1717057298.668129 -4.948276 28.225360 -0.739008 -0.034344 -0.032908 0.745673 -0.664612
 1717057298.769017 -4.856123 28.219317 -0.743143 -0.037114 -0.024036 0.734295 -0.677388
 1717057298.869136 -4.767447 28.213778 -0.734580 -0.037024 -0.013008 0.722060 -0.690717
 1717057298.969122 -4.674069 28.209847 -0.719619 -0.026450 -0.015195 0.712774 -0.700730
 1717057299.068661 -4.581105 28.207860 -0.710013 -0.019143 -0.023654 0.705495 -0.708062
 1717057299.169042 -4.488026 28.207072 -0.713089 -0.016584 -0.017705 0.705633 -0.708162
 1717057299.269041 -4.390213 28.206014 -0.721025 -0.014931 -0.015719 0.705717 -0.708162
 1717057299.368978 -4.293265 28.206096 -0.724079 -0.029601 -0.004577 0.709239 -0.704331
 1717057299.469099 -4.193852 28.207234 -0.714241 -0.036950 -0.001587 0.722808 -0.690059
 1717057299.568891 -4.095660 28.205489 -0.703346 -0.037035 -0.003029 0.728718 -0.683805
 1717057299.668949 -3.997533 28.203443 -0.694187 -0.024854 -0.011000 0.727613 -0.685449
 1717057299.769082 -3.901727 28.200036 -0.694043 -0.041651 -0.007364 0.727155 -0.685169
 1717057299.869994 -3.800231 28.196383 -0.699656 -0.042310 -0.004896 0.724573 -0.687881
 1717057299.969785 -3.702232 28.192267 -0.701271 -0.044707 0.004355 0.716909 -0.695718
 1717057300.069009 -3.604707 28.190599 -0.691362 -0.047650 0.013367 0.711321 -0.701123
 1717057300.169073 -3.503680 28.194662 -0.677871 -0.035190 0.004422 0.705746 -0.707577
 1717057300.269098 -3.398000 28.198700 -0.675468 -0.029408 -0.004589 0.712006 -0.701542
 1717057300.368989 -3.291657 28.204733 -0.684734 -0.035214 -0.002703 0.713193 -0.700077
 1717057300.468906 -3.183642 28.215188 -0.692080 -0.046933 0.004390 0.721502 -0.690806
 1717057300.569056 -3.073726 28.227476 -0.687844 -0.045728 0.001415 0.731002 -0.680840
 1717057300.669068 -2.971977 28.235639 -0.678840 -0.042857 0.001159 0.733121 -0.678746
 1717057300.768966 -2.867891 28.236014 -0.668168 -0.036575 -0.021032 0.727551 -0.684755
 1717057300.869343 -2.760617 28.235538 -0.670018 -0.035459 -0.021161 0.722703 -0.689924
 1717057300.968954 -2.653784 28.233970 -0.678886 -0.039070 -0.009240 0.717766 -0.695126
 1717057301.068937 -2.551370 28.231070 -0.682483 -0.041241 0.000489 0.705401 -0.707608
 1717057301.169062 -2.447408 28.227773 -0.670990 -0.042328 0.001933 0.700323 -0.712567
 1717057301.269006 -2.343933 28.226099 -0.653584 -0.036439 -0.011197 0.691981 -0.720909
 1717057301.368867 -2.239359 28.225182 -0.648853 -0.035504 -0.010500 0.693951 -0.719069
 1717057301.468863 -2.133326 28.225289 -0.656302 -0.032880 -0.000408 0.701421 -0.711988
 1717057301.566943 -2.021722 28.225882 -0.663442 -0.042923 0.000030 0.709955 -0.702938
 1717057301.669013 -1.910975 28.225346 -0.656371 -0.044783 -0.002968 0.729919 -0.682059
 1717057301.769048 -1.800208 28.219437 -0.644537 -0.042453 -0.005292 0.741267 -0.669846
 1717057301.871806 -1.695799 28.210479 -0.635027 -0.030523 -0.017253 0.750467 -0.659978
 1717057301.968197 -1.589533 28.197021 -0.634152 -0.042272 -0.019965 0.752590 -0.656827
 1717057302.069031 -1.485925 28.182815 -0.641527 -0.051402 -0.004509 0.749383 -0.660123
 1717057302.168932 -1.386430 28.169272 -0.642470 -0.053206 0.012389 0.737967 -0.672622
 1717057302.268939 -1.286884 28.156753 -0.628997 -0.048881 0.012655 0.730566 -0.680973
 1717057302.369347 -1.181621 28.147058 -0.617603 -0.029428 0.003896 0.731926 -0.680737
 1717057302.471478 -1.082235 28.137626 -0.618040 -0.024828 0.000497 0.735176 -0.677421
 1717057302.568905 -0.981142 28.128440 -0.626016 -0.039137 0.002701 0.743572 -0.667504
 1717057302.668984 -0.881644 28.123215 -0.630250 -0.057640 0.015124 0.759836 -0.647378
 1717057302.768918 -0.785151 28.118377 -0.619131 -0.061778 0.020879 0.777895 -0.625002
 1717057302.868907 -0.692783 28.107048 -0.605040 -0.062514 0.012820 0.785069 -0.616112
 1717057302.968940 -0.598312 28.091728 -0.596157 -0.053478 -0.003452 0.795744 -0.603258
 1717057303.068864 -0.506703 28.073073 -0.599930 -0.055795 -0.002509 0.800925 -0.596155
 1717057303.168844 -0.415183 28.050572 -0.607971 -0.052581 -0.001884 0.804451 -0.591684
 1717057303.268965 -0.328190 28.025938 -0.612954 -0.055628 0.007998 0.804110 -0.591818
 1717057303.368920 -0.244833 28.002202 -0.604630 -0.055959 0.012469 0.804600 -0.591044
 1717057303.468871 -0.159344 27.980442 -0.590092 -0.050530 0.002871 0.807023 -0.588348
 1717057303.568983 -0.076898 27.959570 -0.584924 -0.052269 0.007272 0.815366 -0.576536
 1717057303.668856 0.008986 27.936443 -0.588740 -0.044447 0.004596 0.827471 -0.559728
 1717057303.768890 0.096674 27.911003 -0.593866 -0.054883 0.003864 0.841993 -0.536675
 1717057303.868844 0.181252 27.888244 -0.593825 -0.063768 0.013254 0.858299 -0.508999
 1717057303.969121 0.264113 27.859459 -0.581610 -0.065404 0.006604 0.876720 -0.476488
 1717057304.068819 0.338530 27.822785 -0.571583 -0.069482 0.008001 0.890766 -0.449049
 1717057304.169649 0.409803 27.776743 -0.565682 -0.063504 -0.008874 0.904131 -0.422416
 1717057304.268893 0.474996 27.726185 -0.569273 -0.069858 -0.007405 0.912549 -0.402890
 1717057304.368881 0.540406 27.671435 -0.576944 -0.061478 -0.002411 0.920895 -0.384925
 1717057304.468776 0.599181 27.614540 -0.577895 -0.063191 0.013348 0.925238 -0.373849
 1717057304.568828 0.653222 27.556573 -0.569505 -0.063509 0.018304 0.929653 -0.362459
 1717057304.668780 0.708223 27.495631 -0.559928 -0.058690 0.009355 0.935965 -0.347042
 1717057304.768893 0.764083 27.426869 -0.554636 -0.052432 0.001143 0.946563 -0.318226
 1717057304.868957 0.817571 27.355960 -0.557999 -0.059844 0.008603 0.954319 -0.292610
 1717057304.969690 0.872191 27.283714 -0.561808 -0.064916 0.015208 0.963392 -0.259674
 1717057305.069608 0.925308 27.209178 -0.556356 -0.069907 0.019398 0.971067 -0.227522
 1717057305.168948 0.969592 27.129631 -0.542272 -0.077710 0.017338 0.980185 -0.181380
 1717057305.268950 1.004178 27.048143 -0.535253 -0.083475 0.024150 0.986058 -0.141911
 1717057305.368884 1.033997 26.956699 -0.532022 -0.081678 0.004203 0.990556 -0.110049
 1717057305.468757 1.058625 26.859774 -0.537741 -0.082365 0.007360 0.992877 -0.085769
 1717057305.571067 1.079311 26.761559 -0.545143 -0.075913 0.017299 0.994465 -0.070545
 1717057305.668819 1.096288 26.664124 -0.544309 -0.068185 0.020237 0.994575 -0.075904
 1717057305.768766 1.113843 26.564121 -0.536398 -0.065086 0.010272 0.995668 -0.065603
 1717057305.868896 1.131593 26.460992 -0.530214 -0.059387 -0.007581 0.996237 -0.062667
 1717057305.969743 1.146391 26.356213 -0.532668 -0.060528 -0.010517 0.996897 -0.049208
 1717057306.076139 1.162908 26.251682 -0.541495 -0.065316 0.003731 0.997188 -0.036555
 1717057306.168832 1.181224 26.143507 -0.542520 -0.067982 0.020702 0.997400 -0.011949
 1717057306.268775 1.196737 26.031870 -0.527649 -0.071947 0.012325 0.997279 0.010302
 1717057306.369289 1.204728 25.917717 -0.509371 -0.074080 0.006688 0.996940 0.024025
 1717057306.469713 1.206649 25.803899 -0.502258 -0.076452 -0.006826 0.996524 0.032366
 1717057306.569712 1.203123 25.690470 -0.513375 -0.086689 -0.000260 0.995604 0.035467
 1717057306.669626 1.199299 25.574716 -0.525620 -0.080237 0.005033 0.996407 0.026652
 1717057306.768748 1.192814 25.455887 -0.521977 -0.065567 0.004415 0.997693 0.017012
 1717057306.868840 1.183449 25.334009 -0.507123 -0.060841 -0.010484 0.997968 0.015769
 1717057306.968681 1.179180 25.212890 -0.498713 -0.058337 -0.023529 0.997919 0.014176
 1717057307.068892 1.177146 25.092588 -0.504777 -0.056600 -0.010695 0.998214 0.015862
 1717057307.169712 1.177797 24.973644 -0.516210 -0.060088 0.004887 0.997915 0.023036
 1717057307.269554 1.182202 24.849062 -0.513211 -0.060646 0.009024 0.997061 0.045944
 1717057307.368868 1.178820 24.724763 -0.493544 -0.070686 0.002709 0.995638 0.060831
 1717057307.468862 1.170817 24.600378 -0.476315 -0.077319 -0.015148 0.995406 0.054398
 1717057307.569662 1.161497 24.477188 -0.477083 -0.081179 -0.015642 0.994862 0.058430
 1717057307.669606 1.151637 24.354997 -0.492235 -0.075523 -0.002350 0.995759 0.052484
 1717057307.768734 1.141592 24.235967 -0.502009 -0.069216 0.009722 0.996916 0.035690
 1717057307.868729 1.133366 24.115143 -0.486529 -0.067623 -0.001732 0.997390 0.025257
 1717057307.969480 1.130837 23.997884 -0.465740 -0.065271 -0.010441 0.997696 0.015255
 1717057308.069662 1.135572 23.880841 -0.457285 -0.053632 -0.007193 0.998534 0.000830
 1717057308.168777 1.141413 23.762499 -0.466980 -0.055312 0.012728 0.998388 -0.000772
 1717057308.268776 1.148487 23.641587 -0.476794 -0.062644 0.011326 0.997962 0.004328
 1717057308.369501 1.152240 23.517084 -0.467973 -0.074221 0.006350 0.997016 0.020229
 1717057308.469520 1.149916 23.396372 -0.449211 -0.085144 0.004752 0.995869 0.031187
 1717057308.568641 1.147530 23.277375 -0.435071 -0.081623 0.006923 0.995583 0.045874
 1717057308.668785 1.142600 23.163599 -0.437713 -0.080826 0.022758 0.995181 0.050640
 1717057308.768609 1.137497 23.051139 -0.447506 -0.079634 0.034369 0.995408 0.040509
 1717057308.869643 1.133702 22.937398 -0.445741 -0.076970 0.028731 0.996433 0.019256
 1717057308.968767 1.131786 22.823382 -0.431287 -0.077248 0.015378 0.996893 -0.000163
 1717057309.068721 1.134495 22.701785 -0.419631 -0.066674 -0.012641 0.997672 -0.006667
 1717057309.168676 1.136567 22.581793 -0.427092 -0.063012 -0.004806 0.997980 -0.006476
 1717057309.267792 1.139898 22.457705 -0.439753 -0.062874 0.006135 0.998001 -0.002032
 1717057309.368673 1.143259 22.337255 -0.438086 -0.064239 0.015410 0.997778 0.008677
 1717057309.468817 1.139204 22.218943 -0.421140 -0.065671 0.020923 0.997276 0.026260
 1717057309.568678 1.125787 22.099691 -0.406043 -0.064280 0.001916 0.997166 0.039051
 1717057309.669537 1.106764 21.976675 -0.405575 -0.069755 -0.010005 0.996217 0.050856
 1717057309.768768 1.086785 21.856517 -0.417835 -0.070850 0.003813 0.995955 0.055132
 1717057309.868697 1.068955 21.742961 -0.428518 -0.064653 0.018506 0.996896 0.040936
 1717057309.969602 1.054199 21.632717 -0.417196 -0.050268 0.022925 0.998333 0.016689
 1717057310.068611 1.043337 21.516938 -0.396826 -0.058757 -0.004414 0.998253 -0.004471
 1717057310.168800 1.038400 21.398036 -0.394071 -0.053930 -0.016458 0.998226 -0.019117
 1717057310.268684 1.038029 21.281284 -0.407064 -0.048854 -0.006138 0.998514 -0.023349
 1717057310.368595 1.039056 21.166067 -0.417263 -0.060627 -0.000418 0.997843 -0.025157
 1717057310.468565 1.042974 21.051053 -0.413214 -0.065135 0.010618 0.997781 -0.008776
 1717057310.568800 1.043464 20.937285 -0.399726 -0.060030 0.009381 0.998146 0.003687
 1717057310.668696 1.041397 20.825896 -0.390086 -0.058069 -0.002500 0.998309 -0.001096
 1717057310.768620 1.041781 20.714418 -0.392218 -0.063974 0.007301 0.997924 -0.001567
 1717057310.868720 1.042062 20.601683 -0.400512 -0.068867 0.007105 0.997567 -0.008174
 1717057310.968482 1.039953 20.487276 -0.405472 -0.067989 0.013398 0.997387 -0.020437
 1717057311.069482 1.037870 20.373683 -0.395895 -0.057996 0.019021 0.997923 -0.020604
 1717057311.168670 1.034309 20.258816 -0.380631 -0.062390 0.006622 0.997829 -0.020029
 1717057311.268735 1.031553 20.140711 -0.380086 -0.063784 0.011382 0.997829 -0.011762
 1717057311.368724 1.032064 20.018794 -0.394171 -0.059303 0.011912 0.998141 -0.007495
 1717057311.469369 1.034692 19.891749 -0.406752 -0.053352 0.023001 0.998269 0.009158
 1717057311.569525 1.030941 19.766033 -0.394318 -0.057948 0.029724 0.997474 0.028351
 1717057311.669434 1.018008 19.643533 -0.370736 -0.061100 0.009942 0.997285 0.039879
 1717057311.768536 1.001999 19.528266 -0.357019 -0.067046 0.003446 0.996812 0.043110
 1717057311.865960 0.985137 19.407630 -0.365195 -0.068048 0.013736 0.996310 0.050472
 1717057311.969397 0.964536 19.281694 -0.380259 -0.065892 -0.000415 0.996651 0.048416
 1717057312.069448 0.942781 19.162911 -0.385233 -0.064285 0.006806 0.997612 0.024330
 1717057312.169547 0.927891 19.045812 -0.373305 -0.048741 0.002198 0.998713 0.013879
 1717057312.268553 0.913702 18.926145 -0.356499 -0.048753 -0.019247 0.998625 -0.000342
 1717057312.368525 0.901770 18.806685 -0.352807 -0.055762 -0.008250 0.998403 -0.003841
 1717057312.468688 0.893893 18.688399 -0.363961 -0.052526 0.020134 0.998415 0.001986
 1717057312.568477 0.888452 18.568394 -0.364794 -0.055484 0.023612 0.998076 0.014444
 1717057312.666784 0.883204 18.448565 -0.354258 -0.061380 0.028921 0.997147 0.033084
 1717057312.768593 0.875390 18.330393 -0.340044 -0.067855 0.003261 0.997126 0.033551
 1717057312.868551 0.866739 18.213820 -0.337411 -0.074078 -0.007686 0.996670 0.033210
 1717057312.968490 0.857041 18.098341 -0.351119 -0.071698 -0.000854 0.997006 0.028934
 1717057313.069495 0.845817 17.982135 -0.361624 -0.063311 0.005711 0.997904 0.012093
 1717057313.168683 0.832103 17.864835 -0.347761 -0.065907 0.007275 0.997787 0.005030
 1717057313.268650 0.819408 17.752640 -0.330170 -0.068103 0.006535 0.997606 -0.010109
 1717057313.368808 0.816543 17.641139 -0.329193 -0.049128 0.002086 0.998588 -0.020093
 1717057313.469491 0.816671 17.525778 -0.338709 -0.045857 0.004737 0.998678 -0.022748
 1717057313.568916 0.816502 17.410150 -0.348030 -0.057413 0.020622 0.998015 -0.015637
 1717057313.668571 0.818595 17.293915 -0.342793 -0.057717 0.024617 0.998029 -0.000000
 1717057313.768506 0.819118 17.178267 -0.327968 -0.051297 0.014157 0.998376 0.020347
 1717057313.869448 0.816298 17.067990 -0.316323 -0.051746 0.002021 0.998533 0.015841
 1717057313.969369 0.809965 16.956123 -0.313786 -0.062583 -0.008136 0.997904 0.014294
 1717057314.068532 0.802373 16.845839 -0.326493 -0.059784 0.000366 0.998139 0.012041
 1717057314.168608 0.794290 16.734546 -0.334243 -0.051818 0.013142 0.998570 -0.000330
 1717057314.268520 0.786986 16.623544 -0.321521 -0.049917 0.013868 0.998570 -0.013223
 1717057314.368248 0.785232 16.505017 -0.299883 -0.062855 0.000475 0.997454 -0.033672
 1717057314.471473 0.790467 16.393268 -0.299419 -0.057096 0.004070 0.997734 -0.035357
 1717057314.568583 0.799124 16.276395 -0.313589 -0.051719 0.013301 0.998201 -0.027276
 1717057314.668476 0.806676 16.154040 -0.322887 -0.061822 0.011007 0.997983 -0.009273
 1717057314.769508 0.812469 16.033652 -0.314286 -0.071111 0.007023 0.997329 0.015113
 1717057314.868473 0.811702 15.914510 -0.297353 -0.078893 -0.001500 0.996369 0.031970
 1717057314.968604 0.805254 15.797756 -0.286138 -0.080829 -0.021170 0.995669 0.040772
 1717057315.069278 0.799643 15.688161 -0.291131 -0.082312 -0.006286 0.995761 0.040565
 1717057315.169400 0.792881 15.583626 -0.299476 -0.078475 0.006861 0.996189 0.037450
 1717057315.268575 0.783410 15.482039 -0.296194 -0.078085 0.018730 0.996612 0.017816
 1717057315.368470 0.775197 15.380901 -0.277093 -0.073418 0.025151 0.996939 0.009455
 1717057315.468609 0.770458 15.274824 -0.262836 -0.068161 0.005267 0.997660 -0.000145
 1717057315.568437 0.768302 15.167723 -0.267769 -0.063623 0.000277 0.997926 -0.009814
 1717057315.669321 0.769238 15.057327 -0.284136 -0.061633 0.006273 0.998074 -0.003199
 1717057315.768677 0.770684 14.943827 -0.294217 -0.060800 0.011700 0.998025 0.010638
 1717057315.868463 0.769087 14.830740 -0.283480 -0.062477 0.011019 0.997597 0.027853
 1717057315.968875 0.757480 14.723222 -0.262129 -0.069877 0.003098 0.996985 0.033584
 1717057316.069379 0.741083 14.616611 -0.249797 -0.076273 -0.011935 0.996256 0.038918
 1717057316.170921 0.725636 14.514699 -0.255665 -0.077694 0.008123 0.996241 0.037437
 1717057316.268515 0.707773 14.410897 -0.266865 -0.074710 0.014135 0.996672 0.029387
 1717057316.369269 0.689153 14.308678 -0.271039 -0.061844 0.016250 0.997939 0.005373
 1717057316.468521 0.672542 14.204221 -0.262573 -0.055859 -0.000257 0.998396 -0.009198
 1717057316.568597 0.663048 14.096865 -0.252924 -0.062183 -0.022571 0.997380 -0.029275
 1717057316.667890 0.661677 13.989269 -0.257509 -0.052398 -0.011102 0.997961 -0.034721
 1717057316.768582 0.659718 13.878840 -0.266972 -0.055334 -0.003045 0.998113 -0.026441
 1717057316.868497 0.659357 13.767157 -0.269249 -0.060964 0.006056 0.998072 -0.009931
 1717057316.969260 0.663177 13.654778 -0.258972 -0.056247 0.008714 0.998344 0.008351
 1717057317.070175 0.661151 13.544758 -0.240983 -0.059433 -0.007360 0.997957 0.022253
 1717057317.168356 0.654269 13.438917 -0.232265 -0.069440 -0.017271 0.997298 0.016610
 1717057317.268394 0.649182 13.332458 -0.240980 -0.070822 0.002616 0.997368 0.015312
 1717057317.368629 0.643506 13.225027 -0.251338 -0.065026 0.002817 0.997856 0.006907
 1717057317.469284 0.635286 13.123123 -0.248769 -0.058640 0.020397 0.997971 -0.014116
 1717057317.567726 0.629115 13.019893 -0.236704 -0.054262 0.025824 0.997776 -0.028856
 1717057317.668522 0.626713 12.914020 -0.223484 -0.055483 0.000477 0.997591 -0.041633
 1717057317.770216 0.627423 12.809533 -0.225028 -0.055076 0.007286 0.997477 -0.044201
 1717057317.870430 0.630253 12.702605 -0.236103 -0.053215 0.020130 0.997720 -0.036310
 1717057317.968388 0.632800 12.594469 -0.240264 -0.059407 0.025250 0.997751 -0.018069
 1717057318.068420 0.635001 12.488895 -0.230821 -0.057233 0.021809 0.998119 -0.002612
 1717057318.169206 0.630049 12.382617 -0.214615 -0.055148 0.004652 0.998378 0.013350
 1717057318.269220 0.620325 12.278511 -0.207949 -0.066172 -0.012174 0.997575 0.017836
 1717057318.368500 0.611568 12.176092 -0.216924 -0.067792 0.006749 0.997319 0.026717
 1717057318.469107 0.599987 12.071174 -0.228442 -0.066538 0.004126 0.997495 0.023652
 1717057318.568330 0.587788 11.965395 -0.230525 -0.061056 0.011201 0.998046 0.007120
 1717057318.668563 0.579420 11.859530 -0.220535 -0.050049 0.016685 0.998573 -0.008335
 1717057318.769253 0.574939 11.752392 -0.213372 -0.053958 -0.002494 0.998314 -0.021226
 1717057318.870110 0.570691 11.642848 -0.218622 -0.054485 0.006297 0.998279 -0.020752
 1717057318.969213 0.568287 11.530518 -0.229399 -0.049243 0.008231 0.998593 -0.017875
 1717057319.068452 0.567240 11.417524 -0.231055 -0.060862 0.020742 0.997923 0.003843
 1717057319.168369 0.565325 11.303189 -0.217260 -0.065592 0.014028 0.997514 0.021601
 1717057319.269348 0.561427 11.194366 -0.200151 -0.064892 0.003805 0.997410 0.030802
 1717057319.369683 0.555863 11.088994 -0.194197 -0.076115 0.000093 0.996657 0.029690
 1717057319.469196 0.551465 10.982813 -0.199835 -0.084515 0.010273 0.996007 0.026873
 1717057319.569077 0.546621 10.872411 -0.208376 -0.081511 0.013279 0.996393 0.019494
 1717057319.668530 0.541532 10.762137 -0.206261 -0.074533 0.015241 0.997102 0.000444
 1717057319.769102 0.541450 10.657201 -0.196790 -0.074002 0.008443 0.996934 -0.023986
 1717057319.869369 0.545571 10.548125 -0.188493 -0.067988 -0.014920 0.997188 -0.027764
 1717057319.969212 0.548241 10.441859 -0.193642 -0.067296 0.003266 0.997345 -0.027623
 1717057320.068535 0.550504 10.333405 -0.202291 -0.070563 0.011454 0.997289 -0.017466
 1717057320.169253 0.556403 10.223787 -0.203280 -0.068857 0.022926 0.997322 0.009008
 1717057320.269386 0.559814 10.113547 -0.186771 -0.076265 0.021757 0.996385 0.030456
 1717057320.368445 0.556971 10.004367 -0.171108 -0.081688 0.000619 0.996041 0.035054
 1717057320.469106 0.552839 9.897259 -0.172469 -0.086127 -0.004754 0.995488 0.039531
 1717057320.569281 0.548095 9.789446 -0.183535 -0.082652 0.003504 0.996029 0.032897
 1717057320.669404 0.538311 9.680518 -0.194014 -0.077724 0.007435 0.996679 0.023101
 1717057320.769350 0.527265 9.577747 -0.187087 -0.071700 0.026352 0.997055 0.006811
 1717057320.869102 0.519060 9.469848 -0.170584 -0.067835 0.016807 0.997553 -0.002175
 1717057320.969164 0.514215 9.357852 -0.164218 -0.060413 0.000371 0.998158 -0.005567
 1717057321.069386 0.508314 9.247286 -0.169121 -0.061188 0.002156 0.998100 -0.006883
 1717057321.169294 0.506285 9.134830 -0.181160 -0.065528 0.013879 0.997754 0.000407
 1717057321.269329 0.509387 9.022984 -0.184291 -0.064803 0.029962 0.997265 0.019100
 1717057321.368476 0.511149 8.913419 -0.171617 -0.066988 0.031176 0.996735 0.032558
 1717057321.469322 0.505717 8.806703 -0.158590 -0.069543 0.013326 0.997008 0.031006
 1717057321.568075 0.499299 8.695124 -0.154441 -0.074144 -0.004849 0.996713 0.032284
 1717057321.669267 0.491675 8.588628 -0.163536 -0.084243 -0.000834 0.996071 0.027301
 1717057321.769186 0.483852 8.482275 -0.175914 -0.076378 0.005539 0.996901 0.017976
 1717057321.869414 0.474518 8.378512 -0.175206 -0.067998 0.019257 0.997497 -0.002113
 1717057321.968614 0.466958 8.272962 -0.160096 -0.074576 0.008429 0.997090 -0.013407
 1717057322.068826 0.466241 8.168331 -0.153136 -0.066237 -0.010944 0.997545 -0.019912
 1717057322.168550 0.467023 8.060717 -0.159926 -0.063517 -0.013605 0.997724 -0.018074
 1717057322.268558 0.466848 7.948500 -0.173760 -0.069496 -0.004477 0.997542 -0.007733
 1717057322.369246 0.470237 7.834413 -0.176380 -0.068100 0.008938 0.997513 0.015808
 1717057322.469311 0.469863 7.721677 -0.163027 -0.068483 0.006005 0.996988 0.035903
 1717057322.569106 0.460677 7.613195 -0.145037 -0.081322 -0.007760 0.996084 0.033809
 1717057322.669271 0.450559 7.507060 -0.135946 -0.090640 -0.014277 0.994919 0.041423
 1717057322.769270 0.438947 7.400447 -0.140889 -0.089303 -0.014199 0.995034 0.041601
 1717057322.869586 0.426317 7.296087 -0.151951 -0.091123 -0.013298 0.995447 0.024581
 1717057322.969259 0.414861 7.190745 -0.152601 -0.081331 -0.017977 0.996497 0.007477
 1717057323.070530 0.405476 7.083777 -0.140893 -0.072516 -0.031280 0.996851 0.007122
 1717057323.168957 0.397509 6.976229 -0.134730 -0.063809 -0.039509 0.997130 0.009984
 1717057323.269180 0.389876 6.873713 -0.139948 -0.062975 -0.028713 0.997580 0.006563
 1717057323.369286 0.386023 6.768754 -0.150206 -0.063341 -0.018073 0.997771 0.010736
 1717057323.471009 0.385039 6.667624 -0.153203 -0.059230 -0.005177 0.997924 0.024742
 1717057323.569177 0.380654 6.565627 -0.140335 -0.064633 -0.004276 0.997235 0.036415
 1717057323.668940 0.369905 6.462362 -0.121637 -0.073525 -0.021457 0.996463 0.034566
 1717057323.769276 0.359984 6.360348 -0.114680 -0.082796 -0.027726 0.995493 0.037006
 1717057323.869288 0.351031 6.258678 -0.122487 -0.082359 -0.008086 0.995825 0.038518
 1717057323.969015 0.340079 6.156336 -0.131970 -0.076615 -0.003916 0.996595 0.030228
 1717057324.069198 0.329510 6.059317 -0.132481 -0.071376 0.008688 0.997336 0.012304
 1717057324.169283 0.323662 5.960816 -0.123478 -0.066947 0.005223 0.997743 0.000049
 1717057324.268610 0.323120 5.859264 -0.115654 -0.058230 -0.016246 0.998155 -0.005615
 1717057324.369191 0.322725 5.755931 -0.118797 -0.059687 -0.018847 0.997942 -0.013918
 1717057324.469207 0.325493 5.651833 -0.127745 -0.064730 -0.006680 0.997864 -0.005677
 1717057324.569222 0.332403 5.545303 -0.132571 -0.062097 0.011499 0.997966 0.008726
 1717057324.669207 0.337343 5.439376 -0.121350 -0.067620 0.011274 0.997319 0.025595
 1717057324.769196 0.335585 5.333269 -0.107243 -0.068440 0.008335 0.996826 0.039811
 1717057324.869114 0.325934 5.229949 -0.097751 -0.072670 -0.007817 0.996132 0.048782
 1717057324.969186 0.314073 5.128466 -0.103650 -0.079272 0.007702 0.995224 0.056445
 1717057325.068948 0.301124 5.019731 -0.114421 -0.073701 0.005533 0.995777 0.054463
 1717057325.169129 0.287880 4.910994 -0.116636 -0.065449 0.014522 0.997122 0.035395
 1717057325.269223 0.277635 4.798971 -0.104034 -0.062051 -0.001937 0.997652 0.028927
 1717057325.369241 0.271423 4.691146 -0.092462 -0.060764 -0.019509 0.997861 0.014126
 1717057325.469105 0.267472 4.587075 -0.093546 -0.061216 -0.004567 0.998046 0.011703
 1717057325.569102 0.266646 4.481173 -0.104096 -0.059055 0.005112 0.997984 0.022678
 1717057325.669822 0.269596 4.375277 -0.111249 -0.063098 0.007376 0.997350 0.035453
 1717057325.769186 0.272441 4.268012 -0.106179 -0.065325 0.015750 0.996051 0.058022
 1717057325.869181 0.270962 4.164496 -0.094091 -0.070165 0.003261 0.994953 0.071656
 1717057325.968946 0.264042 4.060056 -0.085813 -0.073984 -0.015982 0.994501 0.072380
 1717057326.069953 0.256157 3.959512 -0.088659 -0.080444 -0.003195 0.993910 0.075238
 1717057326.169169 0.246085 3.856230 -0.098449 -0.079085 0.002446 0.994392 0.070178
 1717057326.269181 0.234872 3.752982 -0.102684 -0.074809 0.015068 0.995770 0.051171
 1717057326.368922 0.224435 3.651866 -0.089221 -0.067835 0.018256 0.996780 0.038672
 1717057326.469140 0.218554 3.551946 -0.076140 -0.067066 0.008806 0.997372 0.025968
 1717057326.569141 0.216897 3.454052 -0.073186 -0.056503 0.000735 0.998203 0.019947
 1717057326.669130 0.212392 3.355964 -0.081047 -0.054547 0.011113 0.998184 0.023037
 1717057326.769048 0.207794 3.250593 -0.091158 -0.061740 0.018668 0.997311 0.034796
 1717057326.869290 0.204903 3.144530 -0.089349 -0.062087 0.031272 0.995956 0.056917
 1717057326.969148 0.194495 3.042078 -0.074365 -0.072684 0.032560 0.994294 0.070963
 1717057327.068679 0.179374 2.943004 -0.060992 -0.071793 0.019233 0.994171 0.078098
 1717057327.169849 0.163427 2.848310 -0.061891 -0.075118 0.016373 0.994004 0.077753
 1717057327.269043 0.145550 2.752816 -0.071451 -0.075324 0.016800 0.994577 0.069721
 1717057327.368869 0.126882 2.658097 -0.080563 -0.068178 0.024995 0.996011 0.051865
 1717057327.469036 0.113500 2.568175 -0.073363 -0.055189 0.029804 0.997454 0.033930
 1717057327.569129 0.098689 2.478387 -0.061673 -0.061819 0.016946 0.997867 0.012347
 1717057327.669211 0.088375 2.385373 -0.057853 -0.060993 0.001555 0.998135 -0.001856
 1717057327.769088 0.083831 2.292285 -0.064701 -0.055292 0.003017 0.998457 -0.004272
 1717057327.869014 0.080740 2.198464 -0.072504 -0.062701 0.010239 0.997979 -0.001326
 1717057327.969041 0.079414 2.105260 -0.074205 -0.066684 0.023181 0.997441 0.011262
 1717057328.069171 0.076076 2.016001 -0.063601 -0.066595 0.027669 0.997105 0.024104
 1717057328.169162 0.067389 1.930614 -0.052023 -0.071611 0.023881 0.996886 0.022799
 1717057328.268297 0.057065 1.843937 -0.046605 -0.076059 0.010969 0.996750 0.024184
 1717057328.369014 0.046569 1.759079 -0.051839 -0.081345 0.017379 0.996368 0.018195
 1717057328.469055 0.032690 1.669540 -0.059976 -0.080304 0.018826 0.996574 0.006102
 1717057328.568997 0.017512 1.582904 -0.064602 -0.073106 0.029205 0.996830 -0.011493
 1717057328.669051 0.004519 1.496290 -0.054799 -0.061981 0.031153 0.997080 -0.031931
 1717057328.768986 -0.004942 1.412008 -0.044204 -0.058680 0.030192 0.996655 -0.048208
 1717057328.869079 -0.012081 1.325737 -0.041359 -0.061625 0.017522 0.996354 -0.056331
 1717057328.969060 -0.016967 1.240285 -0.049588 -0.056844 0.018500 0.996636 -0.056068
 1717057329.069722 -0.020040 1.150356 -0.058570 -0.061969 0.018475 0.996320 -0.056260
 1717057329.169091 -0.020409 1.063165 -0.060820 -0.064481 0.032794 0.996133 -0.049850
 1717057329.269082 -0.022450 0.979229 -0.051259 -0.066843 0.036292 0.996267 -0.040830
 1717057329.368988 -0.028011 0.901526 -0.039439 -0.069831 0.028126 0.996115 -0.045697
 1717057329.468979 -0.033661 0.828712 -0.031814 -0.072060 0.016790 0.995757 -0.054708
 1717057329.568127 -0.039757 0.759376 -0.034572 -0.073417 0.020605 0.994217 -0.075615
 1717057329.668955 -0.048120 0.693868 -0.040726 -0.073931 0.024593 0.991358 -0.105541
 1717057329.769117 -0.058736 0.632000 -0.047925 -0.068240 0.034588 0.987094 -0.140683
 1717057329.869024 -0.066023 0.571499 -0.050190 -0.058306 0.029676 0.983240 -0.170175
 1717057329.969059 -0.067243 0.516109 -0.045703 -0.054800 0.012233 0.977133 -0.205079
 1717057330.069539 -0.060594 0.465444 -0.041176 -0.054236 0.006950 0.971255 -0.231675
 1717057330.169055 -0.048746 0.420326 -0.041062 -0.052795 0.009969 0.965972 -0.253006
 1717057330.269019 -0.033425 0.375875 -0.041102 -0.055452 0.010601 0.962438 -0.265568
 1717057330.368941 -0.016071 0.337620 -0.039274 -0.060819 0.022300 0.959666 -0.273577
 1717057330.469123 -0.000313 0.302954 -0.033836 -0.068384 0.022998 0.957141 -0.280492
 1717057330.569024 0.012970 0.272588 -0.030760 -0.071799 0.018479 0.952698 -0.294736
 1717057330.668940 0.026818 0.246480 -0.028921 -0.078278 0.008813 0.945986 -0.314492
 1717057330.769142 0.038803 0.223691 -0.027318 -0.078244 0.003172 0.933692 -0.349410
 1717057330.869713 0.049683 0.202249 -0.027327 -0.079227 0.005064 0.915848 -0.393599
 1717057330.969017 0.056820 0.177180 -0.026764 -0.081544 0.000678 0.887973 -0.452609
 1717057331.069049 0.058015 0.147543 -0.025763 -0.081832 0.003295 0.848638 -0.522596
 1717057331.168916 0.055029 0.120670 -0.027116 -0.070563 0.015026 0.802402 -0.592407
 1717057331.268911 0.050547 0.094603 -0.031188 -0.040325 0.010670 0.753017 -0.656678
 1717057331.368944 0.044188 0.072838 -0.034264 -0.028268 0.011373 0.711560 -0.701964
 1717057331.469061 0.035229 0.055628 -0.035607 -0.024566 0.006356 0.669161 -0.742684
 1717057331.568994 0.024718 0.043334 -0.036754 -0.022133 0.002837 0.629749 -0.776478
 1717057331.668954 0.010984 0.035139 -0.036837 -0.021112 -0.001840 0.586010 -0.810026
 1717057331.769118 -0.006306 0.030197 -0.037912 -0.024184 -0.000893 0.540245 -0.841160
 1717057331.867727 -0.024194 0.023812 -0.037014 -0.027669 -0.008124 0.488102 -0.872310
 1717057331.969703 -0.042258 0.017173 -0.038207 -0.025623 -0.015180 0.434220 -0.900315
 1717057332.068964 -0.061628 0.006636 -0.040583 -0.017592 -0.019654 0.378646 -0.925166
 1717057332.168617 -0.080965 -0.011802 -0.044102 -0.014136 -0.026214 0.328270 -0.944114
 1717057332.268922 -0.097488 -0.038899 -0.047131 -0.009678 -0.036178 0.285739 -0.957576
 1717057332.368883 -0.112903 -0.070499 -0.052457 0.001047 -0.036497 0.253430 -0.966664
 1717057332.469033 -0.130089 -0.103203 -0.051501 0.010339 -0.028093 0.225043 -0.973889
 1717057332.569622 -0.139465 -0.130363 -0.041676 0.027240 -0.029394 0.197798 -0.979423
 1717057332.668731 -0.142426 -0.156162 -0.033897 0.021974 -0.038992 0.168305 -0.984718
 1717057332.768727 -0.139064 -0.179039 -0.030727 0.015929 -0.036742 0.140899 -0.989214
 1717057332.868918 -0.126828 -0.205646 -0.031822 0.010644 -0.031336 0.114126 -0.992915
 1717057332.968985 -0.107309 -0.228110 -0.033040 0.014458 -0.029225 0.088330 -0.995557
 1717057333.068828 -0.086839 -0.252662 -0.032712 0.018162 -0.026291 0.054494 -0.998003
 1717057333.168968 -0.072497 -0.275953 -0.032121 0.015831 -0.015972 0.027038 -0.999381
 1717057333.270558 -0.065259 -0.291558 -0.028975 0.024296 -0.011026 0.021360 -0.999416
 1717057333.368838 -0.060969 -0.303557 -0.029862 0.017319 -0.025031 0.010275 -0.999484
 1717057333.468944 -0.060384 -0.310365 -0.031504 0.025180 -0.030803 0.008234 -0.999174
 1717057333.568856 -0.062376 -0.313643 -0.031718 0.028019 -0.033280 0.003098 -0.999048
 1717057333.668918 -0.065077 -0.318493 -0.031610 0.024720 -0.034861 0.005702 -0.999070
 1717057333.768866 -0.066960 -0.321324 -0.030135 0.027691 -0.037686 0.003401 -0.998900
 1717057333.869058 -0.069586 -0.323494 -0.031188 0.024840 -0.035974 0.003117 -0.999039
 1717057333.968870 -0.071966 -0.323703 -0.031223 0.024131 -0.034339 0.004138 -0.999110
 1717057334.068826 -0.072420 -0.322524 -0.030946 0.023561 -0.038013 0.005661 -0.998983
 1717057334.168842 -0.072454 -0.320569 -0.031876 0.024925 -0.038899 0.006902 -0.998908
 1717057334.268869 -0.072391 -0.316461 -0.034194 0.024860 -0.040175 0.007375 -0.998856
 1717057334.368752 -0.071824 -0.312323 -0.032908 0.027031 -0.042629 0.004974 -0.998713
 1717057334.468885 -0.070951 -0.309652 -0.030384 0.020979 -0.043120 0.003155 -0.998845
 1717057334.567855 -0.070180 -0.305793 -0.029796 0.017098 -0.039944 0.001625 -0.999054
 1717057334.668749 -0.069641 -0.302273 -0.030376 0.016440 -0.039782 0.000609 -0.999073
 1717057334.768807 -0.069079 -0.299420 -0.030534 0.017837 -0.037663 0.000739 -0.999131
 1717057334.868866 -0.068561 -0.297304 -0.031554 0.019107 -0.036413 0.001683 -0.999153
 1717057334.968845 -0.067256 -0.293097 -0.031147 0.022085 -0.034420 0.002153 -0.999161
 1717057335.068881 -0.066832 -0.293587 -0.031265 0.020937 -0.033174 0.003144 -0.999225
 1717057335.168817 -0.066503 -0.293231 -0.030676 0.018845 -0.032640 0.003621 -0.999283
 1717057335.268881 -0.066547 -0.294085 -0.029777 0.018300 -0.031817 0.004867 -0.999314
 1717057335.370508 -0.065857 -0.293815 -0.028968 0.018128 -0.032161 0.005461 -0.999303
 1717057335.468891 -0.066231 -0.295938 -0.029445 0.016625 -0.031277 0.006858 -0.999349
 1717057335.568862 -0.066727 -0.297831 -0.030455 0.017104 -0.032293 0.007568 -0.999303
 1717057335.668837 -0.067447 -0.299881 -0.029799 0.017129 -0.033000 0.007224 -0.999282
 1717057335.768717 -0.067743 -0.301356 -0.030869 0.017156 -0.033658 0.007639 -0.999257
 1717057335.869569 -0.068515 -0.305083 -0.031361 0.018656 -0.035038 0.007954 -0.999180
 1717057335.969569 -0.068857 -0.308549 -0.031344 0.019205 -0.034627 0.008484 -0.999180
 1717057336.068886 -0.069099 -0.311685 -0.030099 0.017964 -0.035393 0.008244 -0.999178
 1717057336.168880 -0.070072 -0.313158 -0.030089 0.016384 -0.034628 0.008327 -0.999231
 