1716803230.271399 0.001501 -0.007771 -0.047091 -0.002640 0.009528 -0.004050 0.999943
1716803230.362916 0.007893 -0.007737 -0.010576 0.002933 0.013223 -0.004410 0.999899
1716803230.472063 0.025331 0.028257 0.030817 0.008833 0.014735 -0.004221 0.999844
1716803230.572030 0.033007 0.067903 0.039297 0.015132 0.014062 -0.007543 0.999758
1716803230.663839 0.029923 0.057483 0.039583 0.017760 0.010917 -0.009889 0.999734
1716803230.772530 0.028017 0.045626 0.025030 0.021218 0.015770 -0.012573 0.999571
1716803230.866864 0.002492 0.030785 0.030169 0.019507 0.027070 -0.015474 0.999323
1716803230.971846 -0.003062 0.010795 0.010025 0.016629 0.028656 -0.015043 0.999338
1716803231.042737 0.010556 0.009278 -0.001985 0.014328 0.022803 -0.013779 0.999542
1716803231.171552 0.015025 -0.000629 -0.044059 0.016818 0.016415 -0.007826 0.999693
1716803231.218446 0.011491 0.009196 -0.029812 0.021574 0.007663 0.001642 0.999737
1716803231.372443 0.019857 0.018147 -0.040130 0.024783 0.016684 0.003334 0.999548
1716803231.464371 0.016457 0.018984 -0.034674 0.028296 0.020804 0.007624 0.999354
1716803231.573654 0.018680 0.019915 -0.018739 0.022150 0.021359 0.014671 0.999419
1716803231.673745 0.020401 0.019069 -0.000885 0.018893 0.024244 0.025407 0.999205
1716803231.766140 0.040118 0.027051 0.007899 0.019706 0.029906 0.034448 0.998765
1716803231.867011 0.054929 0.021433 0.009790 0.018846 0.030796 0.048333 0.998179
1716803231.942477 0.062486 0.022968 0.011699 0.018997 0.030506 0.059485 0.997582
1716803232.036139 0.068775 0.023915 0.015097 0.019427 0.029759 0.066115 0.997179
1716803232.172997 0.114547 0.038323 -0.017731 0.015742 0.032358 0.060437 0.997523
1716803232.273284 0.161473 0.057399 -0.029264 0.013909 0.029329 0.053477 0.998041
1716803232.373557 0.204285 0.066198 -0.029514 0.013049 0.026832 0.046317 0.998481
1716803232.465139 0.237565 0.065598 -0.013761 0.014255 0.026242 0.036982 0.998870
1716803232.574247 0.264311 0.048663 -0.011494 0.015719 0.023711 0.027526 0.999216
1716803232.665441 0.284760 0.014621 -0.007371 0.019092 0.024379 0.015376 0.999402
1716803232.774000 0.314348 -0.037862 -0.013556 0.019799 0.030003 0.006454 0.999333
1716803232.870387 0.354116 -0.075384 -0.002132 0.015361 0.030485 0.004319 0.999408
1716803232.973628 0.388942 -0.097089 -0.020018 0.011617 0.025963 0.009499 0.999550
1716803233.073428 0.419174 -0.120507 -0.037141 0.005145 0.017982 0.017328 0.999675
1716803233.143011 0.438973 -0.146722 -0.060413 0.005108 0.009183 0.026866 0.999584
1716803233.265273 0.467465 -0.192985 -0.074777 0.009571 0.004096 0.031670 0.999444
1716803233.327313 0.482162 -0.210377 -0.078509 0.015121 0.001274 0.042345 0.998988
1716803233.464801 0.526335 -0.247523 -0.076114 0.023539 0.005470 0.040350 0.998893
1716803233.574234 0.561723 -0.275409 -0.092316 0.029969 0.005938 0.039816 0.998740
1716803233.674188 0.585829 -0.304289 -0.087208 0.021552 0.004879 0.031463 0.999261
1716803233.765347 0.601291 -0.356606 -0.066761 0.016720 0.003242 0.026939 0.999492
1716803233.782502 0.608655 -0.361690 -0.091368 0.007420 0.001272 0.022290 0.999723
1716803233.964844 0.636922 -0.438228 -0.065762 0.019669 -0.000417 0.016811 0.999665
1716803234.073986 0.666523 -0.494422 -0.089319 0.021887 0.004683 0.021536 0.999517
1716803234.082004 0.674016 -0.487804 -0.093069 0.018309 0.003964 0.015113 0.999710
1716803234.272582 0.694780 -0.588140 -0.103949 0.020044 0.005029 0.027333 0.999413
1716803234.373394 0.695182 -0.639448 -0.155393 0.017532 0.007523 0.029892 0.999371
1716803234.437818 0.709892 -0.672569 -0.129414 0.012850 0.010689 0.039929 0.999063
1716803234.529312 0.705646 -0.726154 -0.138221 0.010201 0.019932 0.047618 0.998615
1716803234.664257 0.695267 -0.814835 -0.128689 0.013810 0.023515 0.055946 0.998061
1716803234.773299 0.690984 -0.873190 -0.141241 0.021960 0.021693 0.060194 0.997709
1716803234.864660 0.685506 -0.919014 -0.139099 0.019044 0.020250 0.056124 0.998037
1716803234.972315 0.680261 -1.005189 -0.111056 0.009345 0.017851 0.049242 0.998584
1716803235.063193 0.676808 -1.069227 -0.140687 0.005759 0.016520 0.038806 0.999094
1716803235.171187 0.693042 -1.136629 -0.163644 0.006831 0.012731 0.024720 0.999590
1716803235.271049 0.704195 -1.198538 -0.170490 0.011153 0.008833 0.025299 0.999579
1716803235.362406 0.707716 -1.257128 -0.191077 0.012977 0.006370 0.017598 0.999741
1716803235.462966 0.700743 -1.313765 -0.224112 0.012347 0.004286 0.021803 0.999677
1716803235.572006 0.686738 -1.377294 -0.259227 0.005997 0.004435 0.025694 0.999642
1716803235.663864 0.675442 -1.436176 -0.232064 -0.000158 0.005398 0.033119 0.999437
1716803235.772398 0.653632 -1.509058 -0.219870 -0.007424 0.013149 0.040943 0.999047
1716803235.865021 0.635523 -1.568195 -0.241878 0.001138 0.020565 0.045768 0.998740
1716803235.971863 0.618737 -1.639697 -0.230054 0.001938 0.018620 0.043088 0.998896
1716803236.071746 0.610966 -1.705397 -0.241178 0.011529 0.018126 0.043715 0.998813
1716803236.171531 0.612338 -1.772349 -0.264530 0.007364 0.016020 0.035323 0.999220
1716803236.271589 0.619481 -1.837254 -0.293876 0.005030 0.014017 0.030425 0.999426
1716803236.371736 0.620494 -1.906523 -0.276127 0.001702 0.014848 0.023008 0.999624
1716803236.463345 0.623577 -1.959361 -0.291336 -0.001064 0.010428 0.013880 0.999849
1716803236.572928 0.614559 -2.023593 -0.276131 -0.000768 0.010613 0.008721 0.999905
1716803236.664741 0.609311 -2.081160 -0.289638 -0.001109 0.004403 0.003328 0.999984
1716803236.682644 0.605475 -2.104130 -0.284257 0.008683 -0.002546 0.006781 0.999936
1716803236.873736 0.590372 -2.244634 -0.304841 0.000081 0.006165 -0.002118 0.999979
1716803236.973670 0.574651 -2.319979 -0.331300 0.002951 0.010371 0.004150 0.999933
1716803236.982416 0.572962 -2.321029 -0.329754 -0.005104 0.005622 0.004519 0.999961
1716803237.173577 0.543935 -2.467944 -0.379044 0.003250 0.023457 0.011116 0.999658
1716803237.182331 0.546133 -2.468409 -0.363253 -0.001413 0.025215 0.016083 0.999552
1716803237.373476 0.533605 -2.611272 -0.367849 0.007521 0.022377 0.012574 0.999642
1716803237.382352 0.533487 -2.617982 -0.349681 0.014140 0.016874 0.011221 0.999695
1716803237.573465 0.537113 -2.757828 -0.394127 0.008220 0.018941 -0.002817 0.999783
1716803237.678853 0.542277 -2.842079 -0.399232 0.008903 0.015795 -0.019525 0.999645
1716803237.743151 0.542626 -2.898560 -0.417712 0.016680 0.011791 -0.017146 0.999644
1716803237.801115 0.545509 -2.956186 -0.419912 0.022079 0.006904 -0.024832 0.999424
1716803237.964016 0.542424 -3.071633 -0.428768 0.019816 0.012261 -0.026814 0.999369
1716803238.073189 0.532128 -3.161274 -0.447632 0.012298 0.015213 -0.027527 0.999430
1716803238.171842 0.524707 -3.241761 -0.460540 0.012419 0.014411 -0.018517 0.999648
1716803238.273439 0.514175 -3.319338 -0.459182 0.007952 0.017366 -0.012635 0.999738
1716803238.364253 0.511557 -3.384089 -0.450781 0.015686 0.019482 -0.003774 0.999680
1716803238.473892 0.508901 -3.460258 -0.479544 0.021930 0.020220 -0.002495 0.999552
1716803238.564849 0.509304 -3.524969 -0.498889 0.023733 0.014366 -0.000675 0.999615
1716803238.673737 0.503089 -3.628516 -0.481147 0.011629 0.014105 -0.006993 0.999808
1716803238.773329 0.499827 -3.719041 -0.494235 0.009196 0.012138 -0.010955 0.999824
1716803238.872851 0.495560 -3.800558 -0.482124 0.002613 0.011947 -0.023878 0.999640
1716803238.954850 0.513155 -3.858987 -0.513508 0.004853 0.009490 -0.026984 0.999579
1716803238.981146 0.515099 -3.883417 -0.497494 0.008074 0.006966 -0.037429 0.999242
1716803239.131735 0.524323 -3.994551 -0.515945 0.016678 0.006258 -0.029676 0.999401
1716803239.272595 0.524782 -4.107898 -0.551528 0.015090 0.006534 -0.027596 0.999484
1716803239.373161 0.518580 -4.179818 -0.580558 0.010284 0.004782 -0.018816 0.999759
1716803239.472361 0.513152 -4.255373 -0.593525 0.005348 0.007345 -0.013229 0.999871
1716803239.563905 0.512445 -4.327946 -0.572981 0.013683 0.006354 -0.005421 0.999872
1716803239.580978 0.512900 -4.352258 -0.593518 0.006105 0.006371 -0.002856 0.999957
1716803239.763822 0.510878 -4.502311 -0.603501 0.021727 0.007397 0.010221 0.999684
1716803239.871251 0.500570 -4.589922 -0.591759 0.016357 0.008400 0.006639 0.999809
1716803239.961370 0.505355 -4.657150 -0.588493 0.012120 0.007017 0.003691 0.999895
1716803240.071024 0.507838 -4.759712 -0.589306 0.003146 0.003399 -0.008964 0.999949
1716803240.170066 0.522173 -4.833861 -0.601541 0.012926 0.003822 -0.025957 0.999572
1716803240.262652 0.518019 -4.917093 -0.595913 0.011366 0.001555 -0.031872 0.999426
1716803240.371399 0.515690 -4.988440 -0.627716 0.014861 0.001684 -0.040290 0.999076
1716803240.463274 0.507164 -5.051862 -0.662053 0.017477 0.000653 -0.040517 0.999026
1716803240.480066 0.507068 -5.065664 -0.669474 0.019620 -0.010285 -0.046525 0.998671
1716803240.655937 0.484086 -5.207630 -0.703173 0.013846 0.000305 -0.037045 0.999218
1716803240.680291 0.470728 -5.235782 -0.690441 0.013242 0.005133 -0.035654 0.999263
1716803240.862102 0.442042 -5.372956 -0.697243 0.011913 0.013401 -0.017015 0.999694
1716803240.971292 0.432311 -5.469867 -0.717496 0.015191 0.013713 -0.023172 0.999522
1716803241.061971 0.431162 -5.553677 -0.747139 0.013437 0.014238 -0.021444 0.999578
1716803241.080946 0.432804 -5.569192 -0.745529 0.017575 0.009278 -0.017586 0.999648
1716803241.253718 0.432126 -5.719849 -0.744296 0.006345 0.013338 -0.035274 0.999269
1716803241.372799 0.426271 -5.804943 -0.744172 0.004226 0.015631 -0.042376 0.998971
1716803241.472470 0.413392 -5.881333 -0.759730 0.001736 0.015619 -0.048599 0.998695
1716803241.573365 0.403253 -5.956477 -0.759491 0.005724 0.011924 -0.051212 0.998600
1716803241.669106 0.405092 -6.028746 -0.767036 0.013138 0.005468 -0.044569 0.998905
1716803241.763588 0.385431 -6.115932 -0.767169 0.011391 0.005111 -0.033854 0.999349
1716803241.781240 0.378383 -6.137595 -0.791159 0.011406 -0.000366 -0.029230 0.999508
1716803241.962797 0.345561 -6.296820 -0.814058 -0.000557 0.007965 -0.007067 0.999943
1716803242.072927 0.336672 -6.389265 -0.812563 0.007612 0.012393 0.006234 0.999875
1716803242.163702 0.343037 -6.453239 -0.824255 0.009735 0.015781 0.010176 0.999776
1716803242.201509 0.334840 -6.484489 -0.837702 0.010394 0.014158 0.015496 0.999726
1716803242.365190 0.348627 -6.611445 -0.868582 0.014891 0.015275 0.012741 0.999691
1716803242.473328 0.346797 -6.708512 -0.889852 0.011738 0.011780 0.005474 0.999847
1716803242.555367 0.342726 -6.787019 -0.898278 0.011481 0.009881 0.001811 0.999884
1716803242.588732 0.343384 -6.808659 -0.904380 0.003918 0.008204 -0.007381 0.999931
1716803242.745390 0.356214 -6.936600 -0.895160 0.016323 0.010033 -0.015673 0.999694
1716803242.792166 0.364907 -6.977576 -0.905602 0.016224 0.006775 -0.013271 0.999757
1716803242.973029 0.364850 -7.125055 -0.933715 0.007635 0.009076 -0.011061 0.999868
1716803243.064064 0.360418 -7.210524 -0.953045 0.008953 0.007703 -0.002579 0.999927
1716803243.173336 0.355343 -7.301937 -0.963257 -0.000320 0.010720 0.007954 0.999911
1716803243.255622 0.352428 -7.374400 -0.963688 0.006295 0.012726 0.018378 0.999730
1716803243.365127 0.369738 -7.453110 -0.985064 0.009315 0.012468 0.024284 0.999584
1716803243.464939 0.373963 -7.527318 -0.980291 0.013770 0.014504 0.027580 0.999420
1716803243.555426 0.371622 -7.615058 -0.980784 0.009670 0.015349 0.017245 0.999687
1716803243.663892 0.392471 -7.703735 -0.978680 0.007677 0.014645 0.009377 0.999819
1716803243.764286 0.413229 -7.776245 -0.991520 0.002413 0.012355 -0.005951 0.999903
1716803243.856129 0.414317 -7.840828 -0.978769 0.005852 0.009379 -0.004166 0.999930
1716803243.964958 0.423961 -7.923688 -1.015937 0.009938 0.005301 -0.018000 0.999775
1716803244.073001 0.421694 -8.005870 -1.022529 0.014187 0.003206 -0.012412 0.999817
1716803244.154814 0.416264 -8.057456 -1.052945 0.008718 0.000778 -0.012450 0.999884
1716803244.272329 0.412034 -8.172343 -1.086488 -0.003701 0.001753 0.004101 0.999983
1716803244.363734 0.404412 -8.265144 -1.103293 -0.007105 0.003855 0.012560 0.999888
1716803244.473126 0.406531 -8.359722 -1.106798 0.007517 0.005485 0.026917 0.999594
1716803244.564630 0.414425 -8.431118 -1.111413 0.009636 0.008627 0.031833 0.999410
1716803244.672747 0.429407 -8.509102 -1.119528 0.014341 0.008358 0.046294 0.998790
1716803244.772466 0.445979 -8.577323 -1.128514 0.012583 0.007836 0.042841 0.998972
1716803244.872118 0.463316 -8.665946 -1.136449 0.012388 0.004906 0.045164 0.998891
1716803244.966161 0.474059 -8.751082 -1.145495 0.006408 0.000133 0.036435 0.999315
1716803245.062467 0.493908 -8.829217 -1.156792 0.010534 -0.001913 0.040386 0.999127
1716803245.171409 0.500754 -8.921305 -1.173739 0.011127 -0.004512 0.042985 0.999004
1716803245.271645 0.501787 -8.997862 -1.189734 0.018165 -0.007466 0.058883 0.998072
1716803245.371691 0.498287 -9.068915 -1.204152 0.008715 -0.009077 0.071521 0.997360
1716803245.464674 0.503624 -9.154476 -1.198956 0.010035 -0.012553 0.096080 0.995244
1716803245.563847 0.525684 -9.246349 -1.197594 -0.003511 -0.009128 0.118104 0.992953
1716803245.672398 0.552832 -9.303250 -1.201088 0.004016 -0.005274 0.154716 0.987937
1716803245.771864 0.570078 -9.342516 -1.205511 0.014607 -0.003041 0.175116 0.984435
1716803245.871649 0.590380 -9.404551 -1.213548 0.015706 -0.005859 0.196688 0.980323
1716803245.963022 0.618472 -9.460623 -1.222463 0.016070 -0.008915 0.198980 0.979831
1716803246.071137 0.665078 -9.524092 -1.229265 0.016758 -0.014995 0.200325 0.979471
1716803246.171209 0.701049 -9.574010 -1.230668 0.012756 -0.021412 0.204050 0.978643
1716803246.262509 0.743968 -9.618774 -1.239315 0.017966 -0.025334 0.203965 0.978485
1716803246.372013 0.800465 -9.703216 -1.239990 0.020930 -0.031613 0.211998 0.976534
1716803246.463863 0.832018 -9.754439 -1.254512 0.025057 -0.034996 0.223723 0.973702
1716803246.573453 0.873133 -9.817129 -1.272128 0.019716 -0.036002 0.240455 0.969792
1716803246.673362 0.920120 -9.857663 -1.268207 0.011458 -0.042871 0.260382 0.964485
1716803246.773191 0.917893 -9.917511 -1.285946 0.006701 -0.041618 0.296119 0.954220
1716803246.865061 0.928894 -9.949032 -1.290836 -0.004104 -0.041454 0.333104 0.941969
1716803246.963687 0.950050 -9.978533 -1.295665 0.004615 -0.040678 0.368323 0.928796
1716803246.982080 0.961193 -9.977492 -1.281526 -0.008746 -0.039579 0.372946 0.926967
1716803247.163553 1.031583 -10.049443 -1.291711 0.010803 -0.043322 0.416868 0.907870
1716803247.273064 1.104042 -10.113724 -1.300201 0.011692 -0.047806 0.428607 0.902150
1716803247.364580 1.159274 -10.158548 -1.313534 0.010491 -0.050333 0.433450 0.899710
1716803247.474380 1.220987 -10.205854 -1.316545 0.005159 -0.053653 0.435820 0.898418
1716803247.573991 1.269910 -10.241500 -1.306948 0.004837 -0.053946 0.433759 0.899400
1716803247.665102 1.333300 -10.269070 -1.322559 0.010640 -0.050842 0.438147 0.897402
1716803247.773869 1.393609 -10.296976 -1.319907 0.020166 -0.053913 0.446807 0.892776
1716803247.864458 1.451057 -10.320919 -1.324522 0.019472 -0.050513 0.461555 0.885458
1716803247.973257 1.504393 -10.358758 -1.347832 0.014743 -0.049273 0.475412 0.878259
1716803248.073152 1.534977 -10.388698 -1.363822 0.011503 -0.048931 0.500136 0.864487
1716803248.173149 1.599775 -10.445637 -1.352546 0.005481 -0.043136 0.526371 0.849143
1716803248.264329 1.667455 -10.491796 -1.357647 0.010564 -0.043984 0.547760 0.835412
1716803248.373891 1.755953 -10.542651 -1.361338 0.009925 -0.045443 0.575637 0.816382
1716803248.473813 1.827432 -10.574326 -1.370225 0.011822 -0.048479 0.592736 0.803849
1716803248.565122 1.892535 -10.588235 -1.384577 0.010386 -0.055542 0.604481 0.794613
1716803248.674148 1.965660 -10.608191 -1.365151 0.004739 -0.063766 0.610490 0.789439
1716803248.764974 2.041495 -10.624053 -1.362929 0.000524 -0.068458 0.615791 0.784929
1716803248.873501 2.127240 -10.646790 -1.370888 0.002859 -0.065532 0.620936 0.781112
1716803248.881068 2.129418 -10.642578 -1.376059 -0.004632 -0.070716 0.620857 0.780714
1716803249.044063 2.267906 -10.672349 -1.379201 0.013835 -0.071169 0.637296 0.767201
1716803249.173096 2.366247 -10.711358 -1.399365 0.014518 -0.071638 0.654792 0.752266
1716803249.231108 2.408834 -10.711943 -1.387760 0.017461 -0.073791 0.658634 0.748633
1716803249.364230 2.508390 -10.751052 -1.383072 0.007760 -0.072182 0.676490 0.732865
1716803249.473531 2.586441 -10.773619 -1.371818 0.008263 -0.069150 0.682283 0.727764
1716803249.573368 2.644748 -10.788538 -1.383586 0.009193 -0.062779 0.690708 0.720345
1716803249.664531 2.707866 -10.800678 -1.390518 0.017293 -0.058028 0.695462 0.716007
1716803249.772719 2.788674 -10.801886 -1.399861 0.015250 -0.064559 0.699287 0.711756
1716803249.872189 2.863815 -10.807148 -1.397799 0.016206 -0.067511 0.703105 0.707689
1716803249.976243 2.943939 -10.801304 -1.409400 0.021832 -0.068362 0.701003 0.709539
1716803250.046430 2.989040 -10.805373 -1.397109 0.015889 -0.076157 0.700123 0.709771
1716803250.171596 3.094786 -10.806408 -1.386932 0.026111 -0.071451 0.699124 0.710942
1716803250.262978 3.182525 -10.805196 -1.395355 0.022860 -0.075979 0.696207 0.713443
1716803250.372476 3.268787 -10.802149 -1.413617 0.028864 -0.073062 0.703058 0.706781
1716803250.472136 3.347489 -10.801477 -1.429951 0.023519 -0.077728 0.708444 0.701079
1716803250.563801 3.419549 -10.806423 -1.409813 0.016457 -0.082528 0.715416 0.693613
1716803250.672256 3.510860 -10.809887 -1.382986 0.000954 -0.093592 0.726272 0.681006
1716803250.764967 3.591130 -10.807088 -1.399938 0.000711 -0.084011 0.740182 0.667137
1716803250.856068 3.662596 -10.811284 -1.411183 -0.000182 -0.086107 0.747336 0.658843
1716803250.962642 3.753190 -10.813044 -1.416029 0.011908 -0.080592 0.746577 0.660292
1716803251.071659 3.837118 -10.805115 -1.422805 0.013643 -0.083551 0.739544 0.667763
1716803251.171749 3.908852 -10.795219 -1.404605 0.019085 -0.082736 0.732752 0.675178
1716803251.272027 3.982991 -10.788373 -1.409821 0.014650 -0.085795 0.721627 0.686789
1716803251.363535 4.047670 -10.792000 -1.392400 0.018042 -0.084020 0.717398 0.691343
1716803251.473523 4.131568 -10.787183 -1.406066 0.024660 -0.077462 0.710610 0.698874
1716803251.573655 4.219532 -10.786902 -1.411932 0.033121 -0.078791 0.709631 0.699370
1716803251.665426 4.301947 -10.783615 -1.412771 0.033266 -0.079579 0.709382 0.699527
1716803251.770852 4.392474 -10.786718 -1.399850 0.024757 -0.082164 0.713679 0.695197
1716803251.876147 4.483145 -10.792952 -1.392385 0.017288 -0.077571 0.720786 0.688586
1716803251.948113 4.541720 -10.794591 -1.407061 0.018834 -0.076764 0.723466 0.685820
1716803252.032600 4.609266 -10.796524 -1.409069 0.022731 -0.073519 0.724108 0.685380
1716803252.173069 4.719753 -10.787243 -1.420553 0.023236 -0.072405 0.720436 0.689340
1716803252.272896 4.807602 -10.776421 -1.426830 0.020985 -0.075552 0.715710 0.693982
1716803252.364577 4.869408 -10.771628 -1.436666 0.019561 -0.077850 0.713151 0.696400
1716803252.475775 4.953516 -10.761368 -1.427471 0.017997 -0.085622 0.707283 0.701495
1716803252.565534 5.038726 -10.758960 -1.419715 0.022766 -0.083169 0.703953 0.704993
1716803252.674041 5.122194 -10.760385 -1.426325 0.021326 -0.083709 0.695755 0.713066
1716803252.773791 5.191649 -10.768966 -1.422380 0.027414 -0.078595 0.690709 0.718326
1716803252.864502 5.262423 -10.780928 -1.412030 0.019925 -0.075910 0.691865 0.717749
1716803252.964443 5.340367 -10.796149 -1.410709 0.005374 -0.079679 0.693599 0.715921
1716803253.074136 5.430806 -10.806943 -1.401412 -0.001870 -0.080351 0.701475 0.708148
1716803253.128888 5.473918 -10.800794 -1.412627 -0.005641 -0.076691 0.702724 0.707294
1716803253.186090 5.517426 -10.806239 -1.401535 -0.005833 -0.081516 0.706725 0.702753
1716803253.314752 5.619855 -10.828647 -1.407291 0.012429 -0.070544 0.712308 0.698202
1716803253.474179 5.720974 -10.823879 -1.428994 0.010846 -0.068211 0.701574 0.709241
1716803253.565127 5.785520 -10.814196 -1.436156 0.007768 -0.073600 0.696737 0.713498
1716803253.665497 5.880348 -10.814805 -1.438289 0.006465 -0.070518 0.689358 0.720951
1716803253.773814 5.969892 -10.825908 -1.435643 0.012979 -0.071051 0.678787 0.730774
1716803253.873510 6.042538 -10.820795 -1.444985 0.017518 -0.070433 0.678000 0.731470
1716803253.978521 6.127981 -10.815692 -1.441729 0.023661 -0.067521 0.668944 0.739861
1716803254.043060 6.180963 -10.806545 -1.433532 0.028282 -0.067939 0.672531 0.736401
1716803254.164059 6.284745 -10.812708 -1.440144 0.018844 -0.071646 0.672757 0.736145
1716803254.273666 6.376128 -10.823543 -1.425608 0.014937 -0.069211 0.680986 0.728866
1716803254.373778 6.459142 -10.825202 -1.405476 0.017639 -0.067617 0.681235 0.728722
1716803254.465193 6.528752 -10.828990 -1.407881 0.013781 -0.064517 0.688421 0.722305
1716803254.573572 6.622969 -10.828451 -1.420069 0.019043 -0.057592 0.692320 0.719037
1716803254.673220 6.714822 -10.825569 -1.421056 0.018042 -0.056761 0.689682 0.721659
1716803254.764060 6.799996 -10.838317 -1.420746 0.014957 -0.062544 0.684669 0.726012
1716803254.877898 6.892257 -10.819576 -1.412384 0.014217 -0.066543 0.678703 0.731254
1716803254.971666 6.970797 -10.817507 -1.435931 0.024237 -0.067307 0.665878 0.742623
1716803255.071619 7.055480 -10.809646 -1.431650 0.026961 -0.068670 0.669236 0.739379
1716803255.162884 7.132236 -10.799240 -1.439579 0.036353 -0.064956 0.665997 0.742232
1716803255.272499 7.216774 -10.796145 -1.450734 0.033459 -0.067243 0.673800 0.735087
1716803255.372370 7.291983 -10.794854 -1.462415 0.030944 -0.072498 0.672267 0.736100
1716803255.463820 7.357110 -10.801594 -1.443214 0.030043 -0.069952 0.679310 0.729892
1716803255.572245 7.451034 -10.798864 -1.435323 0.022364 -0.071928 0.684786 0.724841
1716803255.663862 7.533689 -10.802792 -1.442026 0.018353 -0.068895 0.693190 0.717220
1716803255.771631 7.620737 -10.814372 -1.439357 0.023369 -0.057657 0.692499 0.718732
1716803255.871346 7.704305 -10.827757 -1.435495 0.023304 -0.056914 0.691012 0.720222
1716803255.962717 7.787650 -10.831478 -1.435425 0.022911 -0.055346 0.685258 0.725833
1716803256.072249 7.872254 -10.819843 -1.421451 0.026547 -0.056601 0.681351 0.729282
1716803256.171620 7.947555 -10.811276 -1.428135 0.020949 -0.061034 0.674764 0.735207
1716803256.263222 8.017430 -10.801895 -1.415248 0.027715 -0.058314 0.676424 0.733677
1716803256.373792 8.104220 -10.803821 -1.431368 0.028316 -0.058386 0.670891 0.738711
1716803256.473387 8.189618 -10.816589 -1.437668 0.028131 -0.060219 0.674770 0.735029
1716803256.565012 8.270032 -10.828180 -1.442273 0.027337 -0.065542 0.674536 0.734819
1716803256.673941 8.363991 -10.847821 -1.446137 0.017734 -0.064956 0.681027 0.729156
1716803256.766903 8.451997 -10.842166 -1.444015 0.012658 -0.069461 0.686779 0.723429
1716803256.872647 8.542026 -10.859382 -1.453354 0.014155 -0.066973 0.694621 0.716112
1716803256.972293 8.625899 -10.873626 -1.457286 0.017293 -0.058248 0.694176 0.717236
1716803257.054634 8.699569 -10.879095 -1.456693 0.017508 -0.061223 0.696178 0.715039
1716803257.083374 8.716376 -10.879520 -1.460092 0.017732 -0.054242 0.697466 0.714342
1716803257.264340 8.852243 -10.867467 -1.444108 0.017737 -0.059240 0.687075 0.723951
1716803257.374831 8.919182 -10.862919 -1.448732 0.014676 -0.065369 0.680091 0.730060
1716803257.466033 8.989574 -10.875132 -1.448335 0.020631 -0.060371 0.677396 0.732846
1716803257.482504 9.020497 -10.858967 -1.449153 0.014902 -0.060237 0.672865 0.737158
1716803257.665202 9.167058 -10.854456 -1.446685 0.028340 -0.061049 0.677573 0.732369
1716803257.778805 9.262083 -10.849831 -1.436505 0.022792 -0.063237 0.686132 0.724364
1716803257.854924 9.322354 -10.849177 -1.435389 0.019078 -0.068132 0.689991 0.720351
1716803257.964447 9.418152 -10.855052 -1.435516 0.003162 -0.071903 0.699764 0.710739
1716803258.076537 9.502546 -10.879551 -1.432298 0.013068 -0.059324 0.706446 0.705155
1716803258.134312 9.553183 -10.876654 -1.450120 0.008563 -0.063570 0.708000 0.703294
1716803258.211231 9.618817 -10.900485 -1.447103 0.014902 -0.050894 0.712516 0.699649
1716803258.375097 9.719151 -10.879060 -1.459423 0.006871 -0.053927 0.703186 0.708925
1716803258.475096 9.770871 -10.869554 -1.454066 0.009096 -0.054741 0.699032 0.712934
1716803258.565460 9.841888 -10.855960 -1.460538 0.003500 -0.063845 0.690935 0.720084
1716803258.674807 9.954803 -10.864533 -1.464599 0.013788 -0.057222 0.684593 0.726546
1716803258.768121 10.034089 -10.844205 -1.480001 0.020646 -0.064129 0.681369 0.728833
1716803258.783072 10.048347 -10.846020 -1.471992 0.032806 -0.056591 0.680522 0.729802
1716803258.963901 10.186059 -10.846027 -1.470957 0.024417 -0.055097 0.693906 0.717539
1716803259.065049 10.279400 -10.857040 -1.480768 0.006201 -0.071994 0.697741 0.712697
1716803259.174295 10.369440 -10.877271 -1.473246 0.000778 -0.072642 0.709452 0.701000
1716803259.183421 10.364934 -10.880599 -1.474877 0.005090 -0.071460 0.706198 0.704380
1716803259.364440 10.495672 -10.922848 -1.471527 0.002397 -0.061266 0.717267 0.694095
1716803259.465884 10.565623 -10.918007 -1.482070 0.004415 -0.057574 0.715256 0.696473
1716803259.574284 10.641598 -10.915866 -1.481941 0.004073 -0.053198 0.715974 0.696085
1716803259.665378 10.715246 -10.917121 -1.474314 0.002081 -0.057768 0.715010 0.696721
1716803259.773107 10.807756 -10.906584 -1.468215 -0.001339 -0.067994 0.710327 0.700578
1716803259.878931 10.891642 -10.914260 -1.472057 0.002316 -0.065526 0.707332 0.703834
1716803259.886335 10.902413 -10.903234 -1.480717 -0.004644 -0.076531 0.706180 0.703869
1716803260.053474 11.035904 -10.890083 -1.482741 0.011173 -0.068368 0.718032 0.692554
1716803260.174302 11.134699 -10.897501 -1.490531 0.009888 -0.073214 0.731650 0.677665
1716803260.272374 11.214142 -10.917752 -1.493417 -0.001720 -0.079137 0.742520 0.665130
1716803260.363951 11.291072 -10.930553 -1.489376 -0.002932 -0.081774 0.756221 0.649179
1716803260.473236 11.379790 -10.899062 -1.480508 -0.013092 -0.080823 0.771099 0.631429
1716803260.564865 11.449192 -10.876537 -1.481489 -0.018681 -0.081440 0.790259 0.607049
1716803260.672467 11.506670 -10.844897 -1.483802 -0.012556 -0.079695 0.808141 0.583437
1716803260.775385 11.594431 -10.832499 -1.494693 -0.000867 -0.079451 0.828520 0.554293
1716803260.847250 11.634802 -10.813029 -1.492177 0.003340 -0.079020 0.833922 0.546186
1716803260.972094 11.713400 -10.786148 -1.482239 0.009031 -0.080187 0.844700 0.529123
1716803261.063426 11.761707 -10.751363 -1.482499 0.008365 -0.094358 0.847437 0.522376
1716803261.172836 11.818431 -10.717674 -1.477115 0.014924 -0.089941 0.858760 0.504202
1716803261.273215 11.885472 -10.665328 -1.472054 0.012407 -0.099913 0.865767 0.490215
1716803261.373665 11.950016 -10.630254 -1.471981 0.019218 -0.096572 0.878444 0.467589
1716803261.464746 11.990848 -10.595004 -1.465606 0.018310 -0.095722 0.888457 0.448492
1716803261.574280 12.034864 -10.583108 -1.459014 0.012514 -0.106251 0.903133 0.415818
1716803261.676815 12.090549 -10.553999 -1.441613 0.003091 -0.100782 0.919984 0.378765
1716803261.764363 12.147903 -10.526907 -1.435506 -0.011968 -0.115023 0.929914 0.349121
1716803261.873333 12.201690 -10.482383 -1.425480 -0.012371 -0.103693 0.942495 0.317487
1716803261.973271 12.238095 -10.442463 -1.425911 -0.012596 -0.103438 0.949630 0.295543
1716803262.063684 12.270336 -10.411816 -1.433690 -0.007343 -0.100957 0.955508 0.277052
1716803262.174081 12.301701 -10.358266 -1.438357 -0.002707 -0.102165 0.960387 0.259252
1716803262.274431 12.324792 -10.306806 -1.435779 -0.002614 -0.104917 0.963670 0.245614
1716803262.365162 12.346685 -10.259237 -1.426069 0.001764 -0.105010 0.966112 0.235791
1716803262.475026 12.359671 -10.194540 -1.412758 0.001244 -0.109804 0.968228 0.224670
1716803262.566128 12.380261 -10.151065 -1.425563 0.006542 -0.097437 0.973245 0.207986
1716803262.583463 12.386886 -10.126360 -1.417704 0.011231 -0.103039 0.973594 0.203399
1716803262.770350 12.418014 -10.006936 -1.403588 0.015855 -0.084825 0.983622 0.158242
1716803262.845490 12.431993 -9.960722 -1.390215 0.015470 -0.087742 0.986495 0.137439
1716803262.974279 12.469730 -9.871430 -1.387653 0.008058 -0.098198 0.989206 0.108456
1716803263.074436 12.497750 -9.807227 -1.370635 0.005553 -0.091976 0.992175 0.084251
1716803263.174056 12.509861 -9.733652 -1.363464 -0.003728 -0.098673 0.993364 0.058969
1716803263.265318 12.513268 -9.680722 -1.357018 -0.005105 -0.094417 0.994691 0.040619
1716803263.304838 12.503350 -9.658682 -1.352183 -0.010587 -0.089486 0.995519 0.028655
1716803263.466230 12.495805 -9.579322 -1.335933 -0.004042 -0.080154 0.996718 0.010573
1716803263.574956 12.493161 -9.498284 -1.327515 -0.001888 -0.088648 0.996061 0.000108
1716803263.674197 12.481427 -9.437484 -1.320446 -0.001040 -0.097341 0.995249 0.001469
1716803263.774090 12.479272 -9.382163 -1.312474 0.001864 -0.086227 0.996274 -0.000045
1716803263.865053 12.473251 -9.331134 -1.302407 0.003975 -0.093956 0.995548 0.006427
1716803263.973803 12.461906 -9.267218 -1.290989 0.007131 -0.082694 0.996537 0.004980
1716803264.064709 12.467005 -9.203462 -1.283525 0.007413 -0.081229 0.996642 0.007206
1716803264.174258 12.465065 -9.133519 -1.274810 0.008938 -0.073196 0.997276 0.001638
1716803264.274253 12.463476 -9.058982 -1.274045 0.006965 -0.073131 0.997298 -0.001004
1716803264.365738 12.461425 -8.990453 -1.260197 0.009586 -0.075732 0.997047 -0.008334
1716803264.474615 12.457222 -8.908950 -1.229898 0.000344 -0.085942 0.996078 -0.021050
1716803264.574462 12.455797 -8.830569 -1.218748 -0.001590 -0.084649 0.995867 -0.032866
1716803264.673792 12.450176 -8.729928 -1.207141 -0.006874 -0.085348 0.995054 -0.050368
1716803264.765376 12.422604 -8.647221 -1.195081 -0.004022 -0.085976 0.994370 -0.061812
1716803264.869597 12.396158 -8.562484 -1.174438 -0.004880 -0.089886 0.993350 -0.071776
1716803264.963743 12.383487 -8.483393 -1.171215 -0.007845 -0.095966 0.992602 -0.073962
1716803265.073013 12.365982 -8.404035 -1.157914 -0.009002 -0.104523 0.991824 -0.072657
1716803265.173146 12.361342 -8.333998 -1.149337 -0.007622 -0.098447 0.992377 -0.073737
1716803265.273073 12.357128 -8.250575 -1.160681 -0.003977 -0.101495 0.992229 -0.071859
1716803265.363925 12.349426 -8.190710 -1.155420 -0.002776 -0.095517 0.992374 -0.077860
1716803265.464916 12.322880 -8.100691 -1.160670 0.005135 -0.097924 0.991129 -0.089709
1716803265.481118 12.315426 -8.091256 -1.140291 0.002618 -0.092184 0.990541 -0.101606
1716803265.671684 12.285475 -7.944508 -1.089245 -0.012926 -0.111308 0.987462 -0.111187
1716803265.754918 12.285585 -7.856010 -1.102370 -0.011993 -0.120905 0.985856 -0.115442
1716803265.871931 12.279356 -7.752250 -1.095667 -0.011660 -0.117060 0.985749 -0.120246
1716803265.971943 12.271519 -7.670735 -1.080902 -0.009734 -0.112517 0.986425 -0.119213
1716803266.072021 12.259036 -7.596333 -1.084990 -0.006762 -0.104489 0.988335 -0.110594
1716803266.162734 12.241034 -7.538299 -1.083862 -0.003009 -0.105454 0.989642 -0.097360
1716803266.273176 12.246334 -7.454031 -1.075018 -0.004048 -0.114371 0.990666 -0.074060
1716803266.373616 12.244760 -7.367002 -1.063259 0.006254 -0.112109 0.992293 -0.052412
1716803266.473940 12.232157 -7.251287 -1.052458 0.007485 -0.100667 0.994199 -0.037137
1716803266.573293 12.225500 -7.162902 -1.033681 0.006826 -0.096916 0.994854 -0.028750
1716803266.666378 12.224734 -7.078519 -1.017307 0.006498 -0.090293 0.995360 -0.032609
1716803266.750720 12.218094 -6.992721 -1.006835 0.005392 -0.085095 0.995740 -0.035100
1716803266.873174 12.217648 -6.891122 -0.994363 0.000970 -0.088436 0.995238 -0.040978
1716803266.964254 12.228492 -6.796365 -0.994874 -0.004711 -0.075679 0.995998 -0.047318
1716803266.982781 12.231163 -6.784879 -0.990327 -0.009444 -0.082337 0.995441 -0.047215
1716803267.163891 12.228469 -6.635686 -0.976454 -0.006914 -0.078798 0.995914 -0.043565
1716803267.199290 12.229232 -6.598501 -0.959426 -0.003038 -0.076973 0.996125 -0.042444
1716803267.374984 12.215754 -6.442001 -0.938934 -0.000698 -0.089296 0.995674 -0.025675
1716803267.474782 12.197146 -6.351119 -0.930847 0.009101 -0.089479 0.995907 -0.008994
1716803267.574722 12.192522 -6.254643 -0.926696 0.013906 -0.085914 0.996205 -0.001253
1716803267.674340 12.199953 -6.191076 -0.906777 0.011182 -0.085754 0.996226 0.007369
1716803267.770922 12.212119 -6.122031 -0.891323 0.012374 -0.084435 0.996294 0.010739
1716803267.874235 12.226852 -6.049075 -0.887533 0.007584 -0.091068 0.995713 0.014319
1716803267.973899 12.239396 -5.965378 -0.884786 0.004289 -0.093430 0.995547 0.011759
1716803268.064265 12.251643 -5.906614 -0.875225 0.002164 -0.104985 0.994442 0.007671
1716803268.174431 12.267238 -5.844369 -0.852651 -0.005505 -0.100584 0.994898 0.005579
1716803268.274508 12.274595 -5.779093 -0.853732 -0.004053 -0.097256 0.995245 0.003368
1716803268.364989 12.279832 -5.716058 -0.854831 -0.005221 -0.092267 0.995713 0.003977
1716803268.474942 12.288042 -5.640783 -0.849164 -0.004046 -0.095584 0.995333 0.012658
1716803268.574843 12.296250 -5.554686 -0.829315 0.000042 -0.095535 0.995227 0.019907
1716803268.665911 12.301874 -5.473090 -0.807663 0.001405 -0.105597 0.993844 0.033483
1716803268.683212 12.303695 -5.453222 -0.812073 0.003570 -0.100219 0.994432 0.032389
1716803268.866869 12.307318 -5.307175 -0.790063 0.012568 -0.092062 0.994694 0.044171
1716803268.948159 12.302714 -5.241235 -0.782439 0.016859 -0.088007 0.994931 0.045645
1716803269.073721 12.307417 -5.129127 -0.779284 0.012216 -0.095170 0.994685 0.037357
1716803269.173801 12.316359 -5.026402 -0.778522 0.011428 -0.093539 0.995171 0.027468
1716803269.273800 12.328864 -4.928889 -0.768380 0.007997 -0.107314 0.994113 0.012605
1716803269.364402 12.338896 -4.856269 -0.743700 0.005332 -0.102396 0.994726 0.002653
1716803269.405545 12.344579 -4.821746 -0.745445 0.005657 -0.093373 0.995568 -0.009710
1716803269.574285 12.351383 -4.681051 -0.730637 0.000639 -0.087681 0.996086 -0.011172
1716803269.673925 12.343981 -4.608447 -0.727750 0.000959 -0.085079 0.996362 -0.004754
1716803269.773434 12.347152 -4.512050 -0.709685 0.002974 -0.078107 0.996922 0.006019
1716803269.873893 12.340536 -4.408587 -0.686592 0.007717 -0.084010 0.996062 0.027266
1716803269.969676 12.336644 -4.321014 -0.693845 0.009802 -0.076923 0.996308 0.036836
1716803270.072218 12.319061 -4.233247 -0.680246 0.008687 -0.076269 0.995705 0.051752
1716803270.163504 12.317950 -4.157847 -0.678183 0.009418 -0.073693 0.995370 0.060992
1716803270.272782 12.319229 -4.063117 -0.685571 0.005637 -0.077944 0.995120 0.060242
1716803270.372839 12.324114 -3.988768 -0.675625 0.000718 -0.078957 0.995110 0.059333
1716803270.464460 12.336130 -3.919765 -0.670440 -0.002799 -0.085603 0.994867 0.053896
1716803270.564626 12.348122 -3.836029 -0.653925 -0.008264 -0.081187 0.995486 0.048465
1716803270.672508 12.359322 -3.753737 -0.639896 -0.010223 -0.077781 0.995566 0.051904
1716803270.772247 12.366942 -3.672013 -0.619950 -0.010489 -0.074370 0.995689 0.054432
1716803270.863757 12.376333 -3.592840 -0.588844 -0.012976 -0.084828 0.993985 0.068041
1716803270.971485 12.372025 -3.516958 -0.572958 -0.007822 -0.082290 0.993778 0.074649
1716803271.037698 12.371440 -3.465759 -0.560584 -0.008301 -0.098700 0.991696 0.082028
1716803271.129499 12.371706 -3.376404 -0.556840 -0.007475 -0.098305 0.991043 0.090082
1716803271.263878 12.362388 -3.261280 -0.571796 -0.001219 -0.097791 0.990578 0.095872
1716803271.296711 12.355286 -3.243744 -0.555665 0.006825 -0.085558 0.991622 0.096533
1716803271.474024 12.359296 -3.102856 -0.539712 0.003343 -0.098207 0.991019 0.090691
1716803271.574116 12.364982 -3.034108 -0.523392 0.005607 -0.108873 0.990750 0.080802
1716803271.673735 12.363577 -2.969071 -0.513623 0.001916 -0.110357 0.991391 0.070436
1716803271.774033 12.376448 -2.865590 -0.523202 -0.008396 -0.106782 0.992184 0.064013
1716803271.843051 12.388202 -2.821763 -0.524576 -0.011172 -0.112677 0.991790 0.059428
1716803271.972994 12.401738 -2.718076 -0.525291 -0.013126 -0.104236 0.992614 0.060657
1716803272.073102 12.404643 -2.629895 -0.529113 -0.009515 -0.108438 0.991802 0.066929
1716803272.173332 12.405948 -2.553437 -0.527117 -0.008939 -0.105971 0.991845 0.070247
1716803272.264948 12.402333 -2.489908 -0.520180 -0.005287 -0.113484 0.990481 0.077719
1716803272.365778 12.406000 -2.420256 -0.495018 -0.000394 -0.099935 0.991220 0.086576
1716803272.474794 12.393809 -2.323276 -0.496327 -0.002131 -0.103552 0.990040 0.095363
1716803272.574596 12.390574 -2.240145 -0.468528 0.001880 -0.093914 0.990603 0.099410
1716803272.674251 12.380764 -2.158748 -0.463071 0.002130 -0.095039 0.990971 0.094549
1716803272.765310 12.390231 -2.092485 -0.444493 -0.001046 -0.096701 0.991214 0.090233
1716803272.864755 12.403274 -2.015754 -0.440510 -0.001721 -0.097454 0.991889 0.081589
1716803272.974153 12.416426 -1.916592 -0.428891 -0.003609 -0.111388 0.991331 0.069584
1716803273.074172 12.435836 -1.836438 -0.407331 -0.008293 -0.107682 0.992290 0.060801
1716803273.174391 12.440333 -1.757474 -0.402174 -0.007313 -0.109539 0.992118 0.060413
1716803273.265477 12.444321 -1.690172 -0.399531 -0.008921 -0.105781 0.992739 0.056566
1716803273.374882 12.438887 -1.611869 -0.404339 -0.005153 -0.111676 0.991714 0.063283
1716803273.474886 12.424321 -1.526640 -0.374902 -0.002289 -0.114470 0.991187 0.066631
1716803273.574760 12.405931 -1.459886 -0.358754 0.002752 -0.115333 0.990068 0.080356
1716803273.665494 12.400776 -1.365959 -0.360955 0.000238 -0.111055 0.990187 0.084832
1716803273.774017 12.393343 -1.286664 -0.356950 0.001229 -0.098520 0.990553 0.095375
1716803273.864906 12.393581 -1.224226 -0.347043 0.003003 -0.092370 0.991361 0.093072
1716803273.954788 12.387575 -1.160396 -0.354651 0.003164 -0.094262 0.991319 0.091609
1716803274.064357 12.390570 -1.069691 -0.351200 -0.003284 -0.104379 0.991134 0.082141
1716803274.173827 12.404091 -0.958285 -0.329857 -0.009924 -0.115927 0.990833 0.068640
1716803274.273799 12.422010 -0.889182 -0.315739 -0.010806 -0.100227 0.992620 0.067397
1716803274.365165 12.432681 -0.804890 -0.312194 -0.011113 -0.105371 0.992450 0.061771
1716803274.474755 12.445712 -0.730582 -0.298748 -0.009812 -0.099191 0.992879 0.065243
1716803274.574232 12.449258 -0.669837 -0.284162 -0.010636 -0.100957 0.991795 0.077698
1716803274.665414 12.441397 -0.598083 -0.262940 -0.008522 -0.106358 0.990732 0.084055
1716803274.773147 12.461660 -0.497464 -0.238699 -0.003221 -0.114139 0.987314 0.110327
1716803274.874218 12.488893 -0.392024 -0.244989 -0.001802 -0.109504 0.986424 0.122367
1716803274.950556 12.451559 -0.329058 -0.264436 0.000562 -0.104185 0.985935 0.130678
1716803275.072968 12.446882 -0.230329 -0.259607 0.000016 -0.092000 0.986475 0.135658
1716803275.135288 12.438469 -0.204287 -0.255918 -0.000195 -0.088178 0.987058 0.133943
1716803275.264190 12.454168 -0.095810 -0.252642 -0.003321 -0.102562 0.986990 0.123781
1716803275.364799 12.473639 -0.020290 -0.225718 -0.006885 -0.100673 0.988381 0.113673
1716803275.473121 12.480636 0.057493 -0.197635 -0.007653 -0.100487 0.988839 0.109734
1716803275.572668 12.507221 0.149554 -0.190734 -0.011804 -0.104839 0.990059 0.093023
1716803275.672265 12.517441 0.215775 -0.180251 -0.015524 -0.094852 0.991227 0.090727
1716803275.763765 12.533972 0.291219 -0.151641 -0.013723 -0.093365 0.991942 0.084527
1716803275.871649 12.556953 0.383988 -0.125555 -0.010842 -0.100349 0.990576 0.092587
1716803275.963057 12.563792 0.472336 -0.112249 -0.006659 -0.099742 0.990013 0.099403
1716803276.071769 12.559924 0.556483 -0.104589 -0.003588 -0.102843 0.988252 0.113000
1716803276.172016 12.571217 0.653733 -0.091152 0.000327 -0.094097 0.989906 0.105978
1716803276.263778 12.580221 0.715387 -0.101948 0.001101 -0.097610 0.988910 0.111932
1716803276.373322 12.591849 0.795855 -0.093910 0.008296 -0.089795 0.990485 0.103959
1716803276.465304 12.589232 0.870538 -0.088686 0.008948 -0.096552 0.989842 0.103977
1716803276.573785 12.588327 0.949196 -0.086548 0.000235 -0.100082 0.991184 0.086820
1716803276.676455 12.587256 1.023403 -0.061776 -0.009858 -0.107766 0.991377 0.073899
1716803276.750438 12.600963 1.086709 -0.055282 -0.013705 -0.108807 0.991978 0.062876
1716803276.842726 12.622641 1.171164 -0.038633 -0.017551 -0.103684 0.993219 0.049580
1716803276.973449 12.643687 1.290610 -0.032434 -0.015152 -0.100553 0.993829 0.044314
1716803277.064039 12.655836 1.368504 -0.043039 -0.012172 -0.102754 0.993385 0.049796
1716803277.173774 12.670633 1.464037 -0.014969 -0.013780 -0.101986 0.993376 0.051118
1716803277.274079 12.670130 1.538325 -0.009662 -0.008908 -0.107694 0.992179 0.062479
1716803277.365641 12.683547 1.613045 -0.000409 -0.006754 -0.105316 0.992659 0.059083
1716803277.474552 12.687042 1.692151 0.022312 -0.002764 -0.105101 0.992132 0.067979
1716803277.565702 12.690088 1.763211 0.036909 0.001881 -0.098732 0.993100 0.063255
1716803277.677256 12.706258 1.855572 0.050987 -0.009738 -0.106864 0.992393 0.060344
1716803277.755991 12.719055 1.911350 0.055155 -0.007834 -0.117593 0.991580 0.053659
1716803277.873656 12.741508 2.013310 0.069635 -0.018521 -0.129172 0.990673 0.039235
1716803277.964668 12.780767 2.094805 0.073256 -0.019276 -0.121354 0.992122 0.024420
1716803278.074099 12.781953 2.192469 0.079144 -0.021649 -0.114788 0.992977 0.018738
1716803278.174383 12.792213 2.276272 0.081625 -0.018092 -0.112896 0.993361 0.012718
1716803278.265472 12.785123 2.350598 0.077392 -0.016591 -0.111130 0.993523 0.016937
1716803278.374837 12.776425 2.432149 0.096967 -0.012660 -0.107587 0.994025 0.013354
1716803278.465847 12.767087 2.498017 0.090655 -0.009526 -0.121994 0.992303 0.019038
1716803278.574492 12.775628 2.579415 0.096127 -0.006775 -0.109931 0.993743 0.018567
1716803278.674234 12.741185 2.652983 0.105928 -0.006640 -0.114868 0.993134 0.021102
1716803278.772936 12.742091 2.722945 0.088270 0.000081 -0.099599 0.994976 0.010102
1716803278.853370 12.719795 2.778526 0.090408 0.001846 -0.097157 0.995260 -0.003846
1716803278.973440 12.742776 2.904456 0.069902 -0.004855 -0.120360 0.992122 -0.034398
1716803279.064517 12.769603 3.001513 0.072816 -0.011781 -0.113280 0.991707 -0.059541
1716803279.173937 12.777752 3.088778 0.077867 -0.013812 -0.111581 0.991069 -0.071706
1716803279.274127 12.804321 3.164832 0.074160 -0.016364 -0.114627 0.988745 -0.094740
1716803279.374177 12.804180 3.241262 0.056894 -0.011103 -0.111120 0.988025 -0.106470
1716803279.465603 12.798008 3.290179 0.071456 -0.011242 -0.108481 0.987226 -0.116150
1716803279.573897 12.789684 3.355548 0.099441 -0.004263 -0.113653 0.986521 -0.117647
1716803279.673384 12.779132 3.420998 0.129293 -0.005862 -0.115785 0.986569 -0.115073
1716803279.768989 12.765315 3.492790 0.157369 -0.008021 -0.108783 0.988184 -0.107678
1716803279.867991 12.740083 3.559280 0.199074 -0.008315 -0.107373 0.988877 -0.102584
1716803279.941548 12.723718 3.593102 0.226127 -0.005340 -0.090988 0.990871 -0.099339
1716803280.033538 12.710765 3.644954 0.225765 -0.007575 -0.089231 0.990583 -0.103566
1716803280.172936 12.686270 3.748885 0.228795 -0.010766 -0.107592 0.985094 -0.133784
1716803280.264625 12.678774 3.817286 0.233757 -0.015408 -0.115745 0.980783 -0.156304
1716803280.373249 12.652355 3.888710 0.254225 -0.019488 -0.122695 0.975693 -0.180524
1716803280.472721 12.658555 3.960027 0.257011 -0.028239 -0.121028 0.968563 -0.215499
1716803280.572341 12.649405 4.017991 0.268301 -0.032120 -0.117562 0.964827 -0.232930
1716803280.663840 12.639710 4.063962 0.291708 -0.027982 -0.115696 0.961746 -0.246732
1716803280.771509 12.621066 4.113888 0.299070 -0.020443 -0.116685 0.961971 -0.246127
1716803280.862866 12.593386 4.176024 0.310969 -0.016754 -0.117671 0.962511 -0.243815
1716803280.971568 12.549217 4.249037 0.330064 -0.015228 -0.116013 0.964098 -0.238377
1716803281.071671 12.511532 4.303620 0.330968 -0.011216 -0.113071 0.967897 -0.224199
1716803281.163205 12.480077 4.345494 0.333815 -0.009952 -0.108361 0.968337 -0.224682
1716803281.272751 12.421416 4.404021 0.320571 -0.007539 -0.105325 0.969114 -0.222863
1716803281.373220 12.380170 4.455712 0.332056 -0.009867 -0.096997 0.966416 -0.237768
1716803281.473512 12.336716 4.522846 0.342643 -0.013970 -0.100875 0.962510 -0.251403
1716803281.565252 12.298498 4.562984 0.354710 -0.014435 -0.106875 0.956296 -0.271784
1716803281.664821 12.267990 4.675347 0.381111 -0.017834 -0.113722 0.936529 -0.331152
1716803281.772665 12.216918 4.735836 0.392352 -0.020862 -0.111724 0.924425 -0.364035
1716803281.872553 12.172405 4.777143 0.411646 -0.026505 -0.105749 0.915102 -0.388205
1716803281.972629 12.134121 4.806012 0.413528 -0.022815 -0.103946 0.905711 -0.410321
1716803282.063881 12.084512 4.828184 0.416979 -0.028106 -0.098814 0.898977 -0.425777
1716803282.173593 12.038297 4.858095 0.430151 -0.028765 -0.095710 0.895152 -0.434414
1716803282.274001 11.996206 4.884807 0.432144 -0.022454 -0.101029 0.892022 -0.439983
1716803282.374233 11.946383 4.915620 0.435007 -0.026729 -0.097542 0.890394 -0.443814
1716803282.465739 11.894547 4.942614 0.423100 -0.019489 -0.099229 0.887287 -0.449994
1716803282.574127 11.833782 4.986739 0.423849 -0.016993 -0.086923 0.879721 -0.467168
1716803282.665781 11.792535 5.027743 0.438307 -0.014624 -0.080934 0.871761 -0.482979
1716803282.764788 11.721669 5.069908 0.441987 -0.019637 -0.083793 0.862217 -0.499174
1716803282.782826 11.703811 5.079418 0.441555 -0.018881 -0.080476 0.861840 -0.500398
1716803282.973600 11.576621 5.158928 0.440479 -0.013411 -0.105091 0.833483 -0.542294
1716803283.064630 11.523522 5.186504 0.450110 -0.019298 -0.091220 0.825434 -0.556746
1716803283.174142 11.461560 5.218453 0.440707 -0.015749 -0.099556 0.814368 -0.571529
1716803283.274268 11.413873 5.243053 0.436908 -0.016562 -0.093137 0.807370 -0.582413
1716803283.365507 11.362237 5.264175 0.426608 -0.016538 -0.095409 0.806448 -0.583323
1716803283.474640 11.317337 5.285286 0.439506 -0.016977 -0.099795 0.805875 -0.583368
1716803283.574337 11.259564 5.298973 0.454131 -0.013765 -0.105290 0.809944 -0.576815
1716803283.665480 11.180584 5.312005 0.457252 -0.015031 -0.098255 0.817246 -0.567652
1716803283.775095 11.084512 5.336500 0.472344 -0.013461 -0.091692 0.819808 -0.565090
1716803283.865564 11.004441 5.357015 0.477222 -0.011854 -0.088962 0.823108 -0.560748
1716803283.964386 10.927907 5.393762 0.479899 -0.009698 -0.094788 0.816048 -0.570076
1716803284.073506 10.854196 5.435311 0.467184 -0.004192 -0.104111 0.808673 -0.578957
1716803284.164793 10.784393 5.475668 0.470927 -0.009412 -0.105095 0.799101 -0.591864
1716803284.273918 10.711663 5.508924 0.478225 -0.015115 -0.105501 0.792981 -0.599852
1716803284.374478 10.650164 5.537603 0.486564 -0.021116 -0.109100 0.781751 -0.613609
1716803284.473648 10.594069 5.570031 0.488731 -0.024574 -0.103380 0.776908 -0.620582
1716803284.565201 10.531995 5.588167 0.491330 -0.023786 -0.096775 0.772532 -0.627107
1716803284.673352 10.453193 5.609299 0.488132 -0.015982 -0.100974 0.778012 -0.619876
1716803284.771035 10.384825 5.632802 0.484723 -0.011089 -0.097368 0.777428 -0.621290
1716803284.872371 10.288309 5.660417 0.497109 -0.016928 -0.082246 0.786730 -0.611560
1716803284.972170 10.205255 5.686929 0.509568 -0.014151 -0.073209 0.781154 -0.619870
1716803285.072249 10.125364 5.714608 0.513327 -0.017315 -0.070084 0.782722 -0.618170
1716803285.172525 10.047456 5.747132 0.503144 -0.019413 -0.068679 0.773890 -0.629285
1716803285.272689 9.956871 5.774839 0.498724 -0.016834 -0.072783 0.768096 -0.635963
1716803285.364213 9.893215 5.808935 0.508453 -0.022317 -0.074062 0.758503 -0.647063
1716803285.472840 9.811288 5.834364 0.517759 -0.025375 -0.076304 0.751098 -0.655276
1716803285.572493 9.741500 5.862764 0.513947 -0.032037 -0.075116 0.737307 -0.670604
1716803285.664042 9.686461 5.893533 0.513327 -0.034659 -0.074513 0.729015 -0.679546
1716803285.771657 9.604774 5.909099 0.513301 -0.033753 -0.072192 0.727231 -0.681751
1716803285.871390 9.535763 5.911878 0.518710 -0.028532 -0.081613 0.738044 -0.669191
1716803285.971359 9.456092 5.922527 0.527716 -0.028630 -0.082987 0.736227 -0.671016
1716803286.062679 9.385638 5.928384 0.530266 -0.026002 -0.083443 0.747303 -0.658710
1716803286.171555 9.305683 5.941254 0.547480 -0.022819 -0.076639 0.745713 -0.661452
1716803286.271770 9.235902 5.946675 0.544789 -0.020765 -0.074471 0.748077 -0.659093
1716803286.363533 9.169761 5.956149 0.553100 -0.023150 -0.068066 0.745068 -0.663102
1716803286.473228 9.090590 5.976983 0.556694 -0.028070 -0.071357 0.741528 -0.666525
1716803286.573554 9.015176 5.991153 0.579159 -0.026345 -0.077491 0.734638 -0.673504
1716803286.665300 8.930952 5.998568 0.596338 -0.025352 -0.082232 0.723020 -0.685447
1716803286.777858 8.847689 6.020062 0.593700 -0.022346 -0.079647 0.716379 -0.692790
1716803286.864294 8.786604 6.036797 0.592103 -0.021721 -0.080092 0.712775 -0.696467
1716803286.881473 8.778094 6.041708 0.583355 -0.022568 -0.076113 0.712261 -0.697410
1716803287.063735 8.641255 6.063459 0.560457 -0.014875 -0.077655 0.719075 -0.690419
1716803287.172749 8.562790 6.060495 0.561855 -0.017160 -0.071022 0.720331 -0.689772
1716803287.264719 8.499516 6.053725 0.563627 -0.010609 -0.078576 0.723266 -0.686003
1716803287.373954 8.415516 6.057848 0.566856 -0.012390 -0.070210 0.728143 -0.681708
1716803287.465433 8.359383 6.058771 0.564813 -0.014417 -0.070585 0.729484 -0.680193
1716803287.574224 8.277328 6.056478 0.563663 -0.011259 -0.063806 0.730894 -0.679408
1716803287.674048 8.201043 6.064052 0.570097 -0.011853 -0.061552 0.725551 -0.685308
1716803287.768523 8.132995 6.075414 0.575186 -0.018168 -0.066331 0.721395 -0.689100
1716803287.873522 8.043813 6.091153 0.598454 -0.017567 -0.076609 0.704172 -0.705666
1716803287.964578 7.964495 6.104427 0.605621 -0.016423 -0.084896 0.701768 -0.707138
1716803288.074300 7.875553 6.117307 0.609529 -0.017966 -0.087518 0.690750 -0.717553
1716803288.092779 7.868775 6.121056 0.601745 -0.018793 -0.087026 0.690042 -0.718273
1716803288.201731 7.793216 6.132062 0.584877 -0.021319 -0.084727 0.691840 -0.716746
1716803288.368880 7.666490 6.158261 0.572696 -0.009225 -0.091754 0.699106 -0.709046
1716803288.464804 7.589773 6.146568 0.585295 -0.009907 -0.080964 0.710767 -0.698682
1716803288.573343 7.516942 6.141066 0.576497 -0.009994 -0.075924 0.725523 -0.683924
1716803288.664339 7.448802 6.144528 0.584724 -0.011463 -0.071092 0.720681 -0.689516
1716803288.773694 7.375982 6.139261 0.569469 -0.007355 -0.068618 0.728087 -0.682002
1716803288.873825 7.310515 6.147120 0.559691 -0.006318 -0.069984 0.722418 -0.687877
1716803288.965110 7.246520 6.156758 0.546786 -0.002964 -0.073866 0.723378 -0.686483
1716803289.065408 7.167120 6.173505 0.558101 -0.002507 -0.081345 0.717877 -0.691396
1716803289.165099 7.093835 6.181940 0.568532 -0.002234 -0.091487 0.710669 -0.697549
1716803289.271197 7.017306 6.188868 0.571182 -0.011719 -0.089948 0.708613 -0.699743
1716803289.363739 6.948074 6.196931 0.569721 -0.012552 -0.084662 0.709234 -0.699759
1716803289.472900 6.881391 6.198478 0.566648 -0.013252 -0.086459 0.711759 -0.696956
1716803289.564249 6.821490 6.195772 0.555581 -0.010462 -0.086385 0.715775 -0.692889
1716803289.673687 6.735520 6.200181 0.555059 -0.015830 -0.078631 0.718166 -0.691234
1716803289.773558 6.647688 6.204316 0.558566 -0.007803 -0.081096 0.723711 -0.685277
1716803289.873307 6.581136 6.207658 0.558889 -0.012019 -0.079586 0.726022 -0.682944
1716803289.973018 6.489356 6.211176 0.572239 -0.011892 -0.073161 0.730607 -0.678764
1716803289.989321 6.457439 6.209936 0.574058 -0.007926 -0.064144 0.731914 -0.678325
1716803290.172614 6.287840 6.231241 0.571952 -0.011911 -0.066534 0.730839 -0.679195
1716803290.188969 6.275812 6.227298 0.583223 -0.014095 -0.065525 0.729347 -0.680853
1716803290.355601 6.127575 6.257655 0.595520 -0.012105 -0.075132 0.716848 -0.693064
1716803290.471115 6.038844 6.283748 0.597194 -0.024983 -0.078793 0.707743 -0.701617
1716803290.562613 5.973299 6.297717 0.601030 -0.023141 -0.080553 0.697435 -0.711730
1716803290.671027 5.898150 6.308054 0.589635 -0.024523 -0.080845 0.695853 -0.713198
1716803290.762526 5.830128 6.322781 0.583288 -0.021916 -0.081628 0.695487 -0.713551
1716803290.854524 5.775553 6.336521 0.575210 -0.017262 -0.081880 0.698321 -0.710877
1716803290.972533 5.683329 6.348011 0.582771 -0.010650 -0.081111 0.701812 -0.707650
1716803291.056370 5.645350 6.360346 0.586344 -0.006414 -0.082880 0.707089 -0.702222
1716803291.178192 5.537797 6.363189 0.573116 -0.008143 -0.069788 0.713283 -0.697345
1716803291.254709 5.470436 6.357143 0.583348 -0.009568 -0.067869 0.718624 -0.692013
1716803291.280664 5.449524 6.358291 0.592234 -0.011462 -0.065433 0.718288 -0.692567
1716803291.445395 5.308205 6.374703 0.581796 -0.005671 -0.070721 0.711805 -0.698785
1716803291.573152 5.197294 6.377683 0.593096 -0.002557 -0.077324 0.703916 -0.706057
1716803291.656595 5.129577 6.385603 0.599242 0.002184 -0.086015 0.696721 -0.712164
1716803291.764478 5.026436 6.394733 0.597856 -0.003464 -0.080183 0.687545 -0.721693
1716803291.872276 4.938493 6.396036 0.609818 -0.007017 -0.078344 0.690274 -0.719260
1716803291.972303 4.854373 6.404659 0.606073 -0.005320 -0.077887 0.692959 -0.716738
1716803292.072410 4.784080 6.400425 0.602544 -0.001655 -0.081169 0.699894 -0.709618
1716803292.164485 4.723539 6.394253 0.611092 0.002222 -0.080391 0.701854 -0.707766
1716803292.273368 4.641148 6.383525 0.615476 0.001955 -0.071561 0.707776 -0.702800
1716803292.373866 4.560525 6.378253 0.623878 0.001289 -0.070977 0.709671 -0.700948
1716803292.465227 4.485825 6.372462 0.628381 0.001516 -0.060993 0.711345 -0.700190
1716803292.574008 4.407346 6.372675 0.626606 0.001423 -0.062146 0.709108 -0.702355
1716803292.673811 4.346182 6.365536 0.633477 -0.003881 -0.062206 0.704019 -0.707441
1716803292.768180 4.281541 6.365705 0.626871 -0.008777 -0.071277 0.694929 -0.715483
1716803292.863956 4.184235 6.373382 0.611909 -0.015397 -0.066766 0.688397 -0.722090
1716803292.938627 4.131812 6.383722 0.608583 -0.019880 -0.068866 0.683683 -0.726250
1716803292.992349 4.085121 6.391640 0.612098 -0.027248 -0.063032 0.680327 -0.729684
1716803293.093559 4.015372 6.404217 0.607531 -0.024832 -0.062887 0.680723 -0.729414
1716803293.183131 3.934175 6.429348 0.610555 -0.023956 -0.057725 0.680441 -0.730133
1716803293.291723 3.848321 6.429990 0.615132 -0.010091 -0.069437 0.690693 -0.719736
1716803293.474110 3.730208 6.429325 0.629471 -0.006519 -0.057872 0.694266 -0.717359
1716803293.573479 3.690908 6.414325 0.630674 -0.000461 -0.061126 0.693212 -0.718137
1716803293.672511 3.688930 6.392362 0.647183 0.007101 -0.066404 0.681787 -0.728496
1716803293.770184 3.652123 6.387639 0.637893 0.001443 -0.065410 0.661708 -0.746902
1716803293.851854 3.626626 6.384214 0.643001 -0.005303 -0.062106 0.644787 -0.761816
1716803293.972724 3.597854 6.407231 0.640980 0.001862 -0.072110 0.610278 -0.788896
1716803294.063533 3.561766 6.436285 0.625146 -0.001693 -0.074988 0.589000 -0.804644
1716803294.164528 3.548365 6.438229 0.625525 -0.005216 -0.071258 0.568909 -0.819291
1716803294.273418 3.521752 6.431133 0.617587 -0.008306 -0.066391 0.546574 -0.834734
1716803294.373347 3.497214 6.430257 0.622000 -0.012840 -0.059711 0.525255 -0.848750
1716803294.474158 3.490094 6.414576 0.626855 -0.010497 -0.059952 0.498870 -0.864537
1716803294.576820 3.501813 6.426099 0.621849 -0.005348 -0.058926 0.466747 -0.882409
1716803294.672146 3.507055 6.420223 0.618461 -0.003475 -0.049323 0.434329 -0.899396
1716803294.776864 3.518180 6.403304 0.623695 -0.004807 -0.047244 0.402701 -0.914099
1716803294.853380 3.523139 6.375354 0.627747 -0.003119 -0.041633 0.381547 -0.923406
1716803294.961687 3.522641 6.354635 0.631452 -0.002952 -0.039648 0.354233 -0.934312
1716803294.980785 3.520362 6.347281 0.639225 -0.003010 -0.041649 0.352531 -0.934868
1716803295.153751 3.530596 6.310113 0.637070 -0.001320 -0.031741 0.306335 -0.951394
1716803295.181083 3.524398 6.296138 0.641549 -0.003683 -0.030587 0.299448 -0.953615
1716803295.355577 3.533269 6.242057 0.634122 -0.001901 -0.022308 0.256346 -0.966326
1716803295.379946 3.539637 6.237559 0.620191 0.000481 -0.020634 0.241505 -0.970180
1716803295.555371 3.559662 6.197099 0.599348 -0.002390 -0.008314 0.195943 -0.980577
1716803295.679291 3.582285 6.180074 0.591249 -0.010672 0.001210 0.169374 -0.985493
1716803295.754021 3.598197 6.167170 0.585347 -0.010789 0.001938 0.151104 -0.988457
1716803295.871158 3.603636 6.143244 0.582507 -0.015549 0.007495 0.126349 -0.991836
1716803295.971438 3.604381 6.120843 0.584110 -0.018553 0.007365 0.098381 -0.994949
1716803296.063304 3.595495 6.088869 0.580519 -0.016162 0.007389 0.074094 -0.997093
1716803296.164215 3.598628 6.067075 0.576709 -0.014481 0.006505 0.041423 -0.999016
1716803296.264632 3.610162 6.046719 0.571683 -0.014820 0.002053 0.009150 -0.999846
1716803296.355767 3.613044 6.038757 0.559428 -0.018001 -0.000619 -0.008516 -0.999802
1716803296.471714 3.617675 6.015784 0.548538 -0.023584 0.001166 -0.018873 -0.999543
1716803296.553974 3.620445 6.001324 0.535076 -0.030146 -0.001293 -0.025254 -0.999226
1716803296.587812 3.620236 5.986949 0.536988 -0.036163 0.002420 -0.030000 -0.998893
1716803296.765025 3.644642 5.932067 0.526411 -0.032132 -0.003946 -0.016337 -0.999342
1716803296.855874 3.665549 5.892922 0.516944 -0.030336 -0.004732 -0.004377 -0.999519
1716803296.881155 3.667641 5.874207 0.513806 -0.023439 -0.002960 -0.005116 -0.999708
1716803297.064037 3.677050 5.786006 0.504975 -0.033241 -0.003455 0.028292 -0.999041
1716803297.172410 3.673343 5.732019 0.501248 -0.037935 -0.004288 0.033759 -0.998701
1716803297.264051 3.674739 5.678577 0.497627 -0.041528 -0.000846 0.034913 -0.998527
1716803297.373615 3.674661 5.624575 0.482696 -0.048771 -0.000211 0.028833 -0.998394
1716803297.466088 3.672468 5.556977 0.480186 -0.042323 -0.011300 0.019396 -0.998852
1716803297.573893 3.676100 5.486720 0.473785 -0.030549 -0.002663 -0.005510 -0.999515
1716803297.664903 3.683771 5.413812 0.474056 -0.020347 -0.000563 -0.021748 -0.999556
1716803297.775553 3.686083 5.340718 0.474389 -0.029002 0.001038 -0.035280 -0.998956
1716803297.864236 3.693301 5.286056 0.471766 -0.023288 -0.004736 -0.039519 -0.998936
1716803297.973113 3.721694 5.225401 0.462580 -0.026223 -0.003588 -0.046123 -0.998585
1716803298.073207 3.741160 5.160346 0.456578 -0.021197 -0.006249 -0.043621 -0.998804
1716803298.167129 3.764967 5.109463 0.449812 -0.015743 -0.009937 -0.044707 -0.998827
1716803298.273890 3.783070 5.042079 0.454209 -0.005747 -0.004775 -0.038756 -0.999221
1716803298.373878 3.792917 4.992374 0.452825 -0.007029 -0.003292 -0.032238 -0.999450
1716803298.474020 3.784142 4.924954 0.450911 -0.005202 0.004512 -0.029794 -0.999532
1716803298.573851 3.773230 4.853057 0.453297 -0.003715 -0.000129 -0.022684 -0.999736
1716803298.673934 3.764777 4.788906 0.443810 -0.001874 -0.003689 -0.026479 -0.999641
1716803298.765044 3.751782 4.720954 0.443622 0.003698 -0.006406 -0.027630 -0.999591
1716803298.864024 3.746885 4.655304 0.430456 0.000089 -0.011351 -0.031618 -0.999436
1716803298.973011 3.752684 4.584857 0.415431 0.005177 -0.017176 -0.033295 -0.999285
1716803299.072789 3.747499 4.526480 0.414743 0.002551 -0.021464 -0.039923 -0.998969
1716803299.137894 3.742391 4.495131 0.406048 -0.006888 -0.019807 -0.039643 -0.998994
1716803299.272964 3.753122 4.418132 0.391920 -0.009270 -0.018165 -0.036494 -0.999126
1716803299.364181 3.768880 4.376141 0.379643 -0.009940 -0.017596 -0.026829 -0.999436
1716803299.473510 3.775824 4.308238 0.371027 -0.009599 -0.015925 -0.018131 -0.999663
1716803299.573525 3.754975 4.240484 0.367841 -0.002811 -0.013579 -0.014656 -0.999796
1716803299.664794 3.757954 4.183895 0.374853 -0.010895 -0.003220 -0.016833 -0.999794
1716803299.772652 3.762108 4.108711 0.349738 -0.008674 -0.002365 -0.024349 -0.999663
1716803299.872147 3.787673 4.050090 0.343597 -0.013397 -0.000914 -0.038339 -0.999175
1716803299.962682 3.792884 3.992118 0.342019 -0.010869 -0.001478 -0.053097 -0.998529
1716803300.048765 3.808536 3.934653 0.343017 -0.006553 -0.004069 -0.075364 -0.997126
1716803300.171643 3.823742 3.847981 0.320983 0.005678 -0.005945 -0.114856 -0.993348
1716803300.263027 3.819306 3.789690 0.339258 -0.004620 -0.012213 -0.142328 -0.989733
1716803300.372266 3.858483 3.704610 0.315571 -0.001401 -0.007284 -0.174633 -0.984606
1716803300.472250 3.926782 3.644830 0.271449 -0.015352 -0.004385 -0.196395 -0.980395
1716803300.572130 3.973114 3.589336 0.236456 -0.012995 -0.002007 -0.211060 -0.977385
1716803300.663744 4.002877 3.547275 0.223831 -0.003548 0.002310 -0.224625 -0.974436
1716803300.763271 4.050454 3.490756 0.224369 -0.007516 0.006952 -0.237366 -0.971366
1716803300.870982 4.089282 3.432169 0.227124 -0.001064 0.014709 -0.246889 -0.968931
1716803300.970824 4.117099 3.372297 0.227900 -0.008684 0.014446 -0.260686 -0.965277
1716803301.062208 4.134565 3.320081 0.252685 -0.014578 0.020759 -0.272561 -0.961804
1716803301.171139 4.159084 3.256948 0.245671 -0.021241 0.022958 -0.291288 -0.956124
1716803301.271323 4.189909 3.199990 0.225741 -0.020858 0.022611 -0.306821 -0.951270
1716803301.363081 4.213252 3.108623 0.230061 -0.017564 0.020498 -0.331445 -0.943088
1716803301.472677 4.260926 3.038542 0.216711 -0.009262 0.023503 -0.362940 -0.931470
1716803301.564628 4.331104 2.983026 0.199595 -0.008971 0.023873 -0.384329 -0.922844
1716803301.672979 4.396787 2.944347 0.188827 -0.010245 0.024665 -0.397598 -0.917171
1716803301.764268 4.457389 2.907981 0.186614 -0.009888 0.025146 -0.404722 -0.914041
1716803301.872036 4.523295 2.858928 0.183101 -0.005291 0.028453 -0.407493 -0.912750
1716803301.971989 4.579877 2.818381 0.172752 -0.010414 0.027981 -0.405126 -0.913773
1716803302.063107 4.635620 2.768239 0.171150 0.001926 0.034402 -0.405320 -0.913525
1716803302.172613 4.707686 2.725075 0.169681 -0.005952 0.035370 -0.407074 -0.912691
1716803302.264215 4.762084 2.692238 0.174511 -0.009242 0.041925 -0.413590 -0.909450
1716803302.295382 4.780363 2.681109 0.168160 -0.018000 0.041719 -0.413311 -0.909456
1716803302.473781 4.886618 2.595914 0.147552 -0.011220 0.041027 -0.430246 -0.901709
1716803302.573781 4.935937 2.560148 0.163667 -0.000250 0.042025 -0.441147 -0.896450
1716803302.664849 4.979853 2.525910 0.148654 0.005725 0.040203 -0.460406 -0.886779
1716803302.777622 5.034433 2.477686 0.135855 0.002100 0.034429 -0.469081 -0.882482
1716803302.864196 5.086084 2.425887 0.145324 0.010922 0.031062 -0.477088 -0.878238
1716803302.972985 5.154505 2.366159 0.136883 0.004635 0.028283 -0.479369 -0.877145
1716803303.073255 5.223371 2.314532 0.119409 0.002504 0.032392 -0.475884 -0.878908
1716803303.164431 5.292422 2.280989 0.097739 -0.003223 0.035389 -0.469122 -0.882418
1716803303.265007 5.365921 2.242556 0.095468 -0.003244 0.042568 -0.463864 -0.884877
1716803303.283769 5.374330 2.239160 0.100442 -0.010919 0.039940 -0.460392 -0.886750
1716803303.473737 5.511950 2.149288 0.097007 -0.017376 0.044323 -0.452893 -0.890293
1716803303.575019 5.571489 2.108731 0.089237 -0.024858 0.045355 -0.449427 -0.891819
1716803303.674234 5.632418 2.066145 0.092856 -0.020492 0.043727 -0.457899 -0.887692
1716803303.773715 5.697696 2.020282 0.094206 -0.009911 0.045426 -0.469088 -0.881927
1716803303.864659 5.746752 1.987716 0.081601 -0.010960 0.037324 -0.477275 -0.877892
1716803303.977617 5.804603 1.945162 0.063971 -0.003794 0.035959 -0.483711 -0.874481
1716803304.063980 5.849423 1.892232 0.053992 0.002086 0.031446 -0.492430 -0.869781
1716803304.146339 5.897591 1.853916 0.043113 -0.003860 0.027232 -0.491880 -0.870229
1716803304.263629 5.970564 1.804407 0.035598 -0.007570 0.028346 -0.490328 -0.871044
1716803304.373044 6.049850 1.784968 0.020769 -0.006129 0.035336 -0.473747 -0.879931
1716803304.464615 6.123534 1.766504 0.032601 -0.007423 0.033015 -0.460543 -0.886992
1716803304.573934 6.201107 1.740426 0.039964 -0.000871 0.039493 -0.442380 -0.895957
1716803304.673378 6.264747 1.689520 0.041253 -0.011497 0.041399 -0.440564 -0.896692
1716803304.772850 6.319293 1.641184 0.031579 -0.005909 0.042731 -0.431896 -0.900891
1716803304.863630 6.378934 1.599678 0.021220 -0.010408 0.041478 -0.434108 -0.899845
1716803304.974155 6.438524 1.548569 0.015699 -0.007578 0.040350 -0.439719 -0.897197
1716803305.062629 6.487603 1.511427 0.013856 -0.002031 0.041344 -0.445040 -0.894554
1716803305.171722 6.548649 1.455595 0.008049 0.002830 0.041498 -0.454626 -0.889711
1716803305.263110 6.591085 1.398357 0.015577 0.003640 0.033962 -0.465136 -0.884580
1716803305.372387 6.653474 1.346974 0.011734 -0.000211 0.030165 -0.468420 -0.882991
1716803305.472263 6.728947 1.297701 -0.001731 -0.003128 0.028919 -0.471660 -0.881300
1716803305.563904 6.800897 1.264541 -0.009243 -0.006908 0.028975 -0.463079 -0.885816
1716803305.671761 6.885011 1.224015 -0.004530 -0.008000 0.030876 -0.449332 -0.892795
1716803305.763187 6.953610 1.180590 -0.008483 -0.001600 0.037856 -0.446514 -0.893974
1716803305.863245 7.019389 1.141035 -0.015800 -0.005676 0.039748 -0.432217 -0.900876
1716803305.971128 7.084731 1.085582 -0.030374 -0.007116 0.040370 -0.431097 -0.901374
1716803306.070904 7.143774 1.064333 -0.044785 -0.013967 0.033705 -0.420317 -0.906644
1716803306.080030 7.147237 1.063650 -0.047127 -0.018454 0.029135 -0.419121 -0.907275
1716803306.253498 7.234177 0.972427 -0.083900 -0.004830 0.033528 -0.425328 -0.904405
1716803306.372248 7.275576 0.903730 -0.074482 0.003559 0.028255 -0.437543 -0.898747
1716803306.472662 7.331514 0.856501 -0.068552 0.003675 0.024966 -0.440127 -0.897581
1716803306.564597 7.397393 0.805051 -0.067708 0.004773 0.021968 -0.440924 -0.897263
1716803306.669566 7.463551 0.738715 -0.071606 -0.001961 0.017543 -0.435395 -0.900066
1716803306.685105 7.464799 0.733095 -0.067890 -0.005959 0.015229 -0.436193 -0.899704
1716803306.783622 7.519881 0.684730 -0.072006 -0.008972 0.013891 -0.435928 -0.899830
1716803306.882442 7.567979 0.650905 -0.070833 -0.021582 0.022962 -0.427738 -0.903353
1716803306.990195 7.639160 0.596233 -0.069260 -0.017287 0.026049 -0.411595 -0.910830
1716803307.082087 7.694215 0.544480 -0.089670 -0.007916 0.027206 -0.402154 -0.915134
1716803307.182205 7.755561 0.501962 -0.092116 -0.018597 0.028966 -0.397230 -0.917073
1716803307.371798 7.857623 0.410415 -0.098346 -0.017994 0.027555 -0.393800 -0.918607
1716803307.472396 7.904312 0.373604 -0.093838 -0.009631 0.028519 -0.394755 -0.918293
1716803307.580388 7.943159 0.311187 -0.098512 -0.010387 0.029222 -0.402029 -0.915102
1716803307.633490 7.960273 0.266380 -0.103478 -0.003244 0.029580 -0.402293 -0.915027
1716803307.764443 8.015259 0.173524 -0.091353 -0.004118 0.019342 -0.402314 -0.915288
1716803307.791401 8.028401 0.159277 -0.101476 -0.011138 0.015968 -0.403019 -0.914984
1716803307.954493 8.107719 0.087052 -0.142317 -0.013059 0.019384 -0.381442 -0.924097
1716803308.073706 8.162228 0.032961 -0.163928 -0.006556 0.021146 -0.358661 -0.933205
1716803308.082644 8.166272 0.026875 -0.156054 -0.012406 0.018192 -0.361181 -0.932236
1716803308.273721 8.258865 -0.077270 -0.153858 -0.003391 0.024341 -0.306361 -0.951598
1716803308.282718 8.246609 -0.084941 -0.169694 0.000996 0.027901 -0.311604 -0.949802
1716803308.382493 8.277441 -0.133005 -0.189709 -0.007378 0.028139 -0.285726 -0.957870
1716803308.565040 8.329483 -0.233494 -0.207709 -0.011736 0.021569 -0.250473 -0.967812
1716803308.664155 8.367300 -0.284737 -0.199878 -0.005693 0.017196 -0.234840 -0.971865
1716803308.763805 8.399181 -0.356068 -0.221025 -0.006474 0.015305 -0.222752 -0.974733
1716803308.874039 8.424020 -0.423506 -0.230690 0.002746 0.010293 -0.206059 -0.978481
1716803308.936696 8.436144 -0.467083 -0.241954 0.000595 0.006540 -0.199220 -0.979933
1716803309.073002 8.481239 -0.538781 -0.236088 -0.002756 0.000032 -0.165978 -0.986126
1716803309.163946 8.531096 -0.582588 -0.239873 -0.010376 -0.000600 -0.139865 -0.990116
1716803309.273074 8.576083 -0.601101 -0.254391 -0.005752 -0.000536 -0.096709 -0.995296
1716803309.374203 8.618429 -0.654949 -0.252375 -0.013414 0.001930 -0.058130 -0.998217
1716803309.464014 8.651253 -0.702536 -0.265012 -0.013958 0.003240 -0.013478 -0.999806
1716803309.572489 8.661064 -0.760971 -0.270995 -0.024078 0.003049 0.023579 -0.999427
1716803309.672827 8.679418 -0.802845 -0.288258 -0.027671 -0.004356 0.054920 -0.998098
1716803309.767031 8.694491 -0.848629 -0.292647 -0.031218 -0.005437 0.078971 -0.996373
1716803309.860969 8.682361 -0.877059 -0.286870 -0.030263 -0.010565 0.092444 -0.995202
1716803309.889610 8.688938 -0.880187 -0.297017 -0.037062 -0.007300 0.104219 -0.993837
1716803310.070985 8.691288 -0.980376 -0.296260 -0.013187 -0.009988 0.110398 -0.993750
1716803310.155083 8.690327 -1.031972 -0.290975 -0.016685 -0.011219 0.111258 -0.993588
1716803310.263001 8.692526 -1.097734 -0.291770 -0.021040 -0.017674 0.116494 -0.992811
1716803310.371450 8.700864 -1.162900 -0.304190 -0.024873 -0.020830 0.126910 -0.991384
1716803310.470985 8.704239 -1.228779 -0.306799 -0.019970 -0.023879 0.136851 -0.990102
1716803310.571875 8.713453 -1.298464 -0.309493 -0.014690 -0.024915 0.149431 -0.988349
1716803310.675758 8.707383 -1.389385 -0.320406 -0.010848 -0.022942 0.158991 -0.986954
1716803310.745404 8.699737 -1.435166 -0.336030 -0.015057 -0.021205 0.169104 -0.985255
1716803310.861835 8.695759 -1.510991 -0.338220 -0.016121 -0.018349 0.172357 -0.984732
1716803310.971902 8.689919 -1.574295 -0.355951 -0.023104 -0.018220 0.176451 -0.983869
1716803311.071258 8.673021 -1.633329 -0.380321 -0.023582 -0.017301 0.168317 -0.985299
1716803311.171620 8.655148 -1.694338 -0.396527 -0.022016 -0.021831 0.158140 -0.986930
1716803311.263109 8.654366 -1.765972 -0.387340 -0.017858 -0.023790 0.151536 -0.988004
1716803311.372570 8.646189 -1.852924 -0.377663 -0.008364 -0.026931 0.131479 -0.990918
1716803311.470947 8.635683 -1.928234 -0.385819 -0.019234 -0.029439 0.124414 -0.991607
1716803311.552001 8.628039 -1.989357 -0.395925 -0.015534 -0.030260 0.121331 -0.992029
1716803311.662505 8.613231 -2.057463 -0.405770 -0.021557 -0.032625 0.126011 -0.991258
1716803311.688814 8.603900 -2.081311 -0.415994 -0.021975 -0.035110 0.124744 -0.991324
1716803311.852978 8.577349 -2.204755 -0.438840 -0.020146 -0.033825 0.147450 -0.988286
1716803311.970490 8.563806 -2.302896 -0.452259 -0.013054 -0.030593 0.162491 -0.986149
1716803312.064412 8.559645 -2.366106 -0.448021 -0.018393 -0.031203 0.182181 -0.982598
1716803312.090027 8.556634 -2.387939 -0.465928 -0.011906 -0.031828 0.181581 -0.982789
1716803312.263408 8.520687 -2.494730 -0.498006 -0.022598 -0.027024 0.188490 -0.981443
1716803312.364034 8.496415 -2.559460 -0.501570 -0.023930 -0.026099 0.184733 -0.982151
1716803312.477097 8.468407 -2.621947 -0.497589 -0.017130 -0.027397 0.183106 -0.982562
1716803312.562822 8.438290 -2.695424 -0.503540 -0.023043 -0.026502 0.178043 -0.983396
1716803312.663890 8.409166 -2.774326 -0.501971 -0.022406 -0.029118 0.169210 -0.984895
1716803312.773632 8.385321 -2.855449 -0.497945 -0.025379 -0.035192 0.161273 -0.985956
1716803312.874203 8.355438 -2.921482 -0.517086 -0.032388 -0.038420 0.163344 -0.985289
1716803312.964685 8.333506 -2.984295 -0.527029 -0.031918 -0.041160 0.165295 -0.984868
1716803313.074452 8.314239 -3.067020 -0.537845 -0.024888 -0.042918 0.176614 -0.983029
1716803313.084429 8.310424 -3.085540 -0.539324 -0.024808 -0.043607 0.175051 -0.983280
1716803313.274394 8.276247 -3.216408 -0.545040 -0.022394 -0.040223 0.199883 -0.978738
1716803313.374135 8.245047 -3.309585 -0.559370 -0.027315 -0.037989 0.204694 -0.977707
1716803313.465143 8.220867 -3.383435 -0.565644 -0.026116 -0.037269 0.214837 -0.975589
1716803313.576699 8.194742 -3.453429 -0.575618 -0.025546 -0.038994 0.215166 -0.975464
1716803313.654568 8.173470 -3.510654 -0.578490 -0.022506 -0.038632 0.218231 -0.974872
1716803313.773163 8.133364 -3.597079 -0.602059 -0.022687 -0.040763 0.218582 -0.974703
1716803313.864382 8.102741 -3.662066 -0.621700 -0.013485 -0.047626 0.219939 -0.974257
1716803313.926210 8.089375 -3.708518 -0.630049 -0.018313 -0.049114 0.224424 -0.973081
1716803314.065698 8.047022 -3.806926 -0.640884 -0.024425 -0.052002 0.232861 -0.970811
1716803314.173917 8.023166 -3.854602 -0.655188 -0.027606 -0.051544 0.246089 -0.967482
1716803314.265263 8.010293 -3.898465 -0.664195 -0.020713 -0.052909 0.262855 -0.963161
1716803314.364874 8.000842 -3.954984 -0.668291 -0.020397 -0.048063 0.275479 -0.959888
1716803314.474025 7.977276 -4.029736 -0.656949 -0.010239 -0.043637 0.289093 -0.956251
1716803314.563608 7.956323 -4.096368 -0.657677 -0.014208 -0.036687 0.296957 -0.954080
1716803314.673713 7.943970 -4.186223 -0.659081 -0.014974 -0.034156 0.298230 -0.953765
1716803314.773032 7.933664 -4.261372 -0.664941 -0.021083 -0.032448 0.296932 -0.954114
1716803314.873168 7.913373 -4.331182 -0.678180 -0.022209 -0.041594 0.289821 -0.955919
1716803314.965657 7.875581 -4.397000 -0.683178 -0.019492 -0.046022 0.282648 -0.957921
1716803315.074017 7.842221 -4.482543 -0.685266 -0.015195 -0.052729 0.269760 -0.961363
1716803315.165520 7.816406 -4.548880 -0.691369 -0.018184 -0.050324 0.268418 -0.961815
1716803315.272633 7.778999 -4.627150 -0.714246 -0.015665 -0.050988 0.261301 -0.963782
1716803315.371524 7.756624 -4.702033 -0.723627 -0.019477 -0.048640 0.262047 -0.963632
1716803315.451171 7.736221 -4.742554 -0.728566 -0.020254 -0.050990 0.263182 -0.963185
1716803315.573188 7.678786 -4.814150 -0.738057 -0.012131 -0.057077 0.289551 -0.955382
1716803315.665002 7.631873 -4.870903 -0.739685 -0.006012 -0.058252 0.305913 -0.950257
1716803315.764266 7.602377 -4.937249 -0.741825 -0.001827 -0.053001 0.333740 -0.941172
1716803315.864862 7.569700 -4.981568 -0.751261 -0.000445 -0.051406 0.355656 -0.933202
1716803315.965106 7.529758 -5.016542 -0.758691 -0.004402 -0.049421 0.378531 -0.924258
1716803316.074805 7.478029 -5.061583 -0.771380 -0.004180 -0.054744 0.397671 -0.915884
1716803316.140903 7.450627 -5.077578 -0.762072 -0.006408 -0.054793 0.410337 -0.910264
1716803316.262689 7.401749 -5.117071 -0.771227 -0.005966 -0.062906 0.427251 -0.901922
1716803316.364499 7.368516 -5.127715 -0.770242 -0.001281 -0.075120 0.444454 -0.892645
1716803316.455743 7.318929 -5.147874 -0.769833 -0.000153 -0.079251 0.457001 -0.885928
1716803316.566136 7.260740 -5.148923 -0.764098 -0.004315 -0.082094 0.482988 -0.871759
1716803316.580682 7.238974 -5.147120 -0.758624 -0.009544 -0.081609 0.484165 -0.871110
1716803316.763570 7.111301 -5.182521 -0.757075 -0.005155 -0.083418 0.534568 -0.840983
1716803316.873957 7.061825 -5.215214 -0.760867 -0.003694 -0.084901 0.572574 -0.815437
1716803316.974083 7.012711 -5.267861 -0.764479 -0.002324 -0.086621 0.604159 -0.792138
1716803317.063658 6.969501 -5.300543 -0.756956 -0.007054 -0.080908 0.629602 -0.772661
1716803317.174302 6.921919 -5.328822 -0.765390 -0.010302 -0.077073 0.646537 -0.758910
1716803317.274603 6.880501 -5.346235 -0.776105 -0.012671 -0.073807 0.662666 -0.745161
1716803317.365324 6.838834 -5.353558 -0.785347 -0.015109 -0.076188 0.668448 -0.739692
1716803317.474720 6.781291 -5.360426 -0.787555 -0.015813 -0.077021 0.670460 -0.737767
1716803317.574402 6.731742 -5.360460 -0.790887 -0.014851 -0.086452 0.669528 -0.737589
1716803317.664464 6.684355 -5.358958 -0.799565 -0.021299 -0.079225 0.673634 -0.734498
1716803317.765023 6.620748 -5.352762 -0.797689 -0.020047 -0.085364 0.675229 -0.732378
1716803317.874232 6.558611 -5.347927 -0.800217 -0.020057 -0.084030 0.686365 -0.722108
1716803317.974427 6.497638 -5.360019 -0.810589 -0.017781 -0.085625 0.701385 -0.707398
1716803318.074624 6.410883 -5.359636 -0.808240 -0.014126 -0.085861 0.719786 -0.688721
1716803318.164996 6.336248 -5.346305 -0.805731 -0.010319 -0.086014 0.731550 -0.676262
1716803318.184183 6.313613 -5.346198 -0.804934 -0.011263 -0.078096 0.737286 -0.670957
1716803318.365531 6.168743 -5.335260 -0.801707 -0.007592 -0.075286 0.756417 -0.649698
1716803318.474135 6.097803 -5.324549 -0.786196 -0.010961 -0.075651 0.759214 -0.646336
1716803318.483915 6.101499 -5.327812 -0.786410 -0.001177 -0.071477 0.759242 -0.646871
1716803318.665318 5.975698 -5.289595 -0.763876 -0.012811 -0.083666 0.752439 -0.653201
1716803318.774562 5.901230 -5.254839 -0.761615 -0.017053 -0.089303 0.745477 -0.660301
1716803318.875764 5.820788 -5.235692 -0.768686 -0.027376 -0.081200 0.742419 -0.664433
1716803318.958878 5.746167 -5.213134 -0.772578 -0.034866 -0.079783 0.740144 -0.666787
1716803319.073809 5.672516 -5.194737 -0.763792 -0.040082 -0.073816 0.743224 -0.663749
1716803319.083112 5.657682 -5.194604 -0.760216 -0.041859 -0.073096 0.741517 -0.665626
1716803319.182850 5.575637 -5.180284 -0.756267 -0.038871 -0.072802 0.743584 -0.663530
1716803319.373428 5.419914 -5.159692 -0.734403 -0.025249 -0.076977 0.761253 -0.643374
1716803319.473470 5.342489 -5.151614 -0.722389 -0.024101 -0.065814 0.770512 -0.633560
1716803319.542299 5.295618 -5.133036 -0.736252 -0.020443 -0.062632 0.769248 -0.635544
1716803319.673433 5.204416 -5.116293 -0.746050 -0.020123 -0.057247 0.774302 -0.629901
1716803319.682832 5.202120 -5.121614 -0.749671 -0.019954 -0.053396 0.775586 -0.628663
1716803319.873489 5.075576 -5.084052 -0.764103 -0.019744 -0.062897 0.766622 -0.638706
1716803319.974525 5.007901 -5.061496 -0.753584 -0.024005 -0.066993 0.760918 -0.644934
1716803320.073860 4.939626 -5.048187 -0.740887 -0.023831 -0.078002 0.751709 -0.654432
1716803320.165392 4.868677 -5.031423 -0.732089 -0.029175 -0.075987 0.745420 -0.661607
1716803320.273582 4.784462 -4.998426 -0.734935 -0.028782 -0.077131 0.745849 -0.661008
1716803320.372746 4.722031 -4.966761 -0.727662 -0.027887 -0.075273 0.745386 -0.661782
1716803320.463959 4.644262 -4.943693 -0.719023 -0.022815 -0.078920 0.754492 -0.651148
1716803320.571807 4.544021 -4.915160 -0.709203 -0.018680 -0.076767 0.761786 -0.642993
1716803320.663200 4.466179 -4.896327 -0.706212 -0.012248 -0.082784 0.770814 -0.631540
1716803320.772057 4.374005 -4.873688 -0.691026 -0.013493 -0.074828 0.776003 -0.626129
1716803320.862687 4.299654 -4.859643 -0.700706 -0.009122 -0.074825 0.779674 -0.621632
1716803320.972884 4.224493 -4.837497 -0.704961 -0.008868 -0.068789 0.785289 -0.615233
1716803321.073130 4.152714 -4.814914 -0.697511 -0.008710 -0.074462 0.784888 -0.615086
1716803321.164324 4.092709 -4.793158 -0.685935 -0.012037 -0.074624 0.786304 -0.613199
1716803321.265415 4.023511 -4.753790 -0.697526 -0.012729 -0.082481 0.787591 -0.610520
1716803321.363894 3.950486 -4.716249 -0.698435 -0.015887 -0.080027 0.794881 -0.601254
1716803321.463886 3.878799 -4.682743 -0.696991 -0.018457 -0.082204 0.808069 -0.583032
1716803321.572689 3.809953 -4.633145 -0.708784 -0.018618 -0.080509 0.823223 -0.561672
1716803321.664155 3.753385 -4.602795 -0.718395 -0.014582 -0.089991 0.839851 -0.535107
1716803321.765266 3.718214 -4.550023 -0.708204 -0.013472 -0.091910 0.859955 -0.501845
1716803321.857421 3.686332 -4.503158 -0.697705 -0.006446 -0.099180 0.877627 -0.468928
1716803321.977313 3.609952 -4.433104 -0.681722 -0.001126 -0.091731 0.899890 -0.426359
1716803322.037854 3.578546 -4.417838 -0.663739 0.001186 -0.091573 0.909487 -0.405520
1716803322.164456 3.520621 -4.365583 -0.661271 0.000899 -0.088672 0.925606 -0.367954
1716803322.256351 3.485871 -4.336800 -0.662727 0.002292 -0.093691 0.933827 -0.345229
1716803322.366160 3.448359 -4.280498 -0.650534 0.000591 -0.096189 0.941084 -0.324205
1716803322.474613 3.402766 -4.235126 -0.625354 0.004574 -0.110775 0.945527 -0.306084
1716803322.570003 3.372287 -4.193359 -0.621457 0.003922 -0.103392 0.950870 -0.291788
1716803322.673917 3.331041 -4.120721 -0.623502 0.004408 -0.110102 0.957377 -0.266998
1716803322.764891 3.294953 -4.045049 -0.623057 0.003780 -0.109689 0.963188 -0.245405
1716803322.874139 3.255054 -3.965215 -0.609086 -0.000312 -0.105531 0.973309 -0.203793
1716803322.883562 3.266815 -3.939588 -0.606167 -0.005844 -0.100491 0.971667 -0.213848
1716803323.064325 3.207133 -3.823295 -0.617403 0.004223 -0.103138 0.983233 -0.150326
1716803323.174681 3.193630 -3.774146 -0.615012 0.011019 -0.095863 0.988311 -0.118024
1716803323.273900 3.186329 -3.718756 -0.619908 0.014468 -0.100898 0.989547 -0.102011
1716803323.365248 3.167116 -3.665401 -0.609779 0.014100 -0.094833 0.991660 -0.086134
1716803323.383164 3.169244 -3.654941 -0.613661 0.015676 -0.096775 0.991578 -0.084626
1716803323.579358 3.142165 -3.516540 -0.588092 0.000457 -0.090941 0.992680 -0.079479
1716803323.674420 3.139749 -3.458053 -0.551360 -0.004572 -0.099427 0.991722 -0.081119
1716803323.774237 3.126813 -3.381376 -0.554082 -0.011099 -0.089452 0.993370 -0.071349
1716803323.864343 3.114236 -3.290935 -0.556727 -0.014794 -0.093577 0.993194 -0.067751
1716803323.965013 3.114423 -3.212335 -0.542958 -0.023385 -0.090213 0.993828 -0.060173
1716803324.074220 3.107079 -3.112308 -0.535831 -0.021470 -0.094021 0.993988 -0.051828
1716803324.083489 3.118130 -3.085873 -0.540942 -0.025179 -0.086752 0.994166 -0.058947
1716803324.264254 3.101006 -2.921294 -0.532501 -0.010162 -0.102023 0.994354 -0.027360
1716803324.374519 3.090475 -2.828417 -0.512000 0.000838 -0.095408 0.995364 -0.012107
1716803324.474470 3.079462 -2.740756 -0.498197 0.010799 -0.088021 0.996000 -0.010921
1716803324.575096 3.074987 -2.642644 -0.481932 0.011995 -0.081510 0.996501 -0.014086
1716803324.664765 3.068760 -2.570467 -0.452482 0.009576 -0.084545 0.995994 -0.027519
1716803324.682276 3.052891 -2.567356 -0.449054 0.010005 -0.082027 0.996294 -0.023853
1716803324.864912 3.030878 -2.413785 -0.424572 -0.000651 -0.092431 0.994056 -0.057521
1716803324.951593 3.030945 -2.332179 -0.415896 -0.006091 -0.090714 0.993832 -0.063503
1716803325.063749 3.027651 -2.252816 -0.407133 -0.009110 -0.091356 0.993093 -0.073060
1716803325.082522 3.028568 -2.237360 -0.420463 -0.007000 -0.086947 0.993289 -0.075951
1716803325.263552 2.991988 -2.093247 -0.423959 -0.005100 -0.095009 0.992313 -0.079133
1716803325.373568 2.976521 -2.000527 -0.413370 -0.003555 -0.093159 0.992664 -0.076982
1716803325.473434 2.966871 -1.917068 -0.403538 0.000601 -0.101223 0.991892 -0.076838
1716803325.564887 2.960133 -1.844915 -0.382705 0.003189 -0.096572 0.992160 -0.079260
1716803325.664250 2.926323 -1.764225 -0.368677 0.002206 -0.100225 0.990800 -0.090915
1716803325.771835 2.899059 -1.675768 -0.353773 0.003701 -0.097135 0.990586 -0.096386
1716803325.871625 2.887675 -1.588165 -0.343682 0.005373 -0.098585 0.989057 -0.109632
1716803325.962144 2.869016 -1.523195 -0.321435 0.004364 -0.105476 0.987166 -0.119826
1716803326.063204 2.845882 -1.443412 -0.307199 0.004528 -0.110489 0.984818 -0.133813
1716803326.172457 2.819008 -1.355251 -0.275046 0.001247 -0.109201 0.983687 -0.142947
1716803326.272706 2.791744 -1.265266 -0.262666 0.001079 -0.110705 0.982210 -0.151679
1716803326.363855 2.764619 -1.185788 -0.258776 0.001386 -0.108233 0.981729 -0.156502
1716803326.473571 2.728738 -1.102026 -0.240831 0.000585 -0.108700 0.980737 -0.162291
1716803326.571933 2.699338 -1.019856 -0.224133 0.003512 -0.111258 0.980640 -0.161105
1716803326.672885 2.674390 -0.927229 -0.221838 0.004782 -0.117939 0.979403 -0.163822
1716803326.764109 2.657299 -0.851506 -0.228497 0.003829 -0.114596 0.980096 -0.162066
1716803326.781657 2.651934 -0.845461 -0.217833 0.002696 -0.114713 0.980276 -0.160910
1716803326.962916 2.600801 -0.709134 -0.197501 0.006415 -0.097103 0.978544 -0.181607
1716803327.064288 2.610939 -0.626920 -0.211167 0.004346 -0.094124 0.973742 -0.207240
1716803327.174032 2.593185 -0.545752 -0.191738 -0.005520 -0.096332 0.962684 -0.252840
1716803327.276544 2.537989 -0.484593 -0.183076 -0.017822 -0.109541 0.945247 -0.306906
1716803327.280145 2.530918 -0.500979 -0.185378 -0.017332 -0.101933 0.948403 -0.299733
1716803327.474331 2.436841 -0.395278 -0.182418 -0.034440 -0.115147 0.913813 -0.387944
1716803327.574151 2.393598 -0.331737 -0.173759 -0.033766 -0.118786 0.900035 -0.417956
1716803327.651703 2.360081 -0.265173 -0.179487 -0.032567 -0.117384 0.892149 -0.435007
1716803327.773670 2.308805 -0.169204 -0.183921 -0.028166 -0.109661 0.890259 -0.441157
1716803327.873661 2.265314 -0.102597 -0.189022 -0.019668 -0.108950 0.882621 -0.456861
1716803327.964100 2.222020 -0.053052 -0.184926 -0.015275 -0.105195 0.874659 -0.472940
1716803328.074364 2.162476 0.001297 -0.176935 -0.013752 -0.103559 0.858955 -0.501280
1716803328.165766 2.120683 0.047259 -0.154183 -0.014324 -0.098362 0.844769 -0.525818
1716803328.274947 2.071730 0.086460 -0.149295 -0.018952 -0.096183 0.814924 -0.571217
1716803328.366023 1.984409 0.105547 -0.132976 -0.019047 -0.099113 0.787007 -0.608633
1716803328.475564 1.883909 0.123001 -0.136643 -0.022893 -0.097064 0.737126 -0.668356
1716803328.574327 1.839662 0.083449 -0.118780 -0.022880 -0.096338 0.691556 -0.715504
1716803328.654702 1.768069 0.086382 -0.151068 -0.019838 -0.083670 0.655793 -0.750028
1716803328.774043 1.674540 0.107371 -0.152804 -0.022378 -0.054244 0.603246 -0.795394
1716803328.873999 1.638147 0.127806 -0.146181 -0.018154 -0.036540 0.568463 -0.821697
1716803328.973998 1.576176 0.161439 -0.134962 -0.014985 -0.032448 0.553159 -0.832309
1716803329.065046 1.518264 0.178457 -0.120351 -0.015261 -0.026952 0.526789 -0.849432
1716803329.122579 1.478757 0.185811 -0.125811 -0.016632 -0.026642 0.517027 -0.855393
1716803329.207161 1.411619 0.193979 -0.131437 -0.017333 -0.026123 0.500036 -0.865437
1716803329.374613 1.299334 0.189364 -0.130291 -0.015384 -0.017977 0.443985 -0.895722
1716803329.474318 1.241934 0.163164 -0.103065 -0.009984 -0.024331 0.403596 -0.914559
1716803329.564792 1.200280 0.139565 -0.106896 -0.009470 -0.028421 0.365139 -0.930471
1716803329.674775 1.141208 0.138518 -0.140666 -0.014803 -0.024395 0.307877 -0.950998
1716803329.755414 1.095556 0.126364 -0.169393 -0.019018 -0.023781 0.278243 -0.960028
1716803329.863964 1.040843 0.132922 -0.168015 -0.019576 -0.034683 0.230947 -0.972151
1716803329.973433 0.988027 0.166840 -0.178474 -0.016553 -0.038626 0.195563 -0.979790
1716803330.073547 0.942289 0.178218 -0.179707 -0.006441 -0.034411 0.155537 -0.987209
1716803330.165092 0.875520 0.165252 -0.199506 0.004262 -0.026839 0.120885 -0.992294
1716803330.273873 0.812916 0.137851 -0.172718 0.013777 -0.026947 0.094033 -0.995109
1716803330.373468 0.764091 0.110078 -0.140405 0.011416 -0.025729 0.063133 -0.997608
1716803330.464663 0.721740 0.086639 -0.166125 0.001434 -0.019781 0.042122 -0.998916
1716803330.578750 0.679457 0.066416 -0.138413 -0.006144 0.001592 0.012599 -0.999900
1716803330.654218 0.666644 0.047408 -0.132662 -0.009317 0.005313 -0.008981 -0.999902
1716803330.771868 0.636095 0.028836 -0.133592 -0.011894 0.019565 -0.047092 -0.998628
1716803330.871836 0.632945 0.022527 -0.121217 -0.013968 0.028073 -0.075499 -0.996653
1716803330.971847 0.604462 -0.000016 -0.138665 -0.018878 0.042770 -0.112416 -0.992561
1716803331.063499 0.581476 -0.028190 -0.162635 -0.019587 0.050653 -0.134354 -0.989444
1716803331.172773 0.564794 -0.024329 -0.182231 -0.018273 0.055253 -0.147912 -0.987287
1716803331.272956 0.551086 -0.022980 -0.194780 -0.018614 0.059237 -0.161092 -0.984984
1716803331.364898 0.535291 -0.012789 -0.211842 -0.027077 0.060610 -0.175870 -0.982173
1716803331.475303 0.515261 -0.009344 -0.215639 -0.029584 0.060119 -0.190639 -0.979371
1716803331.573217 0.500861 -0.005100 -0.214988 -0.034623 0.064015 -0.197956 -0.977505
1716803331.647265 0.496248 -0.008676 -0.223796 -0.039729 0.065698 -0.206077 -0.975519
1716803331.740460 0.485759 -0.012787 -0.222798 -0.039792 0.064105 -0.214980 -0.973700
1716803331.833030 0.472544 -0.010969 -0.222100 -0.043188 0.063930 -0.218702 -0.972737
1716803331.972547 0.465140 -0.013699 -0.226720 -0.043160 0.066034 -0.222216 -0.971801
1716803332.064016 0.458784 -0.026745 -0.220913 -0.043167 0.066141 -0.229941 -0.969994
1716803332.174721 0.456410 -0.033340 -0.220206 -0.044029 0.065225 -0.235283 -0.968736
1716803332.265658 0.453907 -0.033897 -0.220165 -0.046847 0.065668 -0.236474 -0.968283
1716803332.374444 0.458261 -0.032844 -0.223592 -0.047029 0.062572 -0.239516 -0.967732
1716803332.474146 0.457183 -0.019199 -0.218081 -0.043116 0.055654 -0.239862 -0.968251
1716803332.573650 0.468602 -0.007564 -0.234963 -0.042581 0.050855 -0.242227 -0.967950
1716803332.665347 0.472606 -0.019046 -0.235682 -0.043092 0.050144 -0.248143 -0.966465
