1716803581.471244 0.004379 -0.007280 -0.000248 -0.005016 0.004530 0.003507 0.999971
1716803581.571302 0.007858 -0.002022 -0.002978 -0.003039 0.004851 0.004843 0.999972
1716803581.662742 0.003830 -0.008562 0.005558 -0.004409 0.006613 0.005247 0.999955
1716803581.772275 0.004433 -0.026726 0.006390 -0.005334 0.007484 0.010456 0.999903
1716803581.864254 0.005930 -0.048548 0.004760 -0.004018 0.006246 0.017646 0.999817
1716803581.973380 0.004661 -0.051602 0.004145 -0.008992 0.005382 0.036314 0.999285
1716803582.073346 0.025223 -0.035723 -0.000530 -0.015993 0.006761 0.056496 0.998252
1716803582.173050 0.021101 -0.028140 -0.007123 -0.018232 0.008921 0.076874 0.996834
1716803582.251854 0.036261 -0.031892 -0.005050 -0.019373 0.008692 0.097888 0.994971
1716803582.372211 0.040366 -0.065095 -0.009207 -0.023547 0.009758 0.138095 0.990091
1716803582.472248 0.049177 -0.113490 -0.014719 -0.021818 0.009821 0.167318 0.985613
1716803582.563586 0.063010 -0.144952 -0.010395 -0.025253 0.010352 0.185248 0.982313
1716803582.664263 0.101841 -0.166047 -0.016733 -0.025665 0.008715 0.205141 0.978357
1716803582.683606 0.115105 -0.162768 -0.015222 -0.024686 0.008509 0.206217 0.978158
1716803582.866605 0.195180 -0.193861 -0.010416 -0.030132 -0.001105 0.239143 0.970516
1716803582.886474 0.200424 -0.177030 -0.003377 -0.024109 -0.004621 0.243068 0.969699
1716803583.065125 0.283309 -0.171666 0.001442 -0.031142 -0.013028 0.272062 0.961687
1716803583.166048 0.318857 -0.178990 0.010171 -0.034565 -0.021887 0.288604 0.956574
1716803583.265333 0.361037 -0.157177 0.022418 -0.033218 -0.029852 0.314134 0.948328
1716803583.373885 0.402319 -0.159106 0.004502 -0.030685 -0.033086 0.334027 0.941483
1716803583.473377 0.423705 -0.175501 0.003735 -0.034131 -0.037148 0.353419 0.934104
1716803583.573692 0.462270 -0.197501 -0.009702 -0.034747 -0.034469 0.377185 0.924844
1716803583.664623 0.513514 -0.228699 -0.022223 -0.036018 -0.035377 0.403565 0.913557
1716803583.774208 0.579761 -0.270837 -0.026443 -0.044200 -0.040197 0.430442 0.900639
1716803583.874184 0.626361 -0.303994 -0.013996 -0.049770 -0.043898 0.463258 0.883735
1716803583.965335 0.665860 -0.313676 -0.013166 -0.056068 -0.046449 0.491215 0.867990
1716803584.074038 0.704561 -0.339698 -0.009445 -0.060811 -0.047953 0.528364 0.845478
1716803584.173861 0.750317 -0.361844 -0.012076 -0.065143 -0.050453 0.562458 0.822710
1716803584.270187 0.804701 -0.361168 -0.013265 -0.060290 -0.053621 0.588211 0.804672
1716803584.354718 0.858520 -0.372807 -0.016833 -0.052888 -0.054938 0.605456 0.792217
1716803584.472921 0.922535 -0.372744 -0.009980 -0.051644 -0.059745 0.617736 0.782410
1716803584.572861 0.979013 -0.363505 -0.012723 -0.048261 -0.062805 0.628012 0.774162
1716803584.664138 1.049180 -0.356434 -0.015871 -0.051718 -0.071933 0.633798 0.768408
1716803584.773412 1.112479 -0.349127 -0.004837 -0.049872 -0.075472 0.643925 0.759722
1716803584.873586 1.173605 -0.346502 0.004774 -0.050133 -0.076727 0.646523 0.757368
1716803584.965065 1.223882 -0.342536 0.002533 -0.044434 -0.072820 0.656476 0.749508
1716803585.073547 1.289146 -0.342809 0.003348 -0.045187 -0.070052 0.662538 0.744375
1716803585.173025 1.355518 -0.342838 0.007120 -0.046893 -0.070614 0.671049 0.736551
1716803585.272513 1.414670 -0.353549 0.027628 -0.056440 -0.073383 0.679632 0.727688
1716803585.371442 1.482467 -0.354153 0.051044 -0.066096 -0.076861 0.686932 0.719616
1716803585.463083 1.548664 -0.358470 0.038954 -0.067231 -0.072392 0.693407 0.713741
1716803585.481235 1.566299 -0.370741 0.040058 -0.074810 -0.085698 0.691912 0.712963
1716803585.671869 1.719538 -0.363458 0.010195 -0.060846 -0.068505 0.708518 0.699720
1716803585.763321 1.793552 -0.353639 -0.004683 -0.057193 -0.067092 0.712779 0.695826
1716803585.864013 1.866245 -0.336039 -0.023733 -0.056667 -0.068233 0.716389 0.692041
1716803585.896755 1.890875 -0.328884 0.001367 -0.060811 -0.072126 0.711935 0.695879
1716803585.987930 1.955104 -0.310130 0.024116 -0.060401 -0.076848 0.710843 0.696526
1716803586.172524 2.100585 -0.281052 0.014049 -0.059665 -0.080737 0.714201 0.692704
1716803586.263265 2.164726 -0.278095 0.018791 -0.055000 -0.084241 0.714490 0.692374
1716803586.371131 2.244688 -0.271839 0.016501 -0.048135 -0.082034 0.720784 0.686603
1716803586.470968 2.325634 -0.270319 0.010272 -0.046382 -0.081748 0.721464 0.686043
1716803586.562400 2.415093 -0.267641 -0.001064 -0.042897 -0.084011 0.726256 0.680921
1716803586.662683 2.506888 -0.269717 -0.007089 -0.048278 -0.084353 0.730162 0.676326
1716803586.772778 2.590926 -0.262308 0.000420 -0.045587 -0.078670 0.732396 0.674781
1716803586.872720 2.671545 -0.255956 0.004138 -0.051046 -0.076631 0.733712 0.673193
1716803586.973063 2.758697 -0.256994 0.009446 -0.054721 -0.071345 0.734294 0.672850
1716803587.064804 2.832168 -0.260484 0.023093 -0.056290 -0.072702 0.729244 0.678048
1716803587.173902 2.920806 -0.246642 0.024424 -0.055660 -0.075409 0.728015 0.679124
1716803587.264188 2.987629 -0.237377 0.037132 -0.059798 -0.082428 0.724245 0.681982
1716803587.372166 3.084999 -0.216642 0.026686 -0.055834 -0.079920 0.725318 0.681476
1716803587.472175 3.165965 -0.207705 0.030820 -0.056126 -0.082185 0.723230 0.683399
1716803587.563401 3.240685 -0.193756 0.011564 -0.051753 -0.081297 0.725050 0.681920
1716803587.673054 3.328729 -0.188482 -0.003529 -0.052715 -0.082237 0.729576 0.676888
1716803587.764547 3.399074 -0.187291 -0.009832 -0.054909 -0.087546 0.730935 0.674578
1716803587.874579 3.494203 -0.181189 -0.008045 -0.055199 -0.089802 0.738204 0.666291
1716803587.882949 3.500601 -0.187613 0.011173 -0.050799 -0.087074 0.737655 0.667610
1716803588.065132 3.645323 -0.177948 0.020393 -0.054416 -0.087824 0.746893 0.656869
1716803588.173628 3.733425 -0.169183 0.012327 -0.055675 -0.081429 0.749369 0.654764
1716803588.264521 3.805572 -0.160036 0.015513 -0.056811 -0.080046 0.745453 0.659291
1716803588.373113 3.896058 -0.142659 0.021078 -0.055209 -0.080215 0.741543 0.663800
1716803588.473000 3.980530 -0.125241 0.026809 -0.057517 -0.083723 0.736343 0.668940
1716803588.573118 4.060368 -0.102073 0.034990 -0.048680 -0.080563 0.730978 0.675878
1716803588.673295 4.134911 -0.090972 0.057278 -0.050567 -0.082151 0.728633 0.678077
1716803588.682825 4.144164 -0.083350 0.044996 -0.039570 -0.076752 0.728617 0.679457
1716803588.864355 4.299610 -0.069321 0.027023 -0.043261 -0.073946 0.728490 0.679678
1716803588.973787 4.398184 -0.059012 -0.001743 -0.044518 -0.076210 0.730358 0.677338
1716803589.065082 4.477191 -0.050130 -0.015783 -0.046805 -0.075316 0.735400 0.671806
1716803589.174546 4.568682 -0.048468 0.032061 -0.047128 -0.071012 0.735332 0.672326
1716803589.278671 4.663303 -0.035839 0.024439 -0.054671 -0.074342 0.736599 0.670005
1716803589.373381 4.745445 -0.032946 0.033539 -0.053130 -0.071258 0.735854 0.671281
1716803589.464208 4.821584 -0.027872 0.041115 -0.051247 -0.070233 0.731614 0.676152
1716803589.572642 4.916698 -0.014973 0.035969 -0.049473 -0.071680 0.725638 0.682542
1716803589.672528 5.003954 -0.005385 0.058076 -0.049201 -0.077695 0.719487 0.688390
1716803589.772650 5.080191 0.018950 0.054262 -0.039778 -0.072577 0.710894 0.698412
1716803589.863971 5.153238 0.012872 0.074036 -0.038265 -0.072786 0.710038 0.699345
1716803589.965432 5.230400 0.023201 0.055559 -0.034342 -0.070689 0.704909 0.704931
1716803589.982919 5.246305 0.031450 0.046563 -0.027417 -0.068213 0.708253 0.702121
1716803590.164761 5.393119 0.035022 0.013269 -0.047064 -0.078025 0.712503 0.695728
1716803590.264272 5.491882 0.043546 0.003848 -0.052016 -0.080337 0.717755 0.689687
1716803590.371884 5.598845 0.047851 0.009689 -0.054046 -0.074881 0.724494 0.683067
1716803590.478513 5.705849 0.045613 0.011332 -0.053807 -0.072241 0.728962 0.678602
1716803590.488750 5.715349 0.037567 0.030530 -0.050304 -0.068635 0.733597 0.674236
1716803590.652953 5.863056 0.041029 0.060301 -0.050775 -0.067194 0.731458 0.676665
1716803590.728497 5.931068 0.038241 0.076058 -0.052937 -0.070312 0.728461 0.679410
1716803590.863624 6.056355 0.061489 0.070489 -0.053598 -0.079724 0.726054 0.680894
1716803590.972349 6.136096 0.079426 0.080013 -0.047255 -0.080304 0.721593 0.686019
1716803591.072106 6.230053 0.096064 0.066744 -0.045046 -0.082292 0.721295 0.686245
1716803591.171856 6.323799 0.107006 0.068565 -0.041647 -0.078816 0.721854 0.686280
1716803591.263647 6.412028 0.116622 0.071574 -0.042594 -0.080509 0.721051 0.686869
1716803591.362860 6.504836 0.112606 0.081381 -0.051528 -0.077319 0.721738 0.685902
1716803591.470893 6.611179 0.100485 0.102115 -0.061087 -0.076287 0.727755 0.678838
1716803591.562284 6.708881 0.101972 0.082831 -0.057959 -0.068876 0.724757 0.683098
1716803591.671227 6.807939 0.098243 0.081975 -0.062519 -0.070240 0.726820 0.680361
1716803591.771561 6.894117 0.106736 0.059255 -0.060130 -0.068814 0.724710 0.682968
1716803591.863414 6.962876 0.121245 0.047562 -0.058999 -0.069554 0.719461 0.688518
1716803591.972953 7.059673 0.126830 0.061738 -0.059340 -0.072679 0.713835 0.694000
1716803592.073089 7.149447 0.133599 0.082896 -0.062878 -0.077837 0.704809 0.702305
1716803592.165139 7.235421 0.129544 0.085496 -0.061055 -0.074681 0.701902 0.705711
1716803592.250607 7.311825 0.150133 0.096711 -0.059830 -0.073907 0.702049 0.705752
1716803592.372665 7.436635 0.144515 0.085513 -0.051453 -0.075106 0.708951 0.699357
1716803592.471995 7.540948 0.129145 0.082555 -0.052404 -0.080066 0.712891 0.694715
1716803592.572176 7.637557 0.121811 0.074710 -0.051580 -0.080938 0.716102 0.691366
1716803592.663646 7.721888 0.107404 0.077693 -0.056952 -0.085053 0.720719 0.685628
1716803592.773234 7.806953 0.106685 0.109890 -0.053927 -0.073761 0.726816 0.680727
1716803592.864871 7.871859 0.107389 0.105301 -0.056501 -0.073896 0.728796 0.678383
1716803592.974432 7.965717 0.113199 0.103438 -0.053036 -0.067976 0.731888 0.675948
1716803593.074108 8.067442 0.125700 0.102430 -0.048932 -0.070650 0.726110 0.682187
1716803593.165075 8.150389 0.121850 0.086741 -0.049463 -0.075599 0.720210 0.687849
1716803593.248901 8.217372 0.129219 0.115696 -0.052418 -0.080762 0.714528 0.692950
1716803593.282923 8.251842 0.133142 0.104864 -0.047214 -0.082236 0.711996 0.695751
1716803593.473008 8.423134 0.144534 0.115896 -0.043983 -0.078088 0.701831 0.706684
1716803593.564159 8.500193 0.163120 0.093218 -0.040140 -0.076135 0.701399 0.707553
1716803593.664574 8.589941 0.165054 0.078885 -0.041779 -0.077992 0.704025 0.704642
1716803593.774506 8.674374 0.162252 0.079316 -0.049913 -0.081519 0.708276 0.699434
1716803593.874022 8.760299 0.160260 0.087004 -0.057952 -0.081415 0.714997 0.691948
1716803593.965147 8.835878 0.163006 0.095492 -0.058478 -0.073503 0.721357 0.686164
1716803594.074599 8.937335 0.158722 0.084727 -0.060116 -0.067501 0.724565 0.683253
1716803594.173537 9.024845 0.147249 0.096371 -0.059170 -0.061235 0.723905 0.684625
1716803594.269066 9.110919 0.137906 0.101712 -0.057621 -0.066949 0.720108 0.688217
1716803594.373414 9.198801 0.134065 0.099861 -0.057652 -0.076071 0.712598 0.695050
1716803594.464396 9.286385 0.128234 0.109041 -0.059388 -0.082030 0.706337 0.700594
1716803594.573578 9.381432 0.133842 0.120527 -0.046522 -0.075111 0.698573 0.710063
1716803594.582918 9.389939 0.141170 0.119089 -0.052399 -0.081977 0.693931 0.713438
1716803594.763973 9.550902 0.144018 0.099385 -0.044127 -0.072596 0.693508 0.715423
1716803594.864753 9.637089 0.145613 0.083707 -0.047715 -0.074190 0.697687 0.710951
1716803594.974080 9.726425 0.145070 0.077866 -0.059214 -0.080939 0.699199 0.707858
1716803595.073247 9.810358 0.145883 0.077908 -0.064941 -0.084275 0.707633 0.698524
1716803595.164252 9.893368 0.145726 0.082249 -0.063026 -0.078209 0.710899 0.696085
1716803595.274198 9.993348 0.141214 0.079189 -0.059348 -0.076216 0.718215 0.689084
1716803595.367329 10.076260 0.139975 0.081021 -0.051182 -0.068271 0.723917 0.684590
1716803595.442916 10.145356 0.145866 0.084351 -0.046394 -0.067058 0.725538 0.683334
1716803595.563809 10.272714 0.162161 0.081181 -0.051774 -0.079539 0.719465 0.688014
1716803595.673249 10.380024 0.179918 0.089095 -0.051052 -0.083290 0.716518 0.690695
1716803595.773183 10.463141 0.184082 0.110590 -0.044311 -0.081145 0.717280 0.690624
1716803595.872947 10.540965 0.190219 0.119350 -0.041305 -0.080296 0.716616 0.691598
1716803595.972641 10.623239 0.196417 0.123050 -0.039413 -0.077507 0.719698 0.688820
1716803596.063596 10.706036 0.196737 0.129562 -0.040447 -0.078177 0.723822 0.684349
1716803596.171726 10.785590 0.187435 0.104432 -0.049093 -0.070618 0.734195 0.673470
1716803596.262695 10.881891 0.164742 0.093743 -0.063232 -0.070037 0.754551 0.649423
1716803596.373758 10.994601 0.178536 0.103770 -0.066436 -0.061864 0.769412 0.632269
1716803596.438859 11.040518 0.189991 0.113651 -0.063951 -0.059208 0.773874 0.627315
1716803596.528789 11.115936 0.197461 0.121526 -0.066093 -0.057564 0.784949 0.613329
1716803596.662554 11.239846 0.216737 0.127226 -0.065346 -0.067789 0.792599 0.602430
1716803596.772536 11.329993 0.237108 0.132370 -0.063394 -0.074111 0.796996 0.596059
1716803596.863864 11.401980 0.263237 0.138730 -0.063540 -0.080941 0.797327 0.594710
1716803596.973581 11.491339 0.298432 0.151859 -0.059878 -0.079411 0.799738 0.592053
1716803597.073514 11.562490 0.342863 0.157104 -0.057270 -0.086828 0.801079 0.589452
1716803597.175191 11.646932 0.368837 0.153911 -0.050124 -0.081903 0.815159 0.571222
1716803597.263895 11.723730 0.401519 0.155511 -0.052717 -0.084695 0.826536 0.553974
1716803597.363770 11.816949 0.440677 0.161759 -0.059977 -0.090684 0.838504 0.533938
1716803597.472759 11.911009 0.473382 0.179712 -0.065257 -0.085685 0.855347 0.506736
1716803597.572941 11.980478 0.504981 0.186877 -0.059766 -0.081293 0.868434 0.485430
1716803597.663680 12.039282 0.540440 0.211042 -0.067207 -0.087113 0.879461 0.463081
1716803597.774145 12.096534 0.586134 0.223486 -0.061219 -0.081914 0.891995 0.440327
1716803597.874342 12.156124 0.632102 0.216143 -0.053197 -0.082444 0.898983 0.426852
1716803597.975683 12.216106 0.675750 0.208628 -0.051838 -0.087526 0.904610 0.413923
1716803598.064922 12.267655 0.738233 0.203064 -0.053699 -0.092302 0.907395 0.406487
1716803598.175906 12.337806 0.793746 0.206535 -0.043555 -0.088183 0.916022 0.388883
1716803598.247845 12.382892 0.823762 0.197974 -0.038100 -0.093189 0.918126 0.383288
1716803598.373423 12.451172 0.877351 0.198135 -0.032365 -0.087625 0.927582 0.361753
1716803598.473714 12.508208 0.933554 0.205247 -0.034006 -0.095376 0.935857 0.337518
1716803598.564739 12.560837 1.008779 0.198650 -0.036906 -0.099416 0.942413 0.317193
1716803598.674278 12.623029 1.086237 0.202732 -0.044212 -0.100743 0.951558 0.287113
1716803598.774007 12.678383 1.160916 0.231367 -0.053343 -0.104082 0.959116 0.257716
1716803598.865412 12.718739 1.224573 0.242265 -0.059704 -0.104569 0.966193 0.227974
1716803598.974369 12.752117 1.301614 0.227964 -0.053551 -0.091431 0.973586 0.202245
1716803599.074175 12.781822 1.372680 0.224765 -0.046965 -0.084292 0.978234 0.183703
1716803599.167452 12.803900 1.447256 0.232342 -0.044219 -0.080924 0.979022 0.181690
1716803599.181709 12.814895 1.462218 0.232135 -0.045065 -0.082531 0.979275 0.179382
1716803599.352461 12.860377 1.587502 0.252748 -0.044715 -0.097451 0.977306 0.182694
1716803599.464246 12.890090 1.658695 0.261205 -0.039916 -0.094516 0.978938 0.176506
1716803599.573574 12.921712 1.740171 0.265124 -0.034888 -0.097218 0.980503 0.167170
1716803599.673631 12.948243 1.811253 0.262655 -0.030638 -0.096393 0.983323 0.151150
1716803599.764950 12.973687 1.889556 0.262178 -0.027789 -0.099428 0.985210 0.136761
1716803599.874197 12.993825 1.970542 0.257248 -0.028372 -0.106570 0.986862 0.118069
1716803599.973998 13.015873 2.052106 0.261508 -0.035276 -0.115996 0.988365 0.091839
1716803600.065023 13.031451 2.127519 0.260937 -0.037560 -0.117140 0.989731 0.072795
1716803600.172976 13.042282 2.209870 0.278781 -0.038043 -0.112998 0.992132 0.038177
1716803600.276672 13.057271 2.287543 0.290338 -0.035587 -0.106917 0.993427 0.020111
1716803600.349241 13.059393 2.344382 0.306899 -0.034522 -0.106151 0.993700 0.010018
1716803600.463596 13.063586 2.450219 0.309987 -0.034118 -0.113415 0.992961 0.001313
1716803600.482148 13.065825 2.468452 0.314203 -0.034346 -0.120036 0.992172 0.002523
1716803600.663607 13.066382 2.623441 0.336037 -0.030059 -0.115804 0.992766 -0.010095
1716803600.773115 13.062789 2.702868 0.351490 -0.025924 -0.120572 0.992133 -0.021484
1716803600.864669 13.053088 2.771958 0.351376 -0.021432 -0.120703 0.991982 -0.030694
1716803600.972521 13.042432 2.853299 0.354154 -0.019198 -0.123797 0.990762 -0.051923
1716803601.072262 13.020259 2.945747 0.346703 -0.019467 -0.123406 0.989278 -0.075633
1716803601.165737 13.002991 3.036526 0.343877 -0.029394 -0.120194 0.987420 -0.098444
1716803601.254344 12.982036 3.132203 0.357560 -0.032640 -0.127622 0.983389 -0.124878
1716803601.362692 12.969570 3.203667 0.376049 -0.037745 -0.124592 0.977372 -0.166725
1716803601.471680 12.969413 3.267091 0.385810 -0.039410 -0.123519 0.973428 -0.188754
1716803601.571774 12.957363 3.325903 0.386273 -0.037227 -0.121561 0.969243 -0.210725
1716803601.663435 12.933849 3.367917 0.382769 -0.030534 -0.119339 0.966610 -0.224702
1716803601.773034 12.897626 3.432231 0.391056 -0.026056 -0.122720 0.963514 -0.236434
1716803601.873300 12.855295 3.491966 0.392044 -0.019021 -0.135601 0.960221 -0.243365
1716803601.973361 12.804019 3.559294 0.397045 -0.011895 -0.127160 0.957828 -0.257399
1716803602.068831 12.754156 3.642761 0.404647 -0.007389 -0.127546 0.952921 -0.274989
1716803602.085454 12.747132 3.648488 0.400025 -0.007431 -0.123288 0.952177 -0.279470
1716803602.263666 12.676551 3.754402 0.400655 -0.006456 -0.123443 0.940428 -0.316727
1716803602.372464 12.649542 3.805819 0.408147 -0.008184 -0.124492 0.931437 -0.341848
1716803602.472587 12.617796 3.861363 0.426655 -0.009112 -0.134106 0.917562 -0.374182
1716803602.563962 12.584772 3.909701 0.455643 -0.015760 -0.129769 0.906653 -0.401113
1716803602.673835 12.544581 3.957706 0.448357 -0.017647 -0.125729 0.895919 -0.425688
1716803602.774063 12.488863 4.004873 0.446010 -0.019432 -0.120406 0.884025 -0.451248
1716803602.874253 12.425182 4.057662 0.441751 -0.013938 -0.117248 0.876267 -0.467134
1716803602.965477 12.362881 4.089906 0.445653 -0.011555 -0.119556 0.870230 -0.477778
1716803603.073740 12.291023 4.119819 0.443695 -0.013733 -0.112857 0.868403 -0.482649
1716803603.177052 12.226272 4.135527 0.452356 -0.006317 -0.117421 0.861740 -0.493534
1716803603.247094 12.175262 4.153471 0.447477 -0.009622 -0.105710 0.859592 -0.499834
1716803603.373347 12.099325 4.182624 0.458000 -0.006442 -0.101132 0.851977 -0.513679
1716803603.464590 12.048441 4.205424 0.459798 -0.011332 -0.091649 0.846171 -0.524849
1716803603.574184 11.983542 4.234618 0.458513 -0.011530 -0.090120 0.836577 -0.540264
1716803603.674220 11.918724 4.265525 0.451796 -0.011275 -0.089606 0.826038 -0.556331
1716803603.774343 11.853609 4.286633 0.452360 -0.015284 -0.090569 0.816149 -0.570495
1716803603.800646 11.827344 4.278057 0.451822 -0.009889 -0.097654 0.804849 -0.585307
1716803603.974376 11.676533 4.305753 0.446705 -0.007791 -0.091259 0.782110 -0.616373
1716803604.075153 11.596522 4.341021 0.450039 -0.013157 -0.093192 0.772431 -0.628086
1716803604.092735 11.589699 4.344495 0.449408 -0.017200 -0.087906 0.767900 -0.634276
1716803604.256203 11.475086 4.374080 0.446899 -0.012442 -0.083680 0.763252 -0.640538
1716803604.374553 11.387078 4.392612 0.455241 -0.017256 -0.079344 0.765369 -0.638449
1716803604.475832 11.307251 4.404185 0.477530 -0.017686 -0.084744 0.766730 -0.636106
1716803604.573116 11.238951 4.418054 0.476423 -0.018014 -0.078429 0.771281 -0.631387
1716803604.672836 11.170807 4.430866 0.474273 -0.012903 -0.081371 0.769306 -0.633546
1716803604.764786 11.086027 4.446436 0.473770 -0.006707 -0.083299 0.769206 -0.633513
1716803604.864501 11.000242 4.470075 0.465956 -0.001158 -0.088418 0.760004 -0.643875
1716803604.965207 10.911006 4.496774 0.457283 -0.005310 -0.088376 0.752576 -0.652526
1716803605.074637 10.808218 4.496583 0.481975 -0.006145 -0.089507 0.728108 -0.679565
1716803605.165133 10.733430 4.506927 0.483315 -0.008282 -0.086085 0.716459 -0.692248
1716803605.273561 10.664490 4.503610 0.469388 -0.005419 -0.090783 0.699307 -0.709013
1716803605.375968 10.598314 4.504208 0.468042 -0.008716 -0.085187 0.693786 -0.715072
1716803605.450429 10.551802 4.508996 0.456858 -0.004217 -0.085141 0.686738 -0.721889
1716803605.572876 10.467660 4.501997 0.453873 0.000060 -0.082709 0.690726 -0.718371
1716803605.672237 10.401590 4.488867 0.467956 0.003682 -0.077898 0.692538 -0.717154
1716803605.772423 10.310238 4.485595 0.472052 0.004814 -0.075364 0.699081 -0.711044
1716803605.863924 10.220254 4.489541 0.449635 0.007106 -0.065500 0.698655 -0.712419
1716803605.972653 10.118262 4.494325 0.410352 0.005654 -0.046092 0.694020 -0.718456
1716803606.072580 10.018713 4.492042 0.413843 0.004625 -0.045566 0.688756 -0.723545
1716803606.172966 9.925057 4.491617 0.431224 0.011095 -0.045679 0.681537 -0.730272
1716803606.272877 9.825791 4.489085 0.439860 0.003260 -0.052485 0.670916 -0.739666
1716803606.366912 9.737512 4.494360 0.440460 0.001056 -0.051860 0.666013 -0.744134
1716803606.445509 9.669652 4.493683 0.432872 -0.003553 -0.056147 0.659345 -0.749732
1716803606.572090 9.573131 4.487744 0.431248 -0.005967 -0.053788 0.655242 -0.753478
1716803606.662719 9.500989 4.474454 0.416688 -0.008089 -0.050584 0.653350 -0.755321
1716803606.681081 9.496380 4.469698 0.410627 -0.009714 -0.049538 0.647725 -0.760200
1716803606.846023 9.358012 4.436594 0.413675 -0.000596 -0.059330 0.658856 -0.749926
1716803606.974141 9.240121 4.420727 0.414434 -0.007509 -0.045785 0.664999 -0.745402
1716803607.073387 9.150566 4.403644 0.417757 -0.007808 -0.037936 0.664234 -0.746520
1716803607.177902 9.063025 4.391492 0.422767 -0.009334 -0.031978 0.668047 -0.743373
1716803607.248874 9.003576 4.379986 0.422985 -0.009775 -0.029418 0.664291 -0.746831
1716803607.282217 8.975505 4.384620 0.404226 -0.007688 -0.027691 0.667474 -0.744078
1716803607.473364 8.806504 4.387090 0.398472 -0.004927 -0.047680 0.649655 -0.758717
1716803607.482483 8.802347 4.386973 0.399461 -0.010798 -0.054073 0.642727 -0.764108
1716803607.673501 8.623130 4.382535 0.406346 -0.008358 -0.052212 0.639323 -0.767118
1716803607.682137 8.620643 4.384525 0.408843 -0.008959 -0.047071 0.635885 -0.770295
1716803607.874027 8.451971 4.367396 0.400923 -0.011300 -0.048633 0.643171 -0.764093
1716803607.882589 8.484335 4.366308 0.389670 -0.016747 -0.044819 0.635127 -0.770924
1716803608.073689 8.305382 4.327840 0.402662 -0.004780 -0.052866 0.653848 -0.754761
1716803608.173626 8.231348 4.311192 0.409670 -0.007883 -0.051758 0.661037 -0.748525
1716803608.183164 8.233124 4.313629 0.407616 -0.007846 -0.049091 0.659930 -0.749680
1716803608.373976 8.083489 4.304418 0.395609 -0.013189 -0.040576 0.668516 -0.742473
1716803608.474091 7.987516 4.303443 0.391864 -0.011218 -0.042124 0.664647 -0.745885
1716803608.575072 7.897914 4.301634 0.407475 -0.009270 -0.052754 0.662679 -0.746985
1716803608.674225 7.799619 4.308386 0.403494 -0.003727 -0.057379 0.649424 -0.758250
1716803608.774305 7.706384 4.314512 0.399674 -0.008045 -0.056244 0.648405 -0.759173
1716803608.865429 7.625827 4.306798 0.399247 -0.009685 -0.053145 0.646103 -0.761336
1716803608.974668 7.543313 4.304504 0.411955 -0.008176 -0.054273 0.650637 -0.757403
1716803609.073667 7.462022 4.292127 0.421545 -0.004226 -0.056176 0.654647 -0.753833
1716803609.164136 7.386304 4.274463 0.421255 -0.003751 -0.058237 0.663717 -0.745704
1716803609.273928 7.297133 4.260151 0.411062 0.004575 -0.055173 0.671544 -0.738893
1716803609.373824 7.218055 4.252052 0.405985 0.006371 -0.051749 0.676131 -0.734934
1716803609.473177 7.147708 4.251309 0.398826 0.005734 -0.045451 0.681814 -0.730090
1716803609.515524 7.121720 4.253339 0.396831 0.004097 -0.039085 0.682976 -0.729383
1716803609.583313 7.075741 4.244392 0.386710 0.003552 -0.034121 0.687794 -0.725095
1716803609.764253 6.924049 4.248582 0.429253 -0.005557 -0.059167 0.679193 -0.731550
1716803609.873329 6.824203 4.245277 0.419288 -0.012585 -0.054539 0.670176 -0.740089
1716803609.964751 6.744981 4.261518 0.398816 -0.020646 -0.047733 0.665597 -0.744497
1716803610.072275 6.658583 4.258862 0.383589 -0.023956 -0.044419 0.657695 -0.751592
1716803610.177576 6.572358 4.245103 0.386868 -0.023446 -0.045762 0.657107 -0.752042
1716803610.245915 6.511494 4.242929 0.388083 -0.023002 -0.048416 0.657154 -0.751848
1716803610.372741 6.404723 4.216869 0.379688 -0.019445 -0.049806 0.658895 -0.750333
1716803610.381863 6.396252 4.206344 0.375320 -0.016247 -0.048803 0.665410 -0.744704
1716803610.564315 6.241852 4.177561 0.391680 -0.015682 -0.035691 0.664775 -0.746026
1716803610.664623 6.172990 4.165312 0.364271 -0.012356 -0.024184 0.668683 -0.743052
1716803610.772511 6.080110 4.171007 0.361378 -0.013257 -0.028368 0.670302 -0.741428
1716803610.855720 5.994822 4.161907 0.362938 -0.007305 -0.031327 0.674386 -0.737678
1716803610.962756 5.890029 4.164314 0.338807 -0.009313 -0.038866 0.673268 -0.738318
1716803611.045665 5.815698 4.170163 0.335132 -0.008772 -0.042867 0.670696 -0.740440
1716803611.155957 5.718062 4.169406 0.354667 -0.011084 -0.046368 0.664926 -0.745386
1716803611.248457 5.624139 4.166636 0.348786 -0.014719 -0.043374 0.666831 -0.743800
1716803611.363436 5.526686 4.152715 0.356886 -0.016843 -0.041855 0.671033 -0.740054
1716803611.471948 5.435764 4.144344 0.348459 -0.014383 -0.038876 0.674814 -0.736822
1716803611.563364 5.353673 4.135576 0.348367 -0.010859 -0.040918 0.672162 -0.739193
1716803611.672729 5.270450 4.121157 0.348363 -0.011675 -0.036021 0.675114 -0.736741
1716803611.681941 5.275948 4.119629 0.347005 -0.005971 -0.031841 0.673079 -0.738861
1716803611.781294 5.190880 4.106801 0.344311 -0.011093 -0.029060 0.681623 -0.731043
1716803611.881469 5.099554 4.096598 0.328622 -0.012971 -0.028783 0.685458 -0.727427
1716803612.000237 4.988263 4.091203 0.323552 -0.001998 -0.035870 0.678677 -0.733558
1716803612.081250 4.912072 4.094149 0.347430 0.012144 -0.052058 0.671097 -0.739440
1716803612.263455 4.747812 4.098745 0.368017 -0.004257 -0.071512 0.655611 -0.751693
1716803612.372402 4.654557 4.095204 0.382159 -0.004042 -0.078214 0.648310 -0.757338
1716803612.381600 4.653882 4.089323 0.369086 -0.003376 -0.074882 0.646927 -0.758859
1716803612.563335 4.520313 4.089842 0.339032 -0.011896 -0.068942 0.651898 -0.755073
1716803612.673721 4.408670 4.080459 0.304357 -0.017285 -0.061563 0.661732 -0.747009
1716803612.764557 4.333023 4.070250 0.312362 -0.004198 -0.065341 0.667079 -0.742104
1716803612.782870 4.327256 4.083169 0.319179 -0.012466 -0.055233 0.667556 -0.742403
1716803612.955840 4.176985 4.059269 0.327018 -0.010063 -0.055912 0.683878 -0.727381
1716803613.073852 4.057230 4.031638 0.319571 -0.010037 -0.057736 0.685153 -0.726038
1716803613.174214 3.956104 4.010188 0.301286 -0.004017 -0.056167 0.683368 -0.727899
1716803613.239179 3.902882 4.000109 0.297775 0.001022 -0.057494 0.683516 -0.727667
1716803613.364392 3.779479 3.980481 0.294390 0.003836 -0.059943 0.672411 -0.737737
1716803613.464928 3.703898 3.966151 0.305059 -0.000243 -0.059083 0.670745 -0.739331
1716803613.566162 3.627791 3.954384 0.304497 0.001204 -0.059307 0.668334 -0.741492
1716803613.584252 3.602458 3.956571 0.313356 -0.003953 -0.058996 0.670315 -0.739717
1716803613.774140 3.433881 3.936161 0.306449 0.000466 -0.062687 0.669429 -0.740226
1716803613.865196 3.342140 3.931136 0.287707 -0.001033 -0.063738 0.669674 -0.739914
1716803613.973661 3.245624 3.913664 0.287364 0.000727 -0.058206 0.670201 -0.739893
1716803614.077860 3.162693 3.905162 0.291097 0.000278 -0.053226 0.671892 -0.738734
1716803614.147717 3.106733 3.894475 0.291928 -0.002315 -0.049985 0.670965 -0.739799
1716803614.200678 3.056998 3.891738 0.294129 -0.002077 -0.047959 0.672783 -0.738281
1716803614.346319 2.929344 3.907006 0.285388 -0.002645 -0.044934 0.665602 -0.744949
1716803614.473244 2.804376 3.916611 0.296777 -0.007671 -0.050082 0.658178 -0.751156
1716803614.564598 2.711559 3.919804 0.288348 -0.002147 -0.054090 0.656590 -0.752302
1716803614.674601 2.620538 3.915520 0.294920 -0.006847 -0.058460 0.653745 -0.754422
1716803614.773698 2.526118 3.908917 0.301391 -0.007757 -0.059753 0.655011 -0.753213
1716803614.873408 2.434792 3.910036 0.294092 -0.008271 -0.062341 0.658216 -0.750198
1716803614.964453 2.346118 3.907115 0.271259 -0.008228 -0.062318 0.659325 -0.749226
1716803615.074553 2.248564 3.911063 0.262519 -0.004882 -0.057480 0.661722 -0.747527
1716803615.080161 2.266682 3.910880 0.265600 -0.006189 -0.057171 0.657730 -0.751055
1716803615.245969 2.113451 3.911063 0.260303 -0.016328 -0.037690 0.672261 -0.739174
1716803615.372900 1.994316 3.911164 0.255811 -0.017266 -0.043114 0.675486 -0.735909
1716803615.463485 1.906299 3.909955 0.248965 -0.013894 -0.048717 0.672986 -0.737918
1716803615.565026 1.806237 3.908786 0.251568 -0.009151 -0.049449 0.666398 -0.743899
1716803615.673350 1.713919 3.895753 0.265094 -0.009345 -0.057858 0.658475 -0.750317
1716803615.763930 1.641560 3.886185 0.275432 -0.013436 -0.056552 0.654554 -0.753778
1716803615.865541 1.561469 3.888868 0.270485 -0.014935 -0.062968 0.649925 -0.757238
1716803615.939675 1.501029 3.883800 0.274625 -0.018314 -0.062654 0.651043 -0.756229
1716803616.063442 1.407653 3.866973 0.258620 -0.017194 -0.063016 0.651641 -0.755710
1716803616.164057 1.328973 3.859843 0.246276 -0.013991 -0.059577 0.653789 -0.754198
1716803616.263839 1.253425 3.839410 0.242513 -0.010552 -0.054949 0.654455 -0.754028
1716803616.363883 1.176216 3.840135 0.237091 -0.014558 -0.046944 0.661067 -0.748715
1716803616.463408 1.106035 3.836612 0.243589 -0.014842 -0.040361 0.664930 -0.745667
1716803616.563434 1.034483 3.824817 0.247699 -0.016393 -0.035297 0.672398 -0.739166
1716803616.581004 1.014555 3.813326 0.244165 -0.015787 -0.034979 0.677435 -0.734581
1716803616.762485 0.867004 3.794205 0.226360 -0.010407 -0.045112 0.666602 -0.743974
1716803616.872513 0.768964 3.785051 0.254541 -0.020151 -0.049802 0.654369 -0.754264
1716803616.972982 0.712551 3.772879 0.261555 -0.022486 -0.054952 0.651820 -0.756046
1716803617.073536 0.646786 3.775056 0.259860 -0.031212 -0.055161 0.644213 -0.762216
1716803617.164639 0.589909 3.772432 0.258694 -0.034959 -0.056475 0.643345 -0.762690
1716803617.183069 0.565425 3.783397 0.258989 -0.034637 -0.043480 0.642731 -0.764072
1716803617.373455 0.419572 3.787264 0.262297 -0.026873 -0.052234 0.649709 -0.757910
1716803617.473256 0.330777 3.792444 0.258489 -0.020956 -0.055231 0.655687 -0.752718
1716803617.575321 0.263420 3.785098 0.260793 -0.014870 -0.058327 0.657923 -0.750676
1716803617.581923 0.284349 3.789886 0.255829 -0.013250 -0.057576 0.641713 -0.764666
1716803617.682805 0.193021 3.796335 0.244602 -0.007621 -0.052037 0.666088 -0.744017
1716803617.875176 0.048759 3.794853 0.222333 -0.021457 -0.041133 0.675066 -0.736297
1716803617.955395 -0.013375 3.788931 0.216340 -0.024368 -0.041613 0.674532 -0.736669
1716803618.073985 -0.133334 3.773150 0.205345 -0.022926 -0.045939 0.661196 -0.748455
1716803618.165257 -0.222475 3.769837 0.203225 -0.019313 -0.057745 0.648712 -0.758594
1716803618.274662 -0.306758 3.742403 0.223805 -0.031746 -0.054644 0.638403 -0.767104
1716803618.365852 -0.369122 3.723986 0.217969 -0.032370 -0.059173 0.630277 -0.773435
1716803618.456459 -0.436070 3.716384 0.214649 -0.038559 -0.057537 0.626206 -0.776575
1716803618.575617 -0.531892 3.712555 0.217322 -0.033946 -0.060448 0.629521 -0.773885
1716803618.642860 -0.591388 3.728724 0.223832 -0.031885 -0.063278 0.631453 -0.772170
1716803618.777732 -0.698998 3.711728 0.210908 -0.020358 -0.064555 0.640070 -0.765329
1716803618.841526 -0.751051 3.706450 0.211201 -0.016752 -0.065630 0.643313 -0.762601
1716803618.915347 -0.800520 3.701772 0.210266 -0.018429 -0.063607 0.648756 -0.758109
1716803619.065677 -0.919223 3.694492 0.202557 -0.021125 -0.061705 0.649252 -0.757772
1716803619.174012 -1.011275 3.683088 0.205631 -0.019000 -0.065274 0.646894 -0.759544
1716803619.264976 -1.088192 3.683480 0.218285 -0.018994 -0.072944 0.640640 -0.764133
1716803619.374175 -1.174579 3.679614 0.215797 -0.018943 -0.082823 0.632032 -0.770270
1716803619.464226 -1.254237 3.700834 0.202297 -0.024732 -0.082874 0.628587 -0.772915
1716803619.572771 -1.334490 3.695752 0.201790 -0.034391 -0.080161 0.626536 -0.774496
1716803619.664348 -1.409560 3.678358 0.195990 -0.035163 -0.079080 0.629468 -0.772192
1716803619.764838 -1.481291 3.640313 0.191084 -0.031201 -0.084205 0.636615 -0.765936
1716803619.865601 -1.535486 3.617848 0.191089 -0.033298 -0.080157 0.643662 -0.760372
1716803619.974352 -1.611420 3.588613 0.190686 -0.024870 -0.081812 0.655714 -0.750152
1716803620.064469 -1.690712 3.574874 0.186709 -0.022768 -0.075270 0.666657 -0.741204
1716803620.167188 -1.786800 3.585524 0.183487 -0.022392 -0.069749 0.684433 -0.725386
1716803620.183241 -1.800132 3.602088 0.184648 -0.023546 -0.060562 0.685066 -0.725577
1716803620.352562 -1.943911 3.612759 0.182696 -0.026817 -0.068175 0.693576 -0.716649
1716803620.463769 -2.040400 3.628865 0.177318 -0.024307 -0.079623 0.690273 -0.718744
1716803620.482260 -2.064816 3.626399 0.174230 -0.022709 -0.083788 0.689855 -0.718723
1716803620.663409 -2.223756 3.633662 0.190921 -0.029859 -0.090114 0.673794 -0.732796
1716803620.764945 -2.298138 3.633304 0.193372 -0.026011 -0.093032 0.674511 -0.731918
1716803620.873254 -2.371507 3.630799 0.192503 -0.025920 -0.090927 0.677290 -0.729615
1716803620.972745 -2.440800 3.627299 0.182653 -0.022246 -0.095802 0.689479 -0.717597
1716803621.072274 -2.518790 3.622167 0.181685 -0.021779 -0.094891 0.702475 -0.705018
1716803621.165270 -2.587314 3.637576 0.184780 -0.016234 -0.098915 0.730464 -0.675555
1716803621.246932 -2.652501 3.659941 0.181867 -0.016306 -0.098613 0.747692 -0.656480
1716803621.371713 -2.770633 3.680403 0.186012 -0.020744 -0.092101 0.768036 -0.633410
1716803621.471772 -2.849496 3.696043 0.181144 -0.022484 -0.086667 0.778243 -0.621548
1716803621.563194 -2.918991 3.703177 0.167455 -0.021377 -0.087981 0.785733 -0.611903
1716803621.581572 -2.922196 3.706611 0.171733 -0.026148 -0.086780 0.785802 -0.611801
1716803621.763194 -3.046778 3.749146 0.189062 -0.018965 -0.100611 0.790315 -0.604087
1716803621.873344 -3.111585 3.764589 0.187500 -0.022686 -0.097746 0.793363 -0.600422
1716803621.972920 -3.171530 3.779414 0.181480 -0.026252 -0.097820 0.802381 -0.588156
1716803622.066150 -3.227778 3.792704 0.181036 -0.027650 -0.097757 0.811890 -0.574904
1716803622.081409 -3.246403 3.822811 0.179480 -0.033830 -0.092679 0.815783 -0.569880
1716803622.263532 -3.378410 3.871214 0.192630 -0.023404 -0.100357 0.841818 -0.529832
1716803622.336271 -3.423630 3.873864 0.188988 -0.019012 -0.103003 0.852948 -0.511379
1716803622.472743 -3.540307 3.924758 0.199312 -0.015961 -0.096159 0.879837 -0.465173
1716803622.572371 -3.593738 3.946124 0.194418 -0.016406 -0.095197 0.896632 -0.432111
1716803622.663961 -3.635176 3.964366 0.189465 -0.019123 -0.092011 0.907111 -0.410267
1716803622.765631 -3.677653 4.010186 0.196792 -0.019883 -0.100922 0.911051 -0.399257
1716803622.800995 -3.683073 4.025356 0.205510 -0.022401 -0.100875 0.913033 -0.394580
1716803622.947129 -3.739638 4.079122 0.209968 -0.021422 -0.117715 0.915420 -0.384305
1716803623.067801 -3.781988 4.142494 0.206741 -0.024249 -0.117644 0.918954 -0.375626
1716803623.167241 -3.806932 4.197710 0.202487 -0.029282 -0.113035 0.925681 -0.359833
1716803623.264085 -3.860949 4.255524 0.202155 -0.033102 -0.106864 0.932403 -0.343669
1716803623.364712 -3.909589 4.307279 0.196797 -0.033216 -0.106145 0.939211 -0.324827
1716803623.474756 -3.994275 4.370851 0.188629 -0.029244 -0.116144 0.952261 -0.280810
1716803623.574241 -4.052334 4.420433 0.212844 -0.023118 -0.117056 0.960498 -0.251411
1716803623.674298 -4.087874 4.457476 0.234399 -0.018588 -0.115147 0.970641 -0.210362
1716803623.765049 -4.117259 4.498399 0.241393 -0.018017 -0.110917 0.974855 -0.192433
1716803623.783836 -4.116526 4.505969 0.239995 -0.012550 -0.106230 0.977244 -0.183172
1716803623.973800 -4.167212 4.624841 0.236873 -0.020241 -0.104321 0.981517 -0.159161
1716803624.064968 -4.191649 4.680479 0.235484 -0.019579 -0.109455 0.982585 -0.148872
1716803624.174260 -4.210685 4.736233 0.235309 -0.024223 -0.105988 0.983767 -0.142765
1716803624.275101 -4.218337 4.795206 0.245215 -0.021345 -0.113282 0.984165 -0.134650
1716803624.363862 -4.213872 4.846433 0.242322 -0.026871 -0.110841 0.985506 -0.125580
1716803624.464477 -4.243964 4.912896 0.251632 -0.025787 -0.110610 0.987313 -0.110963
1716803624.573726 -4.260134 4.971676 0.244917 -0.026853 -0.114374 0.990532 -0.071019
1716803624.673821 -4.321527 5.039520 0.224229 -0.024225 -0.116910 0.992483 -0.026899
1716803624.764470 -4.334778 5.101116 0.242042 -0.019027 -0.113419 0.993358 0.003661
1716803624.874408 -4.338111 5.164135 0.274397 -0.010229 -0.117334 0.991081 0.062348
1716803624.965556 -4.344026 5.217509 0.285290 -0.007225 -0.109722 0.989228 0.096624
1716803624.982431 -4.332105 5.232016 0.276306 -0.004062 -0.105732 0.988711 0.106092
1716803625.155449 -4.304861 5.329329 0.281233 -0.003123 -0.094906 0.983026 0.156981
1716803625.279740 -4.277971 5.394514 0.285473 -0.010802 -0.098279 0.977326 0.187241
1716803625.372461 -4.250450 5.450999 0.280753 -0.013719 -0.097579 0.973896 0.204490
1716803625.462959 -4.229764 5.493701 0.275999 -0.014782 -0.103783 0.969131 0.223150
1716803625.482107 -4.234495 5.510262 0.288601 -0.023983 -0.109708 0.967935 0.224700
1716803625.654754 -4.204689 5.611198 0.291345 -0.026414 -0.098780 0.957826 0.268541
1716803625.773489 -4.141971 5.665313 0.295296 -0.025731 -0.096114 0.944624 0.312707
1716803625.781707 -4.138475 5.673557 0.305861 -0.021230 -0.095094 0.948614 0.301060
1716803625.963795 -4.050930 5.739025 0.296117 -0.026318 -0.100968 0.915007 0.389711
1716803626.072169 -3.981866 5.799892 0.300404 -0.020209 -0.094434 0.894948 0.435594
1716803626.171747 -3.928115 5.831666 0.307845 -0.015240 -0.093995 0.872059 0.480047
1716803626.253975 -3.893854 5.860084 0.312431 -0.009493 -0.090153 0.858179 0.505284
1716803626.380089 -3.843645 5.899540 0.316376 -0.010519 -0.085993 0.835161 0.543140
1716803626.471180 -3.804334 5.916817 0.313298 -0.008733 -0.081338 0.822745 0.562493
1716803626.553385 -3.780497 5.939999 0.314662 -0.010581 -0.082564 0.810984 0.579117
1716803626.672630 -3.730780 5.974883 0.326367 -0.018770 -0.080710 0.801772 0.591857
1716803626.764542 -3.674493 5.998915 0.335578 -0.025348 -0.084502 0.794696 0.600562
1716803626.873497 -3.601546 6.031962 0.335630 -0.020457 -0.073169 0.789724 0.608740
1716803626.973396 -3.526633 6.051379 0.334692 -0.024336 -0.070583 0.780825 0.620272
1716803627.074187 -3.450744 6.077199 0.339107 -0.018675 -0.069314 0.775848 0.626823
1716803627.150278 -3.389020 6.093654 0.341876 -0.020779 -0.073050 0.768104 0.635805
1716803627.272470 -3.291375 6.127626 0.344060 -0.018109 -0.071351 0.755342 0.651183
1716803627.363686 -3.223568 6.148577 0.346889 -0.021403 -0.078403 0.747695 0.659051
1716803627.473063 -3.164323 6.172721 0.345060 -0.015835 -0.073437 0.739367 0.669099
1716803627.573398 -3.103940 6.196888 0.339741 -0.011617 -0.071986 0.734566 0.674608
1716803627.673834 -3.039612 6.213749 0.340323 -0.005598 -0.064987 0.730207 0.680106
1716803627.765539 -2.965860 6.224903 0.335324 -0.012362 -0.066133 0.730706 0.679369
1716803627.874454 -2.874835 6.232468 0.345759 -0.018448 -0.075449 0.732856 0.675936
1716803627.974286 -2.796264 6.247626 0.358204 -0.024427 -0.072381 0.737154 0.671392
1716803628.069298 -2.720322 6.258436 0.356869 -0.019407 -0.063142 0.740525 0.668774
1716803628.165819 -2.639732 6.259495 0.363060 -0.027099 -0.061224 0.740512 0.668699
1716803628.240689 -2.574130 6.264992 0.368046 -0.026600 -0.056059 0.740626 0.669046
1716803628.373741 -2.460590 6.268283 0.372510 -0.029001 -0.059519 0.738062 0.671477
1716803628.427851 -2.410160 6.280489 0.367383 -0.032909 -0.064359 0.737593 0.671365
1716803628.565226 -2.298076 6.301276 0.365382 -0.026858 -0.070143 0.732118 0.677024
1716803628.674640 -2.212770 6.311141 0.373211 -0.017060 -0.062905 0.727948 0.682528
1716803628.776258 -2.130973 6.319056 0.372117 -0.006966 -0.062470 0.726531 0.684252
1716803628.874820 -2.050021 6.319531 0.362665 -0.006412 -0.062019 0.722438 0.688618
1716803628.974850 -1.961110 6.318728 0.374986 -0.008544 -0.068109 0.727716 0.682435
1716803629.066804 -1.888478 6.329396 0.386304 -0.017007 -0.073182 0.730662 0.678593
1716803629.175235 -1.804526 6.348731 0.390928 -0.025364 -0.072661 0.737525 0.670920
1716803629.180820 -1.822490 6.354019 0.378587 -0.023112 -0.073501 0.732753 0.676119
1716803629.284998 -1.726906 6.364313 0.394261 -0.027770 -0.061866 0.741226 0.667821
1716803629.455050 -1.558777 6.370241 0.404575 -0.029957 -0.060688 0.744579 0.664094
1716803629.573680 -1.430920 6.371841 0.391534 -0.032121 -0.064358 0.744236 0.664033
1716803629.664872 -1.339387 6.380770 0.392099 -0.030557 -0.065813 0.741471 0.667050
1716803629.683381 -1.327711 6.387780 0.395600 -0.037788 -0.080535 0.743649 0.662625
1716803629.803376 -1.222373 6.381291 0.400605 -0.021167 -0.065335 0.737167 0.672211
1716803629.974257 -1.056576 6.389446 0.403577 -0.007350 -0.064542 0.733944 0.676096
1716803630.074019 -0.970642 6.390136 0.410643 -0.008113 -0.062051 0.733428 0.676881
1716803630.090767 -0.967994 6.390287 0.421383 -0.005270 -0.060224 0.732936 0.677607
1716803630.248648 -0.825427 6.370956 0.430358 -0.019382 -0.062584 0.741679 0.667548
1716803630.351618 -0.734987 6.372476 0.439410 -0.024451 -0.056654 0.749824 0.658754
1716803630.472564 -0.646606 6.372394 0.445424 -0.025687 -0.053831 0.755518 0.652408
1716803630.572627 -0.554365 6.375514 0.449406 -0.029583 -0.052976 0.761304 0.645550
1716803630.672862 -0.466504 6.389698 0.435321 -0.027926 -0.049967 0.763438 0.643340
1716803630.772982 -0.379157 6.399438 0.433345 -0.029932 -0.049785 0.763193 0.643554
1716803630.865343 -0.306741 6.406684 0.434600 -0.035023 -0.053346 0.759728 0.647102
1716803630.973530 -0.204381 6.420396 0.426677 -0.038033 -0.068012 0.755535 0.650457
1716803631.072619 -0.118566 6.421404 0.418598 -0.026616 -0.064351 0.749853 0.657929
1716803631.097111 -0.093976 6.416982 0.418031 -0.029924 -0.068447 0.747927 0.659564
1716803631.263270 0.037669 6.414095 0.413396 -0.016344 -0.068741 0.746372 0.661767
1716803631.280998 0.043127 6.413784 0.427899 -0.007074 -0.070369 0.746700 0.661390
1716803631.472777 0.195332 6.403812 0.434644 -0.031611 -0.079177 0.752114 0.653495
1716803631.481410 0.203785 6.402627 0.431582 -0.033269 -0.080507 0.751412 0.654057
1716803631.668511 0.365366 6.394987 0.438614 -0.035646 -0.071831 0.762079 0.642500
1716803631.772367 0.453021 6.393552 0.456131 -0.038289 -0.070968 0.765128 0.638809
1716803631.863693 0.518670 6.395604 0.461378 -0.031888 -0.065864 0.768361 0.635819
1716803631.881121 0.526843 6.398605 0.459815 -0.029877 -0.065265 0.769163 0.635009
1716803632.054615 0.670929 6.418868 0.466378 -0.033082 -0.071063 0.764762 0.639527
1716803632.173132 0.753287 6.435834 0.474355 -0.032810 -0.074381 0.758226 0.646904
1716803632.264866 0.807200 6.447908 0.478046 -0.031029 -0.074439 0.754216 0.651655
1716803632.374244 0.898196 6.450382 0.467179 -0.018449 -0.067874 0.750965 0.656586
1716803632.474191 0.973051 6.452417 0.463903 -0.017204 -0.067004 0.746088 0.662244
1716803632.574658 1.059360 6.455323 0.462852 -0.013297 -0.068717 0.744952 0.663436
1716803632.673759 1.133481 6.462652 0.464041 -0.013806 -0.069814 0.744278 0.664067
1716803632.777608 1.228193 6.467888 0.456114 -0.015837 -0.065455 0.747902 0.660384
1716803632.855357 1.282636 6.464053 0.468606 -0.025024 -0.074692 0.750292 0.656396
1716803632.973469 1.389366 6.464922 0.482637 -0.028952 -0.066547 0.754303 0.652503
1716803633.073788 1.476485 6.471119 0.480973 -0.027954 -0.062709 0.753104 0.654309
1716803633.174103 1.571278 6.477537 0.475215 -0.025601 -0.059788 0.753764 0.653918
1716803633.274221 1.661504 6.503654 0.470906 -0.028395 -0.061108 0.744590 0.664112
1716803633.374442 1.751784 6.526493 0.484523 -0.025442 -0.063892 0.738710 0.670506
1716803633.474515 1.840476 6.535040 0.490776 -0.029803 -0.069911 0.729575 0.679665
1716803633.483681 1.857738 6.544025 0.490862 -0.028050 -0.072762 0.727734 0.681412
1716803633.674457 2.030159 6.562409 0.495105 -0.017872 -0.066347 0.724821 0.685502
1716803633.773595 2.112195 6.561819 0.486259 -0.013315 -0.064087 0.726502 0.684040
1716803633.865469 2.184186 6.564715 0.481818 -0.013774 -0.062167 0.729939 0.680540
1716803633.973914 2.285197 6.577309 0.471711 -0.012554 -0.058807 0.736954 0.673262
1716803634.078301 2.350468 6.591396 0.484878 -0.022702 -0.065024 0.745731 0.662678
1716803634.144742 2.419362 6.605326 0.479975 -0.023098 -0.058087 0.751636 0.656610
1716803634.273073 2.532939 6.616926 0.489363 -0.025005 -0.056342 0.757251 0.650208
1716803634.373611 2.618828 6.625714 0.483002 -0.024814 -0.057550 0.760160 0.646706
1716803634.474606 2.713705 6.645954 0.475316 -0.029749 -0.061839 0.754704 0.652466
1716803634.565110 2.792179 6.663116 0.489211 -0.029987 -0.066214 0.750965 0.656329
1716803634.675062 2.879433 6.672934 0.514699 -0.025232 -0.064666 0.749451 0.658410
1716803634.774052 2.978538 6.684225 0.509871 -0.020306 -0.068348 0.749231 0.658459
1716803634.865114 3.063205 6.699870 0.517962 -0.017319 -0.065864 0.746262 0.662160
1716803634.973070 3.161835 6.712084 0.508148 -0.020741 -0.066351 0.748855 0.659077
1716803635.074120 3.247947 6.727412 0.507278 -0.027271 -0.065493 0.748215 0.659652
1716803635.150412 3.330999 6.738432 0.497342 -0.030226 -0.058292 0.751913 0.655984
1716803635.272557 3.430847 6.740848 0.512475 -0.036047 -0.057953 0.755294 0.651823
1716803635.363783 3.498684 6.739913 0.528537 -0.033961 -0.055720 0.759751 0.646931
1716803635.473141 3.596397 6.752129 0.534918 -0.030476 -0.054617 0.759267 0.647766
1716803635.564679 3.662710 6.766895 0.513841 -0.028250 -0.053147 0.758504 0.648883
1716803635.672950 3.753850 6.772931 0.509391 -0.029964 -0.056424 0.751280 0.656884
1716803635.764202 3.852111 6.782263 0.501500 -0.030149 -0.062062 0.746430 0.661878
1716803635.871655 3.953908 6.785243 0.496368 -0.024763 -0.055949 0.738071 0.671943
1716803635.971356 4.046109 6.801855 0.498125 -0.025173 -0.059302 0.736658 0.673190
1716803636.063936 4.101668 6.805571 0.520978 -0.019672 -0.054549 0.735082 0.675493
1716803636.171381 4.187849 6.804089 0.523598 -0.022333 -0.054959 0.736589 0.673734
1716803636.273042 4.280830 6.809152 0.527654 -0.025422 -0.062164 0.738821 0.670547
1716803636.362283 4.361912 6.807592 0.568060 -0.025789 -0.060128 0.743788 0.665206
1716803636.471650 4.421738 6.813562 0.574976 -0.023981 -0.058172 0.748198 0.660485
1716803636.572562 4.515000 6.826047 0.569401 -0.019594 -0.056907 0.750635 0.657970
1716803636.672434 4.600348 6.836878 0.559813 -0.020760 -0.055730 0.749308 0.659545
1716803636.763894 4.692093 6.839841 0.576897 -0.023286 -0.056987 0.746426 0.662615
1716803636.864241 4.797457 6.845704 0.601554 -0.026569 -0.062429 0.742133 0.666809
1716803636.963395 4.899535 6.856822 0.599907 -0.034276 -0.072976 0.736050 0.672109
1716803637.072118 5.003829 6.882182 0.615322 -0.026002 -0.071863 0.731420 0.677631
1716803637.163558 5.070575 6.889617 0.599307 -0.027495 -0.073763 0.726468 0.682677
1716803637.264414 5.139867 6.900257 0.564263 -0.021665 -0.070305 0.724906 0.684908
1716803637.365424 5.235807 6.891706 0.572559 -0.026408 -0.070618 0.723364 0.686338
1716803637.465287 5.307170 6.896826 0.573279 -0.035353 -0.073532 0.729656 0.678930
1716803637.546880 5.351918 6.888549 0.582470 -0.045632 -0.075245 0.735051 0.672277
1716803637.646275 5.433446 6.872082 0.607624 -0.047548 -0.070606 0.739909 0.667299
1716803637.774062 5.546798 6.865472 0.596844 -0.044386 -0.070957 0.738950 0.668541
1716803637.865577 5.643822 6.854067 0.578693 -0.036552 -0.063559 0.737589 0.671257
1716803637.974597 5.734982 6.848954 0.591814 -0.039641 -0.066037 0.735898 0.672698
1716803638.074726 5.842104 6.847893 0.572983 -0.041567 -0.063493 0.732902 0.676089
1716803638.164565 5.931347 6.845904 0.576925 -0.049858 -0.068358 0.728325 0.679988
1716803638.273295 6.023439 6.835711 0.580719 -0.041730 -0.065429 0.729582 0.679476
1716803638.373263 6.112496 6.823351 0.588905 -0.041806 -0.064795 0.726578 0.682743
1716803638.473526 6.194680 6.830006 0.585262 -0.032537 -0.065409 0.729167 0.680426
1716803638.573892 6.279158 6.822109 0.566708 -0.033395 -0.068630 0.733024 0.675907
1716803638.673988 6.341815 6.807427 0.567241 -0.037374 -0.062503 0.739493 0.669214
1716803638.683203 6.357430 6.804613 0.579987 -0.045123 -0.074657 0.740390 0.666493
1716803638.783344 6.438893 6.798892 0.578845 -0.047957 -0.065648 0.755327 0.650286
1716803638.883275 6.519740 6.804493 0.599881 -0.049598 -0.073760 0.761520 0.642017
1716803639.064999 6.666023 6.820435 0.587667 -0.041732 -0.061288 0.766276 0.638219
1716803639.174229 6.739170 6.836343 0.567906 -0.045983 -0.063113 0.761788 0.643102
1716803639.265466 6.812446 6.847299 0.574540 -0.041081 -0.061697 0.761688 0.643691
1716803639.365471 6.911126 6.850433 0.572847 -0.045497 -0.065948 0.748174 0.658647
1716803639.464400 7.015144 6.855179 0.557547 -0.033069 -0.057643 0.744852 0.663912
1716803639.573127 7.102119 6.852627 0.573487 -0.029659 -0.053889 0.741258 0.668395
1716803639.664096 7.180262 6.859935 0.565110 -0.022283 -0.050137 0.739309 0.671127
1716803639.773606 7.272425 6.866016 0.552457 -0.023221 -0.054817 0.740481 0.669435
1716803639.864932 7.355846 6.871933 0.553739 -0.029346 -0.062232 0.743414 0.665283
1716803639.973851 7.490052 6.876943 0.567218 -0.037184 -0.068241 0.750912 0.655813
1716803640.073713 7.589611 6.887833 0.582772 -0.031896 -0.062351 0.759387 0.646858
1716803640.164769 7.677163 6.901635 0.588561 -0.033104 -0.062907 0.765146 0.639921
1716803640.272499 7.770566 6.923316 0.595235 -0.031993 -0.059304 0.767307 0.637730
1716803640.376922 7.844443 6.936942 0.593777 -0.032685 -0.062751 0.762118 0.643561
1716803640.463113 7.901175 6.955605 0.599837 -0.031008 -0.065935 0.757696 0.648527
1716803640.572212 7.982349 6.986992 0.614817 -0.032333 -0.070934 0.748249 0.658822
1716803640.672415 8.055690 7.016353 0.608833 -0.025883 -0.070757 0.737254 0.671402
1716803640.763909 8.129195 7.024758 0.621246 -0.021915 -0.069632 0.732197 0.677169
1716803640.872851 8.213329 7.036196 0.612919 -0.016065 -0.065493 0.727075 0.683238
1716803640.972562 8.305777 7.048283 0.616684 -0.017426 -0.066309 0.729777 0.680239
1716803641.064052 8.383439 7.050812 0.622293 -0.022328 -0.068206 0.731205 0.678372
1716803641.171591 8.489664 7.066631 0.625417 -0.028619 -0.072456 0.738418 0.669828
1716803641.262934 8.573570 7.067582 0.618120 -0.027613 -0.065344 0.743570 0.664885
1716803641.349246 8.636582 7.074175 0.613280 -0.028244 -0.062566 0.746467 0.661872
1716803641.462433 8.724751 7.079486 0.608169 -0.024256 -0.054091 0.746004 0.663298
1716803641.571351 8.823062 7.093111 0.602755 -0.027493 -0.060389 0.740693 0.668559
1716803641.662955 8.883747 7.108283 0.603295 -0.026438 -0.064337 0.736975 0.672332
1716803641.772457 8.973495 7.116161 0.596863 -0.030710 -0.068358 0.727903 0.681573
1716803641.864448 9.043198 7.122743 0.607699 -0.021371 -0.061847 0.720646 0.690209
1716803641.973417 9.144094 7.143074 0.607208 -0.019934 -0.065469 0.719302 0.691318
1716803642.072987 9.217014 7.142657 0.613592 -0.014559 -0.058566 0.714518 0.697009
1716803642.164302 9.277830 7.156273 0.618953 -0.010924 -0.059194 0.717120 0.694346
1716803642.272141 9.369276 7.156962 0.617001 -0.023488 -0.066644 0.719163 0.691239
1716803642.372088 9.455663 7.152867 0.633107 -0.031266 -0.072375 0.726671 0.682447
1716803642.463308 9.537148 7.154117 0.628236 -0.033181 -0.074938 0.734540 0.673598
1716803642.572908 9.640340 7.166483 0.643781 -0.042801 -0.072489 0.739608 0.667752
1716803642.673327 9.732841 7.172737 0.645294 -0.040627 -0.064062 0.743654 0.664247
1716803642.773694 9.826588 7.168004 0.633324 -0.042877 -0.062337 0.742253 0.665835
1716803642.865246 9.903852 7.166838 0.624863 -0.038811 -0.060491 0.740264 0.668464
1716803642.973877 10.007670 7.175937 0.623558 -0.036750 -0.066643 0.734045 0.674823
1716803643.065046 10.062065 7.185664 0.638021 -0.030590 -0.063815 0.726675 0.683327
1716803643.164376 10.148588 7.207361 0.642524 -0.025051 -0.069554 0.721208 0.688763
1716803643.273763 10.225034 7.215962 0.648405 -0.023428 -0.064448 0.717965 0.692693
1716803643.373850 10.307704 7.227279 0.638609 -0.022875 -0.063862 0.723154 0.687348
1716803643.391633 10.321256 7.240552 0.640977 -0.021779 -0.066197 0.721569 0.688827
1716803643.545592 10.442542 7.252774 0.635481 -0.024216 -0.075613 0.724701 0.684474
1716803643.674747 10.557234 7.257364 0.657296 -0.031766 -0.068251 0.738728 0.669787
1716803643.765342 10.650972 7.263711 0.669627 -0.036696 -0.067717 0.746500 0.660913
1716803643.792847 10.678200 7.258132 0.672390 -0.039567 -0.060064 0.749912 0.657616
1716803643.883317 10.743935 7.259689 0.666129 -0.038057 -0.056317 0.753503 0.653921
1716803644.065290 10.881394 7.275771 0.653914 -0.034192 -0.069213 0.747373 0.659904
1716803644.174150 10.963805 7.286445 0.660615 -0.032932 -0.071328 0.743132 0.664517
1716803644.273818 11.019235 7.301468 0.673608 -0.032006 -0.074842 0.735475 0.672645
1716803644.364834 11.085429 7.322254 0.677851 -0.032048 -0.075805 0.736639 0.671260
1716803644.464225 11.132169 7.332434 0.671980 -0.022681 -0.070299 0.737676 0.671102
1716803644.482773 11.136396 7.329004 0.679538 -0.017181 -0.064625 0.741165 0.667984
1716803644.672839 11.229505 7.353593 0.684727 -0.029626 -0.075884 0.769443 0.633499
1716803644.763799 11.322161 7.406274 0.675672 -0.028569 -0.080681 0.788629 0.608883
1716803644.864464 11.422700 7.434248 0.664221 -0.037000 -0.081657 0.810709 0.578545
1716803644.973348 11.530187 7.465554 0.681490 -0.039815 -0.076788 0.832913 0.546603
1716803645.064929 11.601035 7.486929 0.685267 -0.043414 -0.073498 0.848462 0.522327
1716803645.081870 11.617954 7.487478 0.687897 -0.051062 -0.073471 0.851589 0.516518
1716803645.255825 11.748984 7.535157 0.689895 -0.039620 -0.076039 0.866623 0.491541
1716803645.363231 11.803589 7.578205 0.704859 -0.036375 -0.081454 0.873911 0.477830
1716803645.471917 11.843382 7.619215 0.713095 -0.029859 -0.082454 0.876229 0.473848
1716803645.572034 11.879638 7.643476 0.723596 -0.019215 -0.081984 0.880709 0.466113
1716803645.663571 11.908739 7.672024 0.733506 -0.017578 -0.079672 0.886550 0.455382
1716803645.772693 11.956692 7.726867 0.744657 -0.017148 -0.082389 0.893131 0.441854
1716803645.864313 11.999188 7.767912 0.740666 -0.019056 -0.082353 0.902114 0.423138
1716803645.972218 12.061951 7.826961 0.739479 -0.027805 -0.086327 0.912707 0.398422
1716803646.063500 12.111282 7.876408 0.739024 -0.033451 -0.089823 0.923784 0.370723
1716803646.166615 12.143875 7.942473 0.745909 -0.041610 -0.087997 0.937196 0.334947
1716803646.248397 12.184468 7.980485 0.746357 -0.048137 -0.097099 0.945812 0.306096
1716803646.370997 12.230618 8.028473 0.750436 -0.039760 -0.094046 0.959540 0.262408
1716803646.471120 12.270928 8.085417 0.760388 -0.038063 -0.096907 0.966009 0.236615
1716803646.571165 12.308936 8.142704 0.764451 -0.035800 -0.100302 0.969946 0.218775
1716803646.671451 12.332497 8.198683 0.784249 -0.032104 -0.097104 0.974134 0.201502
1716803646.764340 12.341550 8.254997 0.797614 -0.031590 -0.104253 0.975794 0.189631
1716803646.864305 12.349929 8.326432 0.808590 -0.029813 -0.105570 0.978421 0.175097
1716803646.972896 12.357328 8.387637 0.809030 -0.024122 -0.098615 0.983016 0.152881
1716803647.073262 12.346393 8.450319 0.804760 -0.019796 -0.093362 0.987156 0.128122
1716803647.167621 12.351176 8.511058 0.801561 -0.019610 -0.090785 0.990224 0.104066
1716803647.243870 12.353824 8.557365 0.806658 -0.018665 -0.092138 0.991933 0.085032
1716803647.372641 12.394148 8.652268 0.821579 -0.024488 -0.098837 0.993751 0.045713
1716803647.472108 12.417029 8.729080 0.823123 -0.025429 -0.100552 0.994404 0.020097
1716803647.563441 12.430192 8.799238 0.840821 -0.026015 -0.104219 0.994213 -0.001057
1716803647.673230 12.433070 8.870200 0.841016 -0.028421 -0.102452 0.994115 -0.020744
1716803647.773663 12.420313 8.927472 0.838650 -0.026882 -0.102499 0.993767 -0.034618
1716803647.782814 12.417911 8.930733 0.836273 -0.024811 -0.098491 0.993910 -0.042738
1716803647.956294 12.395851 9.036032 0.826443 -0.015111 -0.114235 0.991914 -0.053186
1716803648.073536 12.369895 9.095757 0.837210 -0.009890 -0.116267 0.990781 -0.068828
1716803648.173183 12.351419 9.134929 0.823802 -0.004631 -0.115544 0.989049 -0.091702
1716803648.264227 12.320381 9.147555 0.832806 -0.005333 -0.109531 0.985966 -0.125877
1716803648.372852 12.305477 9.209441 0.833539 -0.001467 -0.102120 0.980652 -0.167007
1716803648.464077 12.289574 9.264502 0.841100 -0.002755 -0.102352 0.974218 -0.201039
1716803648.573526 12.272749 9.329066 0.846930 -0.004714 -0.100620 0.964254 -0.245087
1716803648.666594 12.250155 9.377620 0.849512 -0.006672 -0.105161 0.952852 -0.284552
1716803648.711163 12.255170 9.402389 0.861680 -0.011203 -0.103453 0.945711 -0.307901
1716803648.794832 12.225461 9.427025 0.857730 -0.016671 -0.108363 0.932306 -0.344653
1716803648.889071 12.204010 9.448044 0.861849 -0.019141 -0.097209 0.916515 -0.387535
1716803649.073875 12.131466 9.484597 0.859351 -0.020450 -0.080763 0.888671 -0.450913
1716803649.174473 12.094123 9.495732 0.847083 -0.015392 -0.078805 0.874300 -0.478699
1716803649.182551 12.095111 9.495665 0.852098 -0.018890 -0.070658 0.873869 -0.480629
1716803649.347015 12.018479 9.486499 0.857972 -0.013386 -0.077277 0.852272 -0.517186
1716803649.382164 11.998241 9.496495 0.860087 -0.013355 -0.078241 0.847168 -0.525364
1716803649.572700 11.892477 9.513916 0.865197 -0.010609 -0.072622 0.818816 -0.569345
1716803649.663853 11.822720 9.521799 0.861281 -0.009526 -0.071034 0.804850 -0.589135
1716803649.773280 11.763982 9.546999 0.854683 -0.011994 -0.065906 0.784367 -0.616670
1716803649.873449 11.685719 9.571712 0.860108 -0.012935 -0.066280 0.765283 -0.640141
1716803649.973482 11.619435 9.596300 0.854299 -0.012984 -0.070064 0.743366 -0.665079
1716803650.073488 11.533762 9.604193 0.864446 -0.013494 -0.079332 0.717216 -0.692189
1716803650.164635 11.466617 9.598936 0.866058 -0.017984 -0.069699 0.698100 -0.712373
1716803650.206619 11.438507 9.595511 0.850407 -0.019325 -0.076834 0.687324 -0.722017
1716803650.364362 11.352366 9.592229 0.838394 -0.020916 -0.072610 0.675175 -0.733777
1716803650.437867 11.303615 9.599825 0.838843 -0.018474 -0.076814 0.669557 -0.738547
1716803650.571674 11.224398 9.591866 0.841188 -0.011328 -0.078634 0.677054 -0.731633
1716803650.662966 11.166472 9.588217 0.855582 -0.006007 -0.081493 0.683697 -0.725177
1716803650.772331 11.097870 9.590047 0.857021 -0.003861 -0.080348 0.698884 -0.710697
1716803650.872401 11.021843 9.594359 0.854898 0.003243 -0.080266 0.705756 -0.703886
1716803650.964517 10.957657 9.617040 0.849267 0.003139 -0.077349 0.718899 -0.690791
1716803650.981324 10.935997 9.620800 0.850322 0.002205 -0.074136 0.722981 -0.686875
1716803651.171822 10.807286 9.669189 0.852572 0.006704 -0.084297 0.745970 -0.660589
1716803651.270994 10.744189 9.703919 0.848676 0.010593 -0.092908 0.757755 -0.645805
1716803651.362466 10.673431 9.723264 0.851760 0.005266 -0.085095 0.773282 -0.628304
1716803651.470824 10.593364 9.749256 0.852668 0.006743 -0.092756 0.794432 -0.600191
1716803651.479726 10.595358 9.727295 0.836947 0.006490 -0.085935 0.794059 -0.601701
1716803651.653368 10.490902 9.747832 0.823614 0.008462 -0.096349 0.841868 -0.530946
1716803651.771853 10.480506 9.747279 0.831068 0.009728 -0.094831 0.874897 -0.474835
1716803651.872284 10.454510 9.751400 0.814386 0.017672 -0.101731 0.899540 -0.424460
1716803651.964252 10.438723 9.798627 0.827135 0.021696 -0.094251 0.921739 -0.375558
1716803652.072994 10.358430 9.841741 0.831549 0.020996 -0.094470 0.937166 -0.335193
1716803652.172763 10.282894 9.896652 0.864414 0.019813 -0.092159 0.948168 -0.303466
1716803652.263942 10.230718 9.944213 0.874864 0.016447 -0.097622 0.951112 -0.292548
1716803652.371844 10.166533 10.020070 0.877703 0.015017 -0.107149 0.949944 -0.293088
1716803652.380840 10.154478 10.035507 0.879273 0.014034 -0.101323 0.951863 -0.288954
1716803652.545109 10.068099 10.155171 0.878910 0.008660 -0.117527 0.943250 -0.310471
1716803652.673131 10.014899 10.253652 0.864379 0.005335 -0.112272 0.941239 -0.318490
1716803652.773478 9.986421 10.313052 0.835828 0.003497 -0.107802 0.937392 -0.331153
1716803652.873630 9.961999 10.377719 0.842888 0.001694 -0.102852 0.934571 -0.340581
1716803652.977337 9.912347 10.433348 0.851839 0.006280 -0.101341 0.930460 -0.352042
1716803653.066970 9.858521 10.482596 0.871816 0.009072 -0.101136 0.926647 -0.361958
1716803653.164912 9.811742 10.539179 0.874277 0.009137 -0.098450 0.923312 -0.371105
1716803653.255181 9.769437 10.585480 0.862637 0.011846 -0.102248 0.919693 -0.378906
1716803653.282890 9.748294 10.607795 0.871403 0.012238 -0.107956 0.917931 -0.381572
1716803653.463925 9.635038 10.712707 0.881119 0.014718 -0.096386 0.905374 -0.413268
1716803653.491697 9.624245 10.709517 0.886425 0.012482 -0.089188 0.904859 -0.416076
1716803653.645297 9.544267 10.798249 0.891672 0.014855 -0.088943 0.891774 -0.443404
1716803653.691813 9.526702 10.801467 0.962433 0.013691 -0.082794 0.887181 -0.453726
1716803653.784984 9.416919 10.810479 0.977184 0.008902 -0.085547 0.877049 -0.472640
1716803653.973870 9.287622 10.870341 0.964812 0.002921 -0.091842 0.853491 -0.512942
1716803654.064954 9.246778 10.902838 0.940618 0.003398 -0.091823 0.847042 -0.523523
1716803654.174575 9.197790 10.895404 0.903350 0.006355 -0.086421 0.838528 -0.537923
1716803654.278650 9.164251 10.903082 0.888108 0.012094 -0.085193 0.836079 -0.541819
1716803654.364025 9.121551 10.916680 0.880200 0.009217 -0.076586 0.835113 -0.544643
1716803654.463898 9.074174 10.944578 0.866320 0.014040 -0.081440 0.833519 -0.546275
1716803654.483043 9.057152 10.951895 0.872718 0.011335 -0.078173 0.831442 -0.549968
1716803654.664033 8.942590 10.978299 0.884167 0.010147 -0.072146 0.826134 -0.558744
1716803654.764726 8.891160 11.002981 0.885270 0.008482 -0.064275 0.823991 -0.562882
1716803654.783094 8.876799 11.011215 0.917590 0.007382 -0.061449 0.824980 -0.561763
1716803654.973422 8.755711 11.053144 0.951397 0.010623 -0.073643 0.808548 -0.583708
1716803655.064568 8.675609 11.087646 0.939168 0.013397 -0.077515 0.798324 -0.597069
1716803655.164278 8.616841 11.117185 0.901192 0.011718 -0.079295 0.793931 -0.602701
1716803655.181010 8.614533 11.107431 0.905770 0.015058 -0.083233 0.792326 -0.604206
1716803655.362951 8.477210 11.154165 0.875147 0.007420 -0.070344 0.781750 -0.619568
1716803655.462890 8.403278 11.159861 0.862899 0.007064 -0.070071 0.779054 -0.622989
1716803655.481985 8.367272 11.171922 0.857775 0.006073 -0.065870 0.771950 -0.632232
1716803655.654754 8.231968 11.173383 0.875510 0.010833 -0.070714 0.782535 -0.618483
1716803655.774416 8.180250 11.177148 0.908735 0.013414 -0.074782 0.793415 -0.603921
1716803655.873022 8.081829 11.201579 0.896292 0.017523 -0.072159 0.790421 -0.608046
1716803655.972057 8.018797 11.189969 0.916687 0.012483 -0.071366 0.793645 -0.604052
1716803656.071602 7.942449 11.206622 0.938262 0.011661 -0.068441 0.789055 -0.610387
1716803656.164220 7.890080 11.209896 0.955881 0.011007 -0.070561 0.783984 -0.616660
1716803656.255954 7.825813 11.226737 0.966067 0.008256 -0.074331 0.775047 -0.627462
1716803656.362283 7.755835 11.278975 0.960829 0.012558 -0.092091 0.759770 -0.643514
1716803656.471396 7.685394 11.293468 0.964842 0.003643 -0.087904 0.747808 -0.658060
1716803656.562492 7.604601 11.317595 0.939691 0.003416 -0.088963 0.735428 -0.671729
1716803656.672294 7.486152 11.355500 0.922849 -0.002161 -0.079665 0.721992 -0.687296
1716803656.772660 7.412624 11.377874 0.902219 -0.002277 -0.077581 0.723442 -0.686008
1716803656.872618 7.316934 11.394561 0.879901 0.001029 -0.076290 0.723983 -0.685586
1716803656.964390 7.240507 11.405471 0.904546 0.007971 -0.083864 0.727936 -0.680450
1716803657.074994 7.151453 11.414579 0.906365 -0.000201 -0.073692 0.733492 -0.675691
1716803657.163841 7.088919 11.407875 0.912854 0.004274 -0.072936 0.739107 -0.669614
1716803657.263710 7.003261 11.409081 0.911412 0.000737 -0.068898 0.740242 -0.668800
1716803657.338311 6.939098 11.414756 0.912099 0.001861 -0.066384 0.739417 -0.669964
1716803657.419747 6.877042 11.415299 0.946207 0.001232 -0.060476 0.737529 -0.672600
1716803657.564277 6.738348 11.431975 0.985513 -0.001969 -0.072222 0.727590 -0.682198
1716803657.674023 6.624947 11.455379 0.960956 -0.005704 -0.072411 0.720507 -0.689633
1716803657.774267 6.538537 11.482289 0.934767 -0.004410 -0.072817 0.717019 -0.693226
1716803657.865199 6.460071 11.496592 0.906351 -0.003363 -0.066501 0.715622 -0.695307
1716803657.973860 6.368465 11.497578 0.891208 0.001232 -0.068069 0.719243 -0.691415
1716803658.075886 6.269521 11.525319 0.880551 0.002314 -0.061831 0.724437 -0.686558
1716803658.173324 6.184170 11.536277 0.888105 0.014806 -0.071694 0.729008 -0.680580
1716803658.264211 6.122543 11.542559 0.880763 0.009679 -0.061174 0.735814 -0.674346
1716803658.364578 6.051326 11.530533 0.884811 0.011384 -0.062269 0.740000 -0.669621
1716803658.474046 5.982898 11.526419 0.876500 0.009788 -0.055077 0.739938 -0.670345
1716803658.565403 5.902709 11.513313 0.880942 0.007902 -0.055277 0.734151 -0.676686
1716803658.676992 5.811709 11.497841 0.891391 0.009390 -0.061054 0.726332 -0.684563
1716803658.774599 5.729001 11.498869 0.899677 0.010904 -0.069983 0.718611 -0.691796
1716803658.874524 5.663157 11.515965 0.898626 0.003477 -0.067285 0.711479 -0.699469
1716803658.974155 5.593620 11.521173 0.903433 0.002691 -0.068756 0.708891 -0.701953
1716803659.068120 5.540252 11.541873 0.905522 -0.000493 -0.065248 0.708857 -0.702327
1716803659.167323 5.469840 11.549058 0.910905 0.001914 -0.070025 0.714134 -0.696495
1716803659.273376 5.399587 11.549364 0.916184 0.003562 -0.071305 0.723334 -0.686797
1716803659.364192 5.319155 11.546767 0.917873 0.006799 -0.074008 0.728609 -0.680885
1716803659.473554 5.245923 11.531162 0.920943 0.001986 -0.066621 0.735938 -0.673761
1716803659.564916 5.179962 11.527685 0.926988 0.001953 -0.063683 0.738170 -0.671600
1716803659.674289 5.104530 11.535258 0.906211 -0.000350 -0.054669 0.739665 -0.670751
1716803659.774128 5.014503 11.539711 0.880021 0.004876 -0.051210 0.735723 -0.675326
1716803659.865833 4.927462 11.530356 0.855119 0.011704 -0.055225 0.733826 -0.676988
1716803659.891078 4.895202 11.529642 0.871720 0.011943 -0.057192 0.733817 -0.676830
1716803660.056070 4.735239 11.526296 0.875873 0.016761 -0.060266 0.723626 -0.687352
1716803660.172801 4.618518 11.536897 0.861157 0.007405 -0.060186 0.719173 -0.692180
1716803660.279713 4.533526 11.543911 0.866534 0.006053 -0.061223 0.718722 -0.692570
1716803660.372233 4.463130 11.551814 0.864224 0.006191 -0.061002 0.718391 -0.692932
1716803660.463079 4.379588 11.557388 0.850738 0.011031 -0.062839 0.725601 -0.685152
1716803660.572929 4.288346 11.557194 0.846716 0.012408 -0.058908 0.732232 -0.678390
1716803660.672971 4.207486 11.560515 0.839467 0.017024 -0.064506 0.734543 -0.675274
1716803660.764315 4.124441 11.570471 0.865102 0.018808 -0.062620 0.738337 -0.671255
1716803660.872907 4.030095 11.579263 0.883395 0.016852 -0.060787 0.740682 -0.668889
1716803660.972487 3.952955 11.590289 0.875098 0.009833 -0.053285 0.739847 -0.670590
1716803661.063663 3.869038 11.586589 0.868583 0.011400 -0.050684 0.737177 -0.673700
1716803661.172800 3.773848 11.592891 0.877613 0.011893 -0.058186 0.729538 -0.681356
1716803661.247263 3.705575 11.590828 0.876848 0.011981 -0.060016 0.723370 -0.687743
1716803661.371265 3.595996 11.603222 0.898756 0.000659 -0.052577 0.713577 -0.698601
1716803661.471432 3.509069 11.603253 0.906588 0.000949 -0.056722 0.707252 -0.704682
1716803661.562885 3.453802 11.607936 0.893612 -0.003725 -0.052752 0.703440 -0.708784
1716803661.672356 3.387033 11.614452 0.875127 -0.003096 -0.057353 0.705090 -0.706788
1716803661.772651 3.318115 11.612923 0.885790 0.000560 -0.055104 0.707930 -0.704129
1716803661.864591 3.243997 11.625132 0.884129 0.008477 -0.063844 0.711284 -0.699948
1716803661.973219 3.162430 11.629935 0.880228 0.004341 -0.056092 0.718622 -0.693121
1716803662.073870 3.069202 11.645174 0.860930 0.007494 -0.054720 0.723817 -0.687778
1716803662.167671 2.996483 11.653297 0.852899 0.007390 -0.052077 0.726928 -0.684697
1716803662.242258 2.925130 11.668194 0.853717 0.006680 -0.050351 0.725401 -0.686450
1716803662.372181 2.799721 11.682433 0.853454 0.008352 -0.066719 0.715134 -0.695746
1716803662.463570 2.704049 11.687972 0.878738 0.004535 -0.072366 0.706422 -0.704067
1716803662.573159 2.596023 11.682855 0.879970 -0.006184 -0.071344 0.700162 -0.710383
1716803662.673584 2.516011 11.698399 0.888996 -0.011891 -0.075607 0.696304 -0.713654
1716803662.765264 2.448719 11.696693 0.869135 -0.018627 -0.066619 0.693326 -0.717296
1716803662.874199 2.357270 11.705391 0.861712 -0.023243 -0.061819 0.695118 -0.715855
1716803662.975769 2.269231 11.712751 0.874405 -0.024122 -0.057044 0.697843 -0.713568
1716803663.074744 2.198166 11.702912 0.884482 -0.016058 -0.059448 0.704486 -0.707042
1716803663.082617 2.206040 11.701597 0.891364 -0.025721 -0.040742 0.699869 -0.712644
1716803663.273756 2.040259 11.711910 0.889802 -0.014294 -0.050575 0.709495 -0.702748
1716803663.282705 2.026935 11.706778 0.890213 -0.018105 -0.044883 0.710794 -0.701733
1716803663.382842 1.940848 11.709602 0.883318 -0.013999 -0.047369 0.714407 -0.697985
1716803663.491517 1.846042 11.698623 0.867886 -0.010085 -0.050199 0.708433 -0.703918
1716803663.582498 1.757500 11.687922 0.863723 -0.010610 -0.058056 0.703648 -0.708093
1716803663.683022 1.664214 11.686161 0.877127 -0.014861 -0.052370 0.694687 -0.717250
1716803663.873380 1.531350 11.662802 0.861167 -0.015106 -0.051577 0.686323 -0.725309
1716803663.965210 1.454442 11.663877 0.863175 -0.023750 -0.045991 0.683057 -0.728528
1716803664.077783 1.374114 11.649223 0.865368 -0.020595 -0.043915 0.689371 -0.722783
1716803664.173377 1.306661 11.641700 0.873130 -0.012733 -0.044854 0.691640 -0.720736
1716803664.272666 1.239520 11.624598 0.882580 -0.006230 -0.046282 0.696169 -0.716358
1716803664.363689 1.166292 11.600128 0.884276 -0.009667 -0.038395 0.704574 -0.708526
1716803664.473273 1.073094 11.597274 0.906788 -0.009473 -0.036387 0.705670 -0.707542
1716803664.564919 0.998707 11.599614 0.894728 -0.011218 -0.031320 0.709534 -0.703885
1716803664.675015 0.907414 11.608172 0.868926 -0.009003 -0.031993 0.706578 -0.706854
1716803664.682056 0.906622 11.612227 0.858920 -0.011246 -0.024632 0.711776 -0.701884
1716803664.855820 0.738172 11.611457 0.860109 -0.004166 -0.045087 0.697734 -0.714924
1716803664.974563 0.627453 11.615711 0.856648 -0.013064 -0.049975 0.688499 -0.723396
1716803665.075813 0.523066 11.621896 0.847354 -0.016426 -0.048558 0.679169 -0.732190
1716803665.162851 0.444956 11.629003 0.856656 -0.024337 -0.045073 0.677134 -0.734075
1716803665.271918 0.352122 11.625483 0.841587 -0.020749 -0.047797 0.677053 -0.734087
1716803665.371530 0.283625 11.626434 0.841055 -0.018263 -0.049021 0.676296 -0.734770
1716803665.464345 0.205820 11.625325 0.851698 -0.016519 -0.050242 0.681579 -0.729831
1716803665.481872 0.197775 11.624733 0.852198 -0.020546 -0.043594 0.680341 -0.731309
1716803665.655552 0.051520 11.636566 0.861766 -0.018963 -0.041648 0.687284 -0.724946
1716803665.779208 -0.072789 11.640441 0.871316 -0.019231 -0.037406 0.689798 -0.722780
1716803665.862735 -0.147234 11.632498 0.866836 -0.017974 -0.033696 0.689250 -0.723516
1716803665.962579 -0.235443 11.632347 0.864775 -0.017661 -0.038478 0.684195 -0.728069
1716803666.037005 -0.301950 11.632613 0.882598 -0.015946 -0.047053 0.680508 -0.731054
1716803666.089570 -0.342814 11.629659 0.864515 -0.012471 -0.050540 0.675584 -0.735443
1716803666.253805 -0.490042 11.631233 0.883612 -0.011629 -0.058239 0.667113 -0.742585
1716803666.371867 -0.588487 11.623596 0.863697 -0.016270 -0.056274 0.663699 -0.745703
1716803666.472252 -0.660162 11.623646 0.853847 -0.015187 -0.056763 0.664341 -0.745116
1716803666.563807 -0.731226 11.612972 0.853621 -0.014422 -0.058097 0.664129 -0.745218
1716803666.672610 -0.829232 11.589867 0.861971 -0.006643 -0.061731 0.667957 -0.741606
1716803666.769536 -0.911334 11.565848 0.858366 -0.008834 -0.055645 0.670254 -0.739990
1716803666.853894 -0.993931 11.548086 0.858497 -0.008501 -0.054712 0.669663 -0.740599
1716803666.964049 -1.088108 11.525105 0.842579 -0.009255 -0.046536 0.670168 -0.740691
1716803666.982064 -1.106787 11.512792 0.837609 -0.011212 -0.042014 0.671550 -0.739682
1716803667.154378 -1.268266 11.477483 0.824482 -0.003686 -0.053547 0.657702 -0.751363
1716803667.274073 -1.403013 11.463013 0.852951 -0.008858 -0.055375 0.640097 -0.766245
1716803667.365904 -1.479947 11.448903 0.869532 -0.010385 -0.063651 0.636925 -0.768223
1716803667.383755 -1.472915 11.463113 0.871231 -0.003494 -0.060503 0.628028 -0.775827
1716803667.518228 -1.580292 11.449521 0.864076 -0.014007 -0.064283 0.627945 -0.775471
1716803667.617934 -1.668411 11.439270 0.848645 -0.020412 -0.057256 0.629775 -0.774396
1716803667.755905 -1.769326 11.415294 0.854327 -0.014283 -0.054160 0.639935 -0.766385
1716803667.873914 -1.866288 11.410994 0.848723 -0.005300 -0.057904 0.649876 -0.757812
1716803667.975488 -1.940544 11.395891 0.844748 -0.009361 -0.052452 0.654344 -0.754318
1716803668.057041 -2.007235 11.389358 0.848577 -0.006709 -0.051723 0.653172 -0.755411
1716803668.175149 -2.098331 11.382897 0.835908 -0.006127 -0.047385 0.653969 -0.755011
1716803668.247984 -2.164578 11.364902 0.829636 -0.005315 -0.044761 0.651244 -0.757528
1716803668.356786 -2.259921 11.354328 0.838585 -0.009679 -0.048341 0.642935 -0.764333
1716803668.456388 -2.345841 11.349871 0.838283 -0.009223 -0.051661 0.628822 -0.775776
1716803668.573990 -2.447015 11.327062 0.846229 -0.013670 -0.055887 0.612660 -0.788250
1716803668.665294 -2.525628 11.315724 0.859342 -0.019668 -0.060566 0.597126 -0.799616
1716803668.774338 -2.618629 11.273786 0.854831 -0.024286 -0.061976 0.581534 -0.810794
1716803668.874177 -2.699789 11.232495 0.824042 -0.022594 -0.060558 0.563874 -0.823327
1716803668.972766 -2.762680 11.179087 0.810136 -0.019561 -0.056642 0.551170 -0.832238
1716803669.075813 -2.851753 11.117152 0.797930 -0.013716 -0.052565 0.536636 -0.842063
1716803669.164702 -2.900121 11.076454 0.791342 -0.010170 -0.047226 0.521703 -0.851758
1716803669.274953 -2.968403 11.023327 0.789243 -0.014571 -0.039878 0.503433 -0.862991
1716803669.374176 -3.024002 10.991393 0.781732 -0.012008 -0.038686 0.489997 -0.870782
1716803669.474272 -3.087833 10.950921 0.759851 -0.013375 -0.033035 0.474798 -0.879373
1716803669.565159 -3.142050 10.918421 0.750453 -0.012275 -0.031841 0.461128 -0.886677
1716803669.665238 -3.207126 10.861555 0.736978 -0.007146 -0.035464 0.446968 -0.893818
1716803669.774961 -3.282379 10.801859 0.740997 -0.002509 -0.038780 0.429972 -0.902006
1716803669.874742 -3.338191 10.755338 0.743230 -0.002471 -0.039444 0.414714 -0.909093
1716803669.964696 -3.389378 10.687723 0.724741 -0.002827 -0.038599 0.393426 -0.918541
1716803670.070367 -3.440804 10.608785 0.717652 -0.008402 -0.033863 0.372146 -0.927518
1716803670.081833 -3.426563 10.599316 0.721015 -0.008518 -0.030297 0.363117 -0.931212
1716803670.243984 -3.485491 10.483685 0.703665 -0.011409 -0.025421 0.335763 -0.941534
1716803670.373628 -3.520376 10.401574 0.693671 -0.021337 -0.021559 0.322354 -0.946133
1716803670.473717 -3.566467 10.323552 0.689799 -0.017297 -0.022133 0.316930 -0.948033
1716803670.572936 -3.608533 10.244980 0.680627 -0.021512 -0.015073 0.306355 -0.951555
1716803670.672996 -3.664090 10.181240 0.665655 -0.020228 -0.016083 0.297635 -0.954330
1716803670.764585 -3.706820 10.120166 0.653926 -0.019242 -0.003548 0.286340 -0.957928
1716803670.873453 -3.761347 10.053174 0.647157 -0.015856 0.001830 0.273606 -0.961709
1716803670.972038 -3.792781 9.989793 0.638383 -0.018727 0.004947 0.274188 -0.961481
1716803671.063191 -3.829776 9.937326 0.648254 -0.016828 0.005698 0.269021 -0.962970
1716803671.171921 -3.878722 9.878064 0.647722 -0.018487 0.004200 0.272917 -0.961851
1716803671.262392 -3.924158 9.832543 0.645066 -0.017245 -0.002902 0.277196 -0.960654
1716803671.372214 -3.967098 9.760991 0.632716 -0.014580 -0.000927 0.289920 -0.956939
1716803671.471384 -4.012972 9.699293 0.617835 -0.014337 0.000046 0.285019 -0.958415
1716803671.562915 -4.060177 9.640524 0.604433 -0.009066 0.001235 0.286400 -0.958066
1716803671.673545 -4.106444 9.568559 0.603700 0.000227 0.000848 0.282995 -0.959121
1716803671.772602 -4.138637 9.495568 0.607103 0.001083 0.004551 0.279258 -0.960205
1716803671.864547 -4.180133 9.425285 0.599155 -0.000354 0.005090 0.268853 -0.963168
1716803671.977153 -4.231263 9.350551 0.590288 -0.009711 0.003815 0.250206 -0.968136
1716803672.064067 -4.248035 9.291703 0.569072 -0.013029 0.000644 0.234234 -0.972093
1716803672.172826 -4.295510 9.234678 0.560755 -0.012453 -0.007420 0.201631 -0.979354
1716803672.272796 -4.337768 9.158232 0.573892 -0.015266 -0.013766 0.166842 -0.985769
1716803672.372930 -4.378620 9.084447 0.567263 -0.012586 -0.014079 0.138056 -0.990244
1716803672.463455 -4.418932 9.002101 0.570173 -0.012289 -0.011815 0.113166 -0.993430
1716803672.483253 -4.427996 8.985248 0.568246 -0.014845 -0.009786 0.108267 -0.993963
1716803672.673131 -4.453788 8.824746 0.563962 -0.016224 -0.002514 0.082139 -0.996486
1716803672.764816 -4.448152 8.761852 0.547932 -0.016926 -0.003851 0.073030 -0.997179
1716803672.873958 -4.441412 8.676357 0.547548 -0.016421 0.000652 0.066324 -0.997663
1716803672.965158 -4.438930 8.602854 0.542662 -0.014438 0.001045 0.058302 -0.998194
1716803673.076447 -4.425371 8.526376 0.528428 -0.016498 0.013204 0.043324 -0.998838
1716803673.149039 -4.422017 8.466537 0.525301 -0.018175 0.013413 0.035377 -0.999119
1716803673.264987 -4.421637 8.368270 0.516339 -0.020942 0.013752 0.023187 -0.999417
1716803673.283663 -4.428866 8.345708 0.511761 -0.023108 0.017244 0.020209 -0.999380
1716803673.464310 -4.435471 8.184186 0.502784 -0.022409 0.020052 -0.007108 -0.999523
1716803673.574759 -4.440220 8.086333 0.520278 -0.024692 0.020094 -0.019708 -0.999299
1716803673.665207 -4.435388 8.026963 0.508580 -0.027134 0.020057 -0.027418 -0.999054
1716803673.684123 -4.435213 8.009630 0.504947 -0.035312 0.018852 -0.028840 -0.998782
1716803673.874101 -4.418980 7.852835 0.483912 -0.029472 0.021744 -0.030085 -0.998876
1716803673.883065 -4.421245 7.848456 0.491114 -0.028204 0.024830 -0.033557 -0.998730
1716803674.065300 -4.388689 7.700637 0.476701 -0.018554 0.023745 -0.023111 -0.999279
1716803674.174750 -4.375993 7.610782 0.470108 -0.025946 0.023464 -0.019856 -0.999191
1716803674.268157 -4.359065 7.538732 0.453799 -0.020386 0.027585 -0.015599 -0.999290
1716803674.364275 -4.358422 7.466046 0.444025 -0.024407 0.028375 -0.009869 -0.999251
1716803674.474091 -4.360021 7.364260 0.426806 -0.021429 0.028266 -0.014139 -0.999271
1716803674.573969 -4.358094 7.273386 0.411078 -0.017051 0.023352 -0.011138 -0.999520
1716803674.673224 -4.367327 7.173125 0.415008 -0.013823 0.016979 -0.018162 -0.999595
1716803674.764452 -4.365430 7.099061 0.417364 -0.014543 0.011335 -0.021411 -0.999601
1716803674.865960 -4.367844 7.017868 0.416766 -0.013273 0.005073 -0.026792 -0.999540
1716803674.974460 -4.374071 6.921404 0.407251 -0.011563 0.007896 -0.025561 -0.999575
1716803675.074083 -4.368338 6.835824 0.407907 -0.008791 0.008907 -0.023946 -0.999635
1716803675.165045 -4.360902 6.753282 0.406646 -0.010863 0.010612 -0.019833 -0.999688
1716803675.279511 -4.350919 6.658497 0.410682 0.000646 0.014553 -0.013273 -0.999806
1716803675.363210 -4.342376 6.584102 0.399875 -0.010214 0.021415 -0.011222 -0.999656
1716803675.473248 -4.337584 6.476730 0.376464 -0.005268 0.026957 -0.007035 -0.999598
1716803675.525460 -4.335343 6.421709 0.366372 -0.010604 0.027308 -0.010367 -0.999517
1716803675.617525 -4.327559 6.343682 0.355834 -0.011415 0.030520 -0.014139 -0.999369
1716803675.773552 -4.318822 6.207332 0.332727 -0.006976 0.019091 -0.025622 -0.999465
1716803675.864226 -4.313978 6.125238 0.330608 -0.000852 0.014936 -0.035633 -0.999253
1716803675.973962 -4.311250 6.021771 0.330994 -0.006994 0.009483 -0.047284 -0.998812
1716803676.072689 -4.306389 5.927276 0.317101 -0.003218 0.005738 -0.052887 -0.998579
1716803676.163067 -4.307315 5.854689 0.310206 -0.005861 0.003633 -0.055840 -0.998416
1716803676.270859 -4.303468 5.764685 0.291798 -0.002118 0.008503 -0.046785 -0.998867
1716803676.362277 -4.300855 5.697792 0.273849 -0.002481 0.007914 -0.036808 -0.999288
1716803676.471897 -4.305147 5.597164 0.273615 0.005348 0.012373 -0.027344 -0.999535
1716803676.563401 -4.297788 5.517381 0.286288 -0.004031 0.012992 -0.021031 -0.999686
1716803676.672709 -4.286236 5.426715 0.282842 -0.005453 0.013691 -0.018337 -0.999723
1716803676.773106 -4.287760 5.343111 0.272848 -0.007325 0.014727 -0.020410 -0.999656
1716803676.865038 -4.280085 5.255878 0.266718 -0.005415 0.020483 -0.021389 -0.999547
1716803676.974693 -4.266336 5.154775 0.272002 0.001893 0.016232 -0.029414 -0.999434
1716803677.073721 -4.253505 5.061980 0.271521 0.008603 0.007132 -0.039838 -0.999144
1716803677.163970 -4.245018 4.978695 0.243319 -0.000032 0.010160 -0.041408 -0.999091
1716803677.272880 -4.249614 4.875013 0.255652 -0.009660 0.003121 -0.045794 -0.998899
1716803677.372799 -4.237126 4.793395 0.239715 -0.008696 0.000464 -0.048119 -0.998804
1716803677.463097 -4.217057 4.714716 0.221018 -0.002659 -0.000181 -0.043647 -0.999043
1716803677.573540 -4.209286 4.623655 0.216931 0.003676 0.001872 -0.037042 -0.999305
1716803677.673931 -4.210145 4.548542 0.207497 0.006695 0.001679 -0.030178 -0.999521
1716803677.764730 -4.217117 4.474172 0.211304 0.002939 0.006428 -0.023076 -0.999709
1716803677.866020 -4.218173 4.384286 0.203615 -0.002939 0.008333 -0.025915 -0.999625
1716803677.975391 -4.207136 4.298084 0.195101 -0.001842 0.016230 -0.025410 -0.999544
1716803678.075216 -4.193339 4.211923 0.179900 0.004792 0.019056 -0.039222 -0.999037
1716803678.149399 -4.181913 4.148417 0.180730 0.009622 0.021360 -0.046001 -0.998667
1716803678.273799 -4.185411 4.033569 0.179534 0.019316 0.012940 -0.062247 -0.997790
1716803678.373847 -4.176007 3.950220 0.181375 0.018467 0.010436 -0.071924 -0.997185
1716803678.464192 -4.169425 3.880107 0.197252 0.014133 0.006860 -0.081328 -0.996564
1716803678.574701 -4.156837 3.806560 0.179963 0.009909 0.003175 -0.086442 -0.996203
1716803678.665195 -4.137742 3.764727 0.159195 0.006025 0.000116 -0.091457 -0.995791
1716803678.774942 -4.120907 3.686696 0.153390 0.010675 -0.001166 -0.088911 -0.995982
1716803678.874851 -4.109448 3.602895 0.149414 0.011437 -0.002264 -0.087262 -0.996117
1716803678.882807 -4.105056 3.596890 0.154638 0.011747 0.000097 -0.086333 -0.996197
1716803679.075298 -4.074636 3.462521 0.144418 0.005545 0.009803 -0.077384 -0.996938
1716803679.174296 -4.051794 3.397797 0.130911 0.005570 0.009682 -0.067381 -0.997665
1716803679.276318 -4.036824 3.327357 0.124272 0.004290 0.009306 -0.068114 -0.997625
1716803679.346880 -4.017515 3.267536 0.118000 0.000428 0.010885 -0.068383 -0.997600
1716803679.463934 -4.000163 3.173391 0.100186 0.017870 0.007218 -0.070690 -0.997312
1716803679.501283 -3.997056 3.136990 0.109147 0.020207 0.006367 -0.069090 -0.997385
1716803679.636022 -3.983347 3.031663 0.119095 0.017749 0.004738 -0.074526 -0.997050
1716803679.774609 -3.965379 2.938374 0.113949 0.013286 0.005537 -0.071893 -0.997309
1716803679.874550 -3.964645 2.852000 0.099522 0.005049 0.004561 -0.067714 -0.997682
1716803679.974164 -3.953551 2.777481 0.094334 0.006291 0.004068 -0.059994 -0.998171
1716803680.064518 -3.960943 2.711839 0.090335 0.006596 0.003058 -0.054332 -0.998496
1716803680.168551 -3.949180 2.642774 0.094788 0.008315 0.011004 -0.043837 -0.998943
1716803680.279739 -3.932588 2.561557 0.101453 0.010781 0.007283 -0.031196 -0.999429
1716803680.354122 -3.915712 2.512419 0.092492 0.014958 0.013237 -0.033500 -0.999239
1716803680.473593 -3.885592 2.431503 0.075306 0.020083 0.014141 -0.031801 -0.999192
1716803680.573647 -3.868524 2.349334 0.051524 0.022773 0.014835 -0.040461 -0.998811
1716803680.665225 -3.845469 2.278385 0.040491 0.027820 0.017536 -0.048605 -0.998277
1716803680.773706 -3.823936 2.183687 0.047654 0.028817 0.015993 -0.058359 -0.997752
1716803680.873180 -3.809114 2.101823 0.055022 0.038330 0.013587 -0.071996 -0.996576
1716803680.965525 -3.790947 2.036645 0.041530 0.031191 0.005204 -0.084642 -0.995910
1716803681.071977 -3.780393 1.964305 0.033261 0.032732 0.000084 -0.095720 -0.994870
1716803681.171646 -3.766941 1.893801 0.024692 0.025103 0.001217 -0.113349 -0.993237
1716803681.271566 -3.727518 1.822649 0.016871 0.025809 0.005480 -0.118804 -0.992567
1716803681.362986 -3.700874 1.760864 0.012850 0.026025 0.007709 -0.125946 -0.991666
1716803681.472034 -3.665839 1.697566 0.014746 0.030412 0.011679 -0.129843 -0.990999
1716803681.572221 -3.641300 1.644253 0.013827 0.026631 0.012308 -0.130838 -0.990970
1716803681.663119 -3.616581 1.596809 0.016329 0.028930 0.014975 -0.134092 -0.990433
1716803681.773216 -3.586587 1.524693 0.005873 0.025102 0.018996 -0.136476 -0.990143
1716803681.865190 -3.552625 1.467493 -0.005060 0.025301 0.019974 -0.142380 -0.989287
1716803681.974587 -3.501959 1.405079 -0.008888 0.028247 0.018919 -0.151628 -0.987853
1716803682.067044 -3.450432 1.352575 -0.008269 0.022164 0.017630 -0.161393 -0.986484
1716803682.163352 -3.398962 1.296865 -0.010147 0.024099 0.021193 -0.172423 -0.984500
1716803682.263883 -3.351500 1.243998 -0.006568 0.019826 0.021073 -0.182718 -0.982740
1716803682.282186 -3.346614 1.235583 -0.010222 0.017334 0.024233 -0.185200 -0.982249
1716803682.463991 -3.256926 1.178424 -0.016327 0.026581 0.022841 -0.174170 -0.984092
1716803682.573802 -3.205493 1.144790 -0.015483 0.028744 0.025209 -0.166570 -0.985288
1716803682.665972 -3.157152 1.132790 -0.019411 0.028218 0.023598 -0.156720 -0.986958
1716803682.774625 -3.093998 1.101700 -0.030854 0.022836 0.026939 -0.142320 -0.989190
1716803682.865754 -3.039757 1.092436 -0.026430 0.018257 0.035632 -0.131652 -0.990487
1716803682.976936 -2.951531 1.071861 -0.021168 0.009657 0.033846 -0.135590 -0.990140
1716803683.055606 -2.886689 1.049061 -0.014783 0.006539 0.030270 -0.136756 -0.990121
1716803683.164672 -2.806231 1.010509 -0.019676 0.005092 0.025200 -0.159456 -0.986870
1716803683.273875 -2.723391 0.965488 -0.024098 0.004146 0.025488 -0.180904 -0.983162
1716803683.374173 -2.656513 0.942373 -0.027454 0.004460 0.021984 -0.201502 -0.979231
1716803683.474290 -2.597935 0.910618 -0.028339 0.011326 0.027582 -0.228778 -0.973022
1716803683.483686 -2.597884 0.898465 -0.026929 0.006939 0.026462 -0.231973 -0.972337
1716803683.657792 -2.504564 0.843918 -0.024945 0.006040 0.027876 -0.268778 -0.962780
1716803683.778151 -2.445349 0.818363 -0.023977 0.003037 0.022875 -0.281988 -0.959140
1716803683.865903 -2.417783 0.804505 -0.026084 0.005428 0.020673 -0.290102 -0.956757
1716803683.975252 -2.365987 0.777576 -0.024546 0.007724 0.024485 -0.285537 -0.958024
1716803684.073280 -2.307081 0.753289 -0.027964 -0.001037 0.026269 -0.278303 -0.960134
1716803684.151239 -2.249896 0.745739 -0.022998 -0.003878 0.029997 -0.267623 -0.963049
1716803684.273904 -2.165030 0.739902 -0.017314 -0.008218 0.027227 -0.262275 -0.964574
1716803684.364871 -2.084693 0.738349 -0.020252 -0.002864 0.025403 -0.251197 -0.967598
1716803684.474384 -2.007627 0.720789 -0.029351 0.000604 0.024272 -0.253064 -0.967145
1716803684.574395 -1.922436 0.692235 -0.039738 0.005309 0.026289 -0.254204 -0.966779
1716803684.665724 -1.856822 0.668069 -0.043737 0.006489 0.028775 -0.257522 -0.965822
1716803684.775784 -1.781299 0.612901 -0.040953 0.013176 0.030375 -0.265914 -0.963428
1716803684.788126 -1.772219 0.606746 -0.048748 0.011787 0.028994 -0.267451 -0.963063
1716803684.965973 -1.663666 0.568004 -0.048698 0.016981 0.024753 -0.274988 -0.960979
1716803685.074173 -1.600190 0.556089 -0.050483 0.015693 0.024017 -0.269893 -0.962463
1716803685.082518 -1.606964 0.550872 -0.044120 0.015832 0.023036 -0.270788 -0.962233
1716803685.263914 -1.525159 0.526282 -0.049099 0.003170 0.034764 -0.241446 -0.969786
1716803685.374136 -1.472976 0.508065 -0.034296 -0.003296 0.043888 -0.232829 -0.971521
1716803685.473466 -1.406496 0.497123 -0.028160 -0.015543 0.048175 -0.215884 -0.975106
1716803685.573544 -1.331217 0.482860 -0.022428 -0.021075 0.052438 -0.216350 -0.974679
1716803685.665056 -1.271825 0.483533 -0.031584 -0.026922 0.055022 -0.209235 -0.975945
1716803685.775198 -1.198819 0.466306 -0.034206 -0.023331 0.044749 -0.209786 -0.976444
1716803685.789845 -1.183384 0.455369 -0.031746 -0.029213 0.043100 -0.205781 -0.977212
1716803685.973872 -1.064849 0.410609 -0.019690 0.000634 0.038955 -0.206470 -0.977677
1716803686.064818 -1.001240 0.381888 -0.006119 0.012328 0.043650 -0.206897 -0.977311
1716803686.148767 -0.940274 0.355409 -0.007856 0.008414 0.046318 -0.210686 -0.976420
1716803686.271881 -0.862880 0.317791 -0.006906 0.004896 0.046383 -0.206400 -0.977355
1716803686.371842 -0.809451 0.312961 -0.010099 0.007342 0.044228 -0.190831 -0.980598
1716803686.463470 -0.783257 0.320685 -0.009903 0.005158 0.042881 -0.164024 -0.985510
1716803686.572665 -0.760369 0.344033 -0.032324 -0.003215 0.041909 -0.128630 -0.990801
1716803686.672973 -0.712674 0.358713 -0.048676 0.000097 0.049906 -0.103530 -0.993374
1716803686.764822 -0.673214 0.369231 -0.035658 -0.008022 0.054047 -0.082134 -0.995122
1716803686.873783 -0.626296 0.378927 -0.036309 -0.012019 0.052558 -0.059880 -0.996749
1716803686.975832 -0.576545 0.374866 -0.033807 -0.005149 0.051829 -0.044907 -0.997632
1716803687.050252 -0.526165 0.376155 -0.033301 -0.005415 0.050070 -0.045851 -0.997678
1716803687.172423 -0.472042 0.360802 -0.025613 0.000032 0.047488 -0.035393 -0.998245
1716803687.272421 -0.442989 0.351086 -0.025177 0.013748 0.050735 -0.027910 -0.998227
1716803687.363724 -0.424008 0.327449 -0.031909 0.015204 0.042873 -0.027436 -0.998588
1716803687.473308 -0.401504 0.307647 -0.031299 0.020055 0.042833 -0.025370 -0.998559
1716803687.565042 -0.393493 0.294570 -0.031507 0.019737 0.037611 -0.025030 -0.998784
1716803687.674518 -0.361426 0.284058 -0.033000 0.024629 0.034117 -0.029638 -0.998675
1716803687.682434 -0.358827 0.280748 -0.026237 0.023167 0.035311 -0.027601 -0.998726
1716803687.874228 -0.331554 0.262039 -0.016749 0.033878 0.038866 -0.027066 -0.998303
1716803687.975851 -0.304051 0.259282 -0.018998 0.040189 0.041893 -0.033396 -0.997755
1716803688.053930 -0.284479 0.246482 -0.024705 0.039896 0.047673 -0.039518 -0.997283
1716803688.164622 -0.287642 0.239783 -0.022575 0.038836 0.043621 -0.040773 -0.997460
1716803688.273703 -0.288521 0.236191 -0.023978 0.036525 0.038499 -0.038479 -0.997849
1716803688.374090 -0.295030 0.221952 -0.021283 0.032997 0.036821 -0.038141 -0.998048
1716803688.474195 -0.300731 0.211967 -0.016650 0.027289 0.038432 -0.039227 -0.998118
1716803688.492589 -0.308656 0.212190 -0.017090 0.027227 0.037127 -0.039590 -0.998155
1716803688.646134 -0.312900 0.203625 -0.013451 0.015716 0.041841 -0.037985 -0.998278
1716803688.682998 -0.311880 0.197292 -0.014544 0.014087 0.043206 -0.037044 -0.998280
1716803688.874614 -0.304937 0.192753 -0.019904 0.006661 0.043480 -0.034779 -0.998427
1716803688.975180 -0.293254 0.200548 -0.023418 0.002675 0.044334 -0.034963 -0.998401
1716803689.076347 -0.278247 0.213701 -0.026589 -0.000340 0.044427 -0.035016 -0.998399
1716803689.149555 -0.275113 0.216771 -0.034516 -0.004801 0.043392 -0.035782 -0.998406
1716803689.273869 -0.257268 0.220233 -0.040759 -0.005681 0.042930 -0.041577 -0.998196
1716803689.373811 -0.252900 0.226167 -0.043040 -0.008054 0.045716 -0.047617 -0.997786
1716803689.465014 -0.243134 0.229413 -0.039812 -0.012970 0.047146 -0.052073 -0.997445
1716803689.574341 -0.233533 0.234579 -0.035465 -0.015605 0.047898 -0.052524 -0.997348
1716803689.665615 -0.237367 0.239997 -0.036631 -0.021297 0.047415 -0.053812 -0.997197
1716803689.774606 -0.231674 0.253404 -0.031216 -0.027055 0.047881 -0.056748 -0.996873
1716803689.876780 -0.231307 0.252270 -0.028343 -0.029416 0.047358 -0.058135 -0.996751
1716803689.972296 -0.227402 0.260736 -0.027337 -0.036998 0.044630 -0.062988 -0.996329
1716803690.075810 -0.232993 0.270320 -0.028338 -0.042784 0.042514 -0.069648 -0.995747
1716803690.083534 -0.233992 0.272825 -0.028838 -0.047739 0.044136 -0.070449 -0.995394
1716803690.250890 -0.240254 0.297766 -0.031138 -0.044821 0.040455 -0.070036 -0.995716
1716803690.363795 -0.251291 0.304969 -0.033272 -0.042813 0.039723 -0.075019 -0.995470
