1716803706.772493 -0.012962 0.021299 -0.002699 -0.003390 0.001070 -0.028591 0.999585
1716803706.872800 -0.019349 0.023261 0.000542 -0.009663 0.005698 -0.050619 0.998655
1716803706.965467 -0.049752 0.018385 -0.006786 -0.010742 0.009832 -0.072564 0.997257
1716803707.072757 -0.079854 0.026161 -0.013179 -0.010087 0.016102 -0.097797 0.995025
1716803707.163931 -0.098877 0.042289 -0.007763 -0.009306 0.021337 -0.117636 0.992784
1716803707.271954 -0.115524 0.059200 -0.006077 -0.006335 0.025868 -0.134859 0.990507
1716803707.371962 -0.128914 0.069357 0.005436 -0.001393 0.028459 -0.149786 0.988308
1716803707.463250 -0.142512 0.080793 0.017999 0.006529 0.030943 -0.164636 0.985847
1716803707.572816 -0.165167 0.086961 -0.000497 0.010748 0.020612 -0.177019 0.983933
1716803707.673224 -0.193694 0.081030 0.001133 0.017936 0.020127 -0.193933 0.980644
1716803707.764978 -0.217516 0.077634 0.006994 0.015679 0.020639 -0.207094 0.977978
1716803707.873765 -0.250012 0.062293 0.005657 0.010056 0.022932 -0.213373 0.976650
1716803707.974418 -0.280608 0.045272 -0.000534 0.009027 0.024725 -0.211076 0.977115
1716803708.064756 -0.302383 0.026928 -0.002889 0.002736 0.026452 -0.207473 0.977879
1716803708.173014 -0.331609 0.005039 -0.003423 0.002960 0.026735 -0.202580 0.978896
1716803708.263913 -0.362595 -0.013408 -0.001546 0.006079 0.022171 -0.199503 0.979628
1716803708.373217 -0.390239 -0.033079 0.010503 0.007048 0.021510 -0.196322 0.980278
1716803708.473417 -0.425958 -0.067617 0.002149 0.007284 0.012008 -0.188018 0.982065
1716803708.564864 -0.473504 -0.099258 -0.014137 0.012602 0.006254 -0.175832 0.984320
1716803708.674177 -0.523596 -0.113220 -0.016870 0.009424 0.009706 -0.159292 0.987139
1716803708.683332 -0.533750 -0.115159 -0.011185 0.004259 0.010279 -0.160380 0.986993
1716803708.874099 -0.619557 -0.152422 0.000115 0.000835 0.023643 -0.140797 0.989756
1716803708.966067 -0.658861 -0.180410 -0.004434 0.002001 0.031576 -0.132160 0.990723
1716803709.065040 -0.692576 -0.205015 -0.012800 0.000155 0.033533 -0.129660 0.990991
1716803709.091720 -0.693409 -0.201337 -0.007851 -0.000997 0.036429 -0.130554 0.990771
1716803709.256191 -0.733681 -0.255552 -0.016444 0.007040 0.025849 -0.121249 0.992261
1716803709.364203 -0.757707 -0.295944 -0.023642 0.007857 0.022851 -0.121937 0.992244
1716803709.473447 -0.777838 -0.341989 -0.024687 0.003892 0.022304 -0.120638 0.992438
1716803709.575459 -0.794955 -0.398980 -0.024498 -0.000834 0.021669 -0.123728 0.992079
1716803709.639013 -0.806968 -0.437211 -0.024225 -0.003729 0.021729 -0.124130 0.992021
1716803709.755486 -0.826345 -0.493722 -0.016606 -0.004654 0.023025 -0.132142 0.990952
1716803709.785101 -0.840705 -0.504296 -0.030940 -0.016231 0.014748 -0.142280 0.989584
1716803709.974504 -0.904780 -0.603065 -0.037712 -0.002851 0.013273 -0.140799 0.989945
1716803710.064955 -0.937749 -0.661448 -0.042646 -0.004320 0.015473 -0.138060 0.990294
1716803710.173099 -0.972382 -0.731131 -0.027649 -0.011638 0.023185 -0.138782 0.989983
1716803710.266453 -1.000153 -0.787721 -0.032234 -0.008608 0.024593 -0.138549 0.990013
1716803710.363202 -1.039528 -0.834331 -0.043412 -0.009093 0.029447 -0.135569 0.990289
1716803710.472085 -1.080536 -0.888185 -0.053224 -0.009625 0.032104 -0.132022 0.990680
1716803710.572167 -1.118929 -0.944260 -0.066725 -0.006648 0.031839 -0.125785 0.991524
1716803710.672334 -1.149302 -1.008967 -0.076679 -0.004130 0.032094 -0.129039 0.991111
1716803710.763905 -1.171037 -1.065134 -0.082354 -0.004979 0.032579 -0.133616 0.990485
1716803710.872679 -1.208395 -1.145334 -0.087164 -0.007429 0.027629 -0.142109 0.989437
1716803710.973305 -1.235521 -1.204139 -0.101444 -0.010799 0.032730 -0.151228 0.987898
1716803711.071995 -1.254841 -1.281254 -0.110554 -0.000183 0.022589 -0.162408 0.986465
1716803711.179251 -1.281367 -1.357790 -0.113590 -0.002522 0.025100 -0.168234 0.985424
1716803711.271220 -1.307142 -1.425390 -0.113890 0.000809 0.021322 -0.173429 0.984615
1716803711.371146 -1.336839 -1.487073 -0.118631 0.002227 0.020662 -0.169314 0.985343
1716803711.479382 -1.380094 -1.550973 -0.117168 0.001386 0.022111 -0.163317 0.986325
1716803711.571186 -1.419706 -1.603393 -0.122746 -0.005990 0.028204 -0.154943 0.987502
1716803711.671130 -1.464156 -1.668195 -0.139606 0.002408 0.027565 -0.148596 0.988511
1716803711.771136 -1.503625 -1.737414 -0.132272 0.000093 0.034587 -0.145811 0.988708
1716803711.780307 -1.493644 -1.721056 -0.123112 0.010360 0.044204 -0.136201 0.989640
1716803711.933036 -1.542716 -1.847424 -0.135532 0.005177 0.030400 -0.149834 0.988230
1716803711.980828 -1.562522 -1.883669 -0.149939 0.008490 0.031189 -0.148780 0.988342
1716803712.080930 -1.575509 -1.958392 -0.147269 -0.011369 0.041852 -0.157400 0.986582
1716803712.263091 -1.618535 -2.098607 -0.152924 -0.007700 0.030096 -0.181561 0.982889
1716803712.372723 -1.667698 -2.180112 -0.172260 -0.011142 0.022821 -0.186935 0.982044
1716803712.471995 -1.688968 -2.231384 -0.194079 -0.007295 0.022660 -0.194746 0.980565
1716803712.572824 -1.721097 -2.299431 -0.188888 -0.001229 0.021962 -0.188951 0.981740
1716803712.664723 -1.749423 -2.371721 -0.188286 -0.001737 0.023335 -0.189792 0.981545
1716803712.772807 -1.777664 -2.438552 -0.192502 0.000813 0.027688 -0.178522 0.983546
1716803712.873286 -1.807648 -2.497656 -0.202736 -0.008381 0.033299 -0.173486 0.984238
1716803712.965082 -1.840041 -2.556055 -0.206795 -0.005456 0.034648 -0.165791 0.985537
1716803713.072858 -1.876692 -2.630532 -0.212026 -0.005261 0.036561 -0.169609 0.984819
1716803713.172497 -1.904291 -2.708060 -0.219115 0.000501 0.035383 -0.172481 0.984377
1716803713.272654 -1.929070 -2.784959 -0.227257 -0.002490 0.036525 -0.184479 0.982154
1716803713.364073 -1.946723 -2.849341 -0.217734 -0.006262 0.039394 -0.193460 0.980297
1716803713.473065 -1.966797 -2.910665 -0.229366 -0.013324 0.038779 -0.211269 0.976567
1716803713.575028 -2.002500 -2.966496 -0.234145 -0.015629 0.030110 -0.217962 0.975367
1716803713.596355 -2.002858 -2.984845 -0.237635 -0.021414 0.034913 -0.235574 0.970993
1716803713.764418 -2.057372 -3.100259 -0.236170 -0.009776 0.026197 -0.230937 0.972567
1716803713.782457 -2.056968 -3.110007 -0.235345 -0.006352 0.023425 -0.239814 0.970515
1716803713.974334 -2.122437 -3.231516 -0.238379 -0.007445 0.030758 -0.218196 0.975392
1716803714.069745 -2.149627 -3.287028 -0.227630 -0.022748 0.042132 -0.200439 0.978535
1716803714.145441 -2.188444 -3.334929 -0.252238 -0.013873 0.042770 -0.192885 0.980191
1716803714.272995 -2.243248 -3.410721 -0.247343 -0.015102 0.046135 -0.177804 0.982868
1716803714.372979 -2.281246 -3.482893 -0.245312 -0.006477 0.043406 -0.164858 0.985340
1716803714.472798 -2.315018 -3.553597 -0.258741 -0.009182 0.041711 -0.166155 0.985174
1716803714.563777 -2.341058 -3.616687 -0.272057 -0.011508 0.038658 -0.163986 0.985638
1716803714.673380 -2.380568 -3.689808 -0.291994 -0.021124 0.038074 -0.170380 0.984416
1716803714.773616 -2.407771 -3.748957 -0.294496 -0.017233 0.029361 -0.176616 0.983691
1716803714.873276 -2.439506 -3.834764 -0.312743 -0.014489 0.026231 -0.175819 0.983966
1716803714.964047 -2.456167 -3.899699 -0.296211 -0.011380 0.022465 -0.185530 0.982316
1716803715.075753 -2.482135 -3.970338 -0.292269 -0.014428 0.023981 -0.173464 0.984442
1716803715.157072 -2.503560 -4.019627 -0.298760 -0.019072 0.030545 -0.172756 0.984306
1716803715.240302 -2.524933 -4.068052 -0.299037 -0.022579 0.036848 -0.159434 0.986262
1716803715.371835 -2.574448 -4.146998 -0.273225 -0.016117 0.037938 -0.146884 0.988294
1716803715.472168 -2.625776 -4.212515 -0.275431 -0.020422 0.039438 -0.135462 0.989787
1716803715.572225 -2.664973 -4.273026 -0.280904 -0.014182 0.031306 -0.131826 0.990677
1716803715.672262 -2.685526 -4.338033 -0.310558 -0.016826 0.031188 -0.143097 0.989074
1716803715.772297 -2.718501 -4.397267 -0.316638 -0.018091 0.033651 -0.156892 0.986876
1716803715.871956 -2.746760 -4.470004 -0.323307 -0.026477 0.033917 -0.170879 0.984352
1716803715.964017 -2.767118 -4.546224 -0.335355 -0.020233 0.031513 -0.188070 0.981441
1716803716.061275 -2.784930 -4.623659 -0.340082 -0.019181 0.029356 -0.197278 0.979720
1716803716.170121 -2.812006 -4.692994 -0.340956 -0.012274 0.025462 -0.203030 0.978764
1716803716.270046 -2.837336 -4.751500 -0.331855 -0.008699 0.024926 -0.197357 0.979976
1716803716.370621 -2.869396 -4.823584 -0.341814 -0.011097 0.027286 -0.198961 0.979565
1716803716.453390 -2.900429 -4.880844 -0.328008 -0.010971 0.027828 -0.191695 0.980999
1716803716.480117 -2.916125 -4.905586 -0.322641 -0.019130 0.029774 -0.193752 0.980412
1716803716.663893 -2.987625 -5.016088 -0.332413 -0.010595 0.036739 -0.174868 0.983849
1716803716.763809 -3.024557 -5.085731 -0.352125 -0.007325 0.040478 -0.180387 0.982735
1716803716.779777 -3.033218 -5.099437 -0.347319 -0.002393 0.038714 -0.175904 0.983643
1716803716.955334 -3.093054 -5.210308 -0.343203 -0.003185 0.038846 -0.196912 0.979646
1716803717.070873 -3.109292 -5.301394 -0.334773 -0.010085 0.039574 -0.216356 0.975460
1716803717.170746 -3.128369 -5.362076 -0.334513 -0.023721 0.037919 -0.233169 0.971407
1716803717.271764 -3.151706 -5.416051 -0.331698 -0.026344 0.033339 -0.245834 0.968380
1716803717.363451 -3.178930 -5.455295 -0.346645 -0.027844 0.028035 -0.252550 0.966777
1716803717.473026 -3.205322 -5.514131 -0.362409 -0.023557 0.024116 -0.249067 0.967899
1716803717.572984 -3.230724 -5.575755 -0.369549 -0.021307 0.025127 -0.241939 0.969732
1716803717.664037 -3.259792 -5.619990 -0.352802 -0.030210 0.027480 -0.231199 0.972049
1716803717.773577 -3.292822 -5.652902 -0.376458 -0.030154 0.034570 -0.207128 0.977238
1716803717.878269 -3.333960 -5.695168 -0.382333 -0.033656 0.038515 -0.190998 0.980257
1716803717.943993 -3.356537 -5.723857 -0.388596 -0.034640 0.042363 -0.180691 0.982016
1716803718.072366 -3.387017 -5.775124 -0.385318 -0.033171 0.038458 -0.159419 0.985904
1716803718.171913 -3.405499 -5.820448 -0.385399 -0.035768 0.035884 -0.143086 0.988413
1716803718.263774 -3.410538 -5.857800 -0.385895 -0.036024 0.033373 -0.128056 0.990550
1716803718.282003 -3.399041 -5.865086 -0.392684 -0.041284 0.034842 -0.131253 0.989876
1716803718.464748 -3.382241 -5.940570 -0.402734 -0.041604 0.023007 -0.077201 0.995881
1716803718.482701 -3.380636 -5.957110 -0.399475 -0.041503 0.023734 -0.076835 0.995897
1716803718.672831 -3.356508 -6.057570 -0.404821 -0.047509 0.006495 0.005431 0.998835
1716803718.773129 -3.345467 -6.088139 -0.401613 -0.044486 -0.003409 0.054789 0.997501
1716803718.872282 -3.334366 -6.106313 -0.401920 -0.041250 -0.006254 0.097767 0.994334
1716803718.968628 -3.335259 -6.122383 -0.391457 -0.038838 -0.007415 0.135668 0.989965
1716803719.072361 -3.377321 -6.160838 -0.416315 -0.043082 -0.004774 0.184879 0.981805
1716803719.172585 -3.394833 -6.188937 -0.429843 -0.053646 -0.001960 0.222934 0.973354
1716803719.262688 -3.392358 -6.217195 -0.425913 -0.054197 0.004083 0.260179 0.964029
1716803719.373087 -3.390977 -6.250768 -0.407205 -0.056762 0.001974 0.297602 0.952999
1716803719.473005 -3.360339 -6.269836 -0.403214 -0.054263 -0.002006 0.333086 0.941332
1716803719.564729 -3.319346 -6.303130 -0.414749 -0.049043 -0.011987 0.366226 0.929155
1716803719.672983 -3.273833 -6.325382 -0.423719 -0.044511 -0.021535 0.397436 0.916297
1716803719.773448 -3.235324 -6.333797 -0.430114 -0.044797 -0.030963 0.424997 0.903555
1716803719.781470 -3.234543 -6.320309 -0.422179 -0.044893 -0.033690 0.421412 0.905130
1716803719.957911 -3.172262 -6.315255 -0.424175 -0.038780 -0.046908 0.474269 0.878273
1716803719.980574 -3.198818 -6.289491 -0.415115 -0.036465 -0.052618 0.482966 0.873296
1716803720.162910 -3.164748 -6.258593 -0.413413 -0.029210 -0.055008 0.541123 0.838634
1716803720.263028 -3.149074 -6.253959 -0.412677 -0.027006 -0.054820 0.569600 0.819647
1716803720.372658 -3.108589 -6.265033 -0.413023 -0.027267 -0.055028 0.607015 0.792314
1716803720.472533 -3.060050 -6.296602 -0.399855 -0.028222 -0.054104 0.641430 0.764751
1716803720.572541 -3.040841 -6.308273 -0.411050 -0.032931 -0.053529 0.671054 0.738740
1716803720.664208 -3.008778 -6.308187 -0.409412 -0.037997 -0.051746 0.701673 0.709601
1716803720.771842 -2.992064 -6.306457 -0.408839 -0.041017 -0.052652 0.726547 0.683868
1716803720.871022 -2.999086 -6.301501 -0.411467 -0.042111 -0.053416 0.746544 0.661850
1716803720.963328 -3.002824 -6.282091 -0.411086 -0.039889 -0.055746 0.768231 0.636493
1716803721.061897 -3.007316 -6.263428 -0.401912 -0.034244 -0.059951 0.784262 0.616576
1716803721.170769 -2.988883 -6.242035 -0.392834 -0.031055 -0.064874 0.799525 0.596310
1716803721.261982 -2.971699 -6.236782 -0.387730 -0.023176 -0.068737 0.812796 0.578015
1716803721.371509 -2.953250 -6.213251 -0.392924 -0.018538 -0.073273 0.827505 0.556348
1716803721.462538 -2.946000 -6.198231 -0.395001 -0.016231 -0.073755 0.837747 0.540811
1716803721.572526 -2.948303 -6.180726 -0.402394 -0.014918 -0.077030 0.849413 0.521863
1716803721.664131 -2.955810 -6.159957 -0.406190 -0.015178 -0.078555 0.860856 0.502518
1716803721.775474 -2.965277 -6.147110 -0.398498 -0.013046 -0.079092 0.872730 0.481577
1716803721.785046 -2.972618 -6.149190 -0.390106 -0.008633 -0.072650 0.862985 0.499905
1716803721.930122 -2.954418 -6.133815 -0.396723 -0.014697 -0.077705 0.890215 0.448624
1716803721.981019 -2.929775 -6.126050 -0.392553 -0.011512 -0.076805 0.898140 0.432796
1716803722.170481 -2.886700 -6.111750 -0.385917 -0.022872 -0.077890 0.919687 0.384170
1716803722.272436 -2.858146 -6.111273 -0.375384 -0.026729 -0.077947 0.929950 0.358333
1716803722.363448 -2.838815 -6.108508 -0.378638 -0.029295 -0.077746 0.936721 0.340076
1716803722.473868 -2.845971 -6.104164 -0.380516 -0.028295 -0.077211 0.945809 0.314138
1716803722.573140 -2.845144 -6.102320 -0.386758 -0.027137 -0.077455 0.953157 0.291129
1716803722.673301 -2.850859 -6.106589 -0.388805 -0.027798 -0.076819 0.959014 0.271327
1716803722.771849 -2.856077 -6.103840 -0.395812 -0.026311 -0.076973 0.964331 0.251892
1716803722.790075 -2.857496 -6.102983 -0.387034 -0.028844 -0.075473 0.964599 0.251040
1716803722.955039 -2.876663 -6.087393 -0.384398 -0.020739 -0.076740 0.970887 0.225962
1716803723.063496 -2.885671 -6.084768 -0.378589 -0.017277 -0.079046 0.975052 0.206707
1716803723.173219 -2.888932 -6.064442 -0.380009 -0.011264 -0.080229 0.979536 0.184244
1716803723.273151 -2.900151 -6.044676 -0.382811 -0.010475 -0.084260 0.982562 0.165414
1716803723.373263 -2.915356 -6.026459 -0.386047 -0.008059 -0.087270 0.985133 0.147758
1716803723.473735 -2.943211 -6.017488 -0.377264 -0.005185 -0.088032 0.987582 0.130017
1716803723.573605 -2.965702 -6.002941 -0.380107 -0.001493 -0.089209 0.989901 0.110161
1716803723.674044 -2.988388 -5.992202 -0.383026 -0.000264 -0.089553 0.991690 0.092367
1716803723.763987 -3.008618 -5.989238 -0.388962 0.003620 -0.088624 0.993414 0.072539
1716803723.789986 -3.011175 -5.992517 -0.385351 0.006379 -0.091301 0.993043 0.074085
1716803723.955457 -3.037897 -5.975296 -0.384262 0.011179 -0.086360 0.995856 0.026227
1716803724.072845 -3.031994 -5.967936 -0.377314 0.013701 -0.087091 0.996048 -0.010766
1716803724.164083 -3.028676 -5.961486 -0.375375 0.014892 -0.089432 0.994980 -0.042358
1716803724.266316 -3.021160 -5.928275 -0.371553 0.012434 -0.088888 0.992513 -0.082841
1716803724.292115 -3.020246 -5.919879 -0.364916 0.012119 -0.089246 0.992094 -0.087393
1716803724.454515 -3.008776 -5.887515 -0.355862 0.005225 -0.089933 0.983736 -0.155395
1716803724.482814 -3.025663 -5.874740 -0.357565 0.003081 -0.091892 0.981668 -0.166957
1716803724.664409 -3.028660 -5.841742 -0.358351 0.000196 -0.088286 0.972796 -0.214179
1716803724.772817 -3.027221 -5.834928 -0.361858 -0.001365 -0.086992 0.968100 -0.234976
1716803724.790025 -3.030232 -5.840540 -0.364920 0.000037 -0.086868 0.967104 -0.239091
1716803724.954701 -3.026201 -5.827538 -0.378682 -0.003788 -0.084073 0.963321 -0.254812
1716803725.071393 -3.027687 -5.820711 -0.372665 -0.003656 -0.081648 0.961772 -0.261371
1716803725.173682 -3.037734 -5.819647 -0.364707 -0.001138 -0.079825 0.961496 -0.262967
1716803725.271889 -3.046700 -5.813366 -0.353743 0.002172 -0.079265 0.961330 -0.263737
1716803725.362955 -3.060452 -5.804994 -0.357466 0.006425 -0.078391 0.961571 -0.263050
1716803725.383462 -3.069213 -5.802599 -0.366600 0.010170 -0.077337 0.962247 -0.260762
1716803725.564022 -3.103492 -5.780597 -0.365898 0.012949 -0.073465 0.963832 -0.255857
1716803725.672503 -3.125918 -5.752033 -0.374600 0.013114 -0.067117 0.964931 -0.253440
1716803725.771663 -3.143251 -5.716108 -0.382677 0.011608 -0.062761 0.964744 -0.255334
1716803725.787960 -3.143880 -5.709721 -0.381001 0.011171 -0.061714 0.965582 -0.252424
1716803725.947328 -3.176022 -5.636393 -0.368745 0.010439 -0.065540 0.962440 -0.263258
1716803726.071939 -3.182582 -5.573515 -0.368325 0.007077 -0.071983 0.959373 -0.272710
1716803726.161583 -3.188919 -5.525699 -0.367820 0.004064 -0.077131 0.955714 -0.283981
1716803726.271733 -3.195209 -5.467135 -0.355230 0.000038 -0.077930 0.952919 -0.293039
1716803726.363871 -3.207335 -5.415829 -0.334890 -0.002007 -0.079577 0.951426 -0.297408
1716803726.471251 -3.236776 -5.347788 -0.334260 -0.002383 -0.068980 0.949868 -0.304937
1716803726.572790 -3.266661 -5.280877 -0.342641 0.000214 -0.066540 0.949456 -0.306767
1716803726.663952 -3.294775 -5.226567 -0.341545 0.001244 -0.064760 0.950183 -0.304890
1716803726.772105 -3.333618 -5.170538 -0.341963 0.003588 -0.067058 0.951896 -0.298972
1716803726.789565 -3.343322 -5.165082 -0.337150 0.005439 -0.073220 0.952388 -0.295915
1716803726.955281 -3.402729 -5.071736 -0.352487 0.010560 -0.073699 0.952424 -0.295543
1716803727.053321 -3.433382 -5.010752 -0.345374 0.011385 -0.072922 0.952872 -0.294258
1716803727.081327 -3.444660 -5.002430 -0.344621 0.009515 -0.066491 0.953292 -0.294488
1716803727.253285 -3.497697 -4.900017 -0.355263 0.009300 -0.066267 0.950027 -0.304912
1716803727.282872 -3.515422 -4.876963 -0.338875 0.013141 -0.062983 0.949001 -0.308637
1716803727.473589 -3.582801 -4.735687 -0.332909 0.002658 -0.067957 0.934632 -0.349053
1716803727.572776 -3.640900 -4.680695 -0.312606 -0.002076 -0.071034 0.926284 -0.370064
1716803727.654971 -3.675979 -4.637695 -0.327492 -0.006135 -0.072527 0.919641 -0.385957
1716803727.680454 -3.667396 -4.618952 -0.311642 -0.020302 -0.069087 0.916637 -0.393182
1716803727.780030 -3.699747 -4.558801 -0.309476 -0.011603 -0.068746 0.914072 -0.399513
1716803727.926065 -3.759035 -4.485109 -0.313013 -0.007232 -0.061929 0.912202 -0.404968
1716803728.073695 -3.839666 -4.428579 -0.301832 -0.001445 -0.058719 0.917037 -0.394454
1716803728.166112 -3.888453 -4.383199 -0.314548 0.003908 -0.059669 0.919055 -0.389567
1716803728.184137 -3.904056 -4.365453 -0.315664 0.003634 -0.054666 0.919606 -0.389003
1716803728.365201 -3.976779 -4.267586 -0.308226 0.007930 -0.051592 0.919400 -0.389845
1716803728.473778 -4.048876 -4.220153 -0.303402 0.008307 -0.042176 0.915452 -0.400125
1716803728.487348 -4.065227 -4.221627 -0.300523 0.005962 -0.044552 0.916977 -0.396401
1716803728.591145 -4.130806 -4.173230 -0.301818 0.007934 -0.042961 0.910927 -0.410248
1716803728.765330 -4.239198 -4.096986 -0.301356 0.000546 -0.049517 0.892651 -0.448020
1716803728.791308 -4.249832 -4.071142 -0.309700 -0.001801 -0.060085 0.892890 -0.446244
1716803728.956123 -4.338376 -4.005030 -0.301296 -0.011335 -0.049980 0.873416 -0.484270
1716803729.055228 -4.374132 -3.961114 -0.286346 -0.012527 -0.042851 0.865605 -0.498733
1716803729.174603 -4.429152 -3.914655 -0.284534 -0.011396 -0.047954 0.859445 -0.508846
1716803729.256171 -4.475716 -3.883083 -0.297002 -0.008918 -0.047495 0.856688 -0.513567
1716803729.374938 -4.540755 -3.845933 -0.282647 -0.003421 -0.049920 0.857978 -0.511244
1716803729.456354 -4.593699 -3.831694 -0.267296 0.004137 -0.054895 0.858762 -0.509409
1716803729.573848 -4.674067 -3.797656 -0.271726 0.005890 -0.051466 0.859310 -0.508826
1716803729.654845 -4.726164 -3.795233 -0.268529 0.007174 -0.047337 0.861282 -0.505866
1716803729.774307 -4.799345 -3.769500 -0.275658 0.006285 -0.046979 0.857076 -0.513005
1716803729.801249 -4.813353 -3.746770 -0.277437 0.004562 -0.047565 0.858317 -0.510890
1716803729.917238 -4.891336 -3.722031 -0.258683 0.006463 -0.052519 0.847713 -0.527810
1716803729.983172 -4.929198 -3.677252 -0.256303 0.009622 -0.061830 0.843809 -0.532983
1716803730.121369 -5.031833 -3.652180 -0.261963 0.003513 -0.066393 0.824180 -0.562412
1716803730.240997 -5.122391 -3.631057 -0.283717 -0.004242 -0.068668 0.804929 -0.589369
1716803730.371791 -5.205430 -3.627070 -0.266621 -0.009379 -0.060404 0.791881 -0.607608
1716803730.463394 -5.265207 -3.607583 -0.266192 -0.006333 -0.057594 0.783641 -0.618506
1716803730.481588 -5.275975 -3.603961 -0.272365 -0.009526 -0.054706 0.778060 -0.625731
1716803730.663626 -5.391700 -3.595959 -0.279032 0.004675 -0.052533 0.780756 -0.622606
1716803730.771156 -5.475983 -3.607285 -0.272990 0.016797 -0.051424 0.784017 -0.618377
1716803730.797077 -5.503103 -3.612998 -0.269169 0.021068 -0.050793 0.785339 -0.616619
1716803730.945998 -5.619128 -3.632608 -0.256825 0.025061 -0.047536 0.778483 -0.625361
1716803731.050403 -5.691059 -3.631309 -0.258176 0.021173 -0.047369 0.771525 -0.634080
1716803731.170126 -5.763262 -3.646930 -0.270362 0.018848 -0.047837 0.762743 -0.644655
1716803731.262043 -5.819451 -3.647537 -0.292468 0.020444 -0.049453 0.750610 -0.658575
1716803731.379497 -5.891538 -3.605431 -0.278167 0.016411 -0.056801 0.730614 -0.680226
1716803731.463367 -5.932755 -3.572172 -0.253070 0.009993 -0.055258 0.719084 -0.692651
1716803731.572637 -6.002319 -3.568011 -0.260345 0.006704 -0.056143 0.706635 -0.705315
1716803731.664154 -6.055092 -3.575187 -0.271729 0.001938 -0.049286 0.698082 -0.714317
1716803731.772527 -6.107928 -3.596042 -0.259213 0.003566 -0.048028 0.691629 -0.720645
1716803731.789721 -6.115223 -3.595624 -0.249886 -0.000409 -0.046354 0.688913 -0.723360
1716803731.953340 -6.206402 -3.624572 -0.232663 0.011768 -0.045641 0.692356 -0.720015
1716803732.054435 -6.266087 -3.655330 -0.234641 0.020878 -0.043842 0.692908 -0.719389
1716803732.080974 -6.276892 -3.660753 -0.247835 0.022961 -0.048604 0.693139 -0.718797
1716803732.264284 -6.359350 -3.684546 -0.233617 0.027204 -0.038416 0.698226 -0.714328
1716803732.281939 -6.370575 -3.691860 -0.240240 0.035472 -0.031178 0.701363 -0.711239
1716803732.462624 -6.461077 -3.697332 -0.257080 0.021863 -0.031295 0.697343 -0.715720
1716803732.483252 -6.469909 -3.707301 -0.253145 0.017365 -0.029114 0.702447 -0.710928
1716803732.664032 -6.569220 -3.723353 -0.242391 0.019932 -0.041683 0.677326 -0.734230
1716803732.763044 -6.606032 -3.722949 -0.251651 0.017151 -0.049299 0.654329 -0.754406
1716803732.799734 -6.613531 -3.744112 -0.264950 0.019454 -0.058018 0.645704 -0.761132
1716803732.954945 -6.675294 -3.769835 -0.280183 0.012674 -0.059374 0.606128 -0.793047
1716803733.063473 -6.709725 -3.810933 -0.264757 0.006454 -0.056932 0.580490 -0.812249
1716803733.155765 -6.741705 -3.817269 -0.261601 0.008953 -0.052886 0.565308 -0.823134
1716803733.183867 -6.760049 -3.826581 -0.267565 0.007656 -0.053645 0.558787 -0.827539
1716803733.373796 -6.814299 -3.891939 -0.274049 0.017024 -0.037451 0.536018 -0.843204
1716803733.473678 -6.849029 -3.931530 -0.280040 0.019641 -0.027814 0.521589 -0.852517
1716803733.564574 -6.878770 -3.969447 -0.286055 0.019960 -0.023471 0.504748 -0.862717
1716803733.583537 -6.863882 -3.978616 -0.289251 0.019909 -0.019959 0.504794 -0.862779
1716803733.773229 -6.871518 -4.059396 -0.295357 0.011720 -0.014305 0.445469 -0.895106
1716803733.800028 -6.870487 -4.035318 -0.284812 0.010894 -0.011000 0.436756 -0.899447
1716803733.938949 -6.884802 -4.089364 -0.282244 0.009956 -0.014312 0.388982 -0.921080
1716803734.073595 -6.886999 -4.085691 -0.282092 0.008489 -0.013833 0.347276 -0.937622
1716803734.172691 -6.905861 -4.058001 -0.284911 0.010117 -0.013806 0.306941 -0.951575
1716803734.271234 -6.927608 -4.032991 -0.289639 0.009589 -0.015739 0.274769 -0.961334
1716803734.364455 -6.950919 -4.035346 -0.285249 0.010021 -0.018146 0.245193 -0.969253
1716803734.383015 -6.967502 -4.054859 -0.283037 0.009006 -0.022206 0.241048 -0.970217
1716803734.564560 -7.009241 -4.069401 -0.275687 0.009709 -0.019196 0.186563 -0.982207
1716803734.665699 -7.008077 -4.098702 -0.281414 0.006948 -0.016518 0.158771 -0.987153
1716803734.773138 -6.998844 -4.109337 -0.287776 0.003949 -0.013196 0.128588 -0.991602
1716803734.798916 -6.994616 -4.121780 -0.290626 0.003071 -0.011526 0.122502 -0.992397
1716803734.949895 -6.969346 -4.167364 -0.298531 0.001822 -0.006150 0.091795 -0.995757
1716803735.056663 -6.953074 -4.180388 -0.288534 0.003777 -0.001549 0.077101 -0.997015
1716803735.158167 -6.935031 -4.188981 -0.289674 0.004954 0.002491 0.062571 -0.998025
1716803735.267118 -6.915796 -4.200280 -0.285242 0.008913 0.007697 0.048200 -0.998768
1716803735.334531 -6.908648 -4.198671 -0.287091 0.010109 0.011495 0.038708 -0.999133
1716803735.473509 -6.897382 -4.222931 -0.288511 0.009979 0.014993 0.013112 -0.999752
1716803735.573401 -6.888922 -4.248039 -0.293811 0.008023 0.016758 -0.003740 -0.999820
1716803735.582559 -6.880293 -4.248739 -0.295648 0.011467 0.018247 -0.003995 -0.999760
1716803735.763471 -6.855004 -4.296156 -0.297288 0.003472 0.020114 -0.044876 -0.998784
1716803735.788825 -6.844830 -4.296469 -0.300638 0.004187 0.018685 -0.045949 -0.998760
1716803735.947095 -6.831933 -4.305633 -0.288109 0.001008 0.019952 -0.085872 -0.996106
1716803736.071620 -6.833846 -4.289001 -0.288197 0.003666 0.017074 -0.110587 -0.993713
1716803736.162008 -6.840532 -4.278522 -0.289688 0.004649 0.015303 -0.127885 -0.991660
1716803736.271160 -6.855139 -4.272378 -0.288899 0.003675 0.016668 -0.148542 -0.988759
1716803736.289284 -6.861165 -4.278525 -0.288299 0.002347 0.014808 -0.152537 -0.988184
1716803736.444376 -6.870897 -4.279582 -0.287341 0.002164 0.015968 -0.182261 -0.983118
1716803736.556532 -6.853738 -4.280075 -0.289786 -0.000208 0.015650 -0.207981 -0.978008
1716803736.580935 -6.842878 -4.300427 -0.290096 0.000788 0.015559 -0.213293 -0.976864
1716803736.764127 -6.833208 -4.306171 -0.286706 0.003821 0.017178 -0.249366 -0.968249
1716803736.797264 -6.833632 -4.299617 -0.289988 0.004959 0.018258 -0.256801 -0.966279
1716803736.946410 -6.829807 -4.302291 -0.292990 0.003059 0.018646 -0.272998 -0.961829
1716803737.062468 -6.830620 -4.304817 -0.291408 0.003693 0.018881 -0.278757 -0.960169
1716803737.172499 -6.825989 -4.307420 -0.292415 0.003160 0.019572 -0.281349 -0.959401
1716803737.264361 -6.829075 -4.305643 -0.293697 0.004550 0.020092 -0.281751 -0.959266
1716803737.372469 -6.827460 -4.303006 -0.290115 0.006774 0.020070 -0.281416 -0.959352
1716803737.382414 -6.828248 -4.302551 -0.286526 0.008184 0.021864 -0.279949 -0.959731
1716803737.564477 -6.826527 -4.307594 -0.289114 0.007070 0.019563 -0.283906 -0.958626
1716803737.670304 -6.826355 -4.310374 -0.287999 0.006669 0.020343 -0.288282 -0.957306
1716803737.691043 -6.822969 -4.305573 -0.289018 0.008111 0.020007 -0.286679 -0.957783
1716803737.780247 -6.819624 -4.309832 -0.289483 0.006709 0.021773 -0.295472 -0.955080
1716803737.973927 -6.809381 -4.322251 -0.296920 0.004928 0.022533 -0.350072 -0.936439
1716803738.035851 -6.806624 -4.301997 -0.300559 0.004068 0.024994 -0.364936 -0.930688
1716803738.124949 -6.797532 -4.335119 -0.305448 0.004211 0.022702 -0.400491 -0.916010
1716803738.254282 -6.770162 -4.365033 -0.292934 -0.000804 0.023837 -0.451086 -0.892162
1716803738.282213 -6.764006 -4.337447 -0.303028 -0.000768 0.019616 -0.461206 -0.887076
1716803738.392364 -6.742613 -4.308311 -0.300497 -0.004227 0.025963 -0.499496 -0.865917
1716803738.485539 -6.733642 -4.269459 -0.286881 -0.007543 0.029137 -0.527328 -0.849129
1716803738.581718 -6.714532 -4.248073 -0.281378 -0.003361 0.033098 -0.547697 -0.836015
1716803738.763460 -6.677472 -4.198948 -0.273569 -0.005405 0.042717 -0.590229 -0.806087
1716803738.806793 -6.665158 -4.172570 -0.269677 -0.006001 0.044040 -0.601465 -0.797662
1716803738.949141 -6.616246 -4.139137 -0.274047 -0.004429 0.048866 -0.637515 -0.768874
1716803739.048217 -6.598303 -4.094389 -0.266963 -0.003977 0.052209 -0.668968 -0.741444
1716803739.080837 -6.605143 -4.095423 -0.267239 -0.004165 0.053169 -0.672147 -0.738494
1716803739.261894 -6.575161 -4.048586 -0.268489 -0.009095 0.058388 -0.723361 -0.687936
1716803739.374018 -6.528008 -4.047446 -0.272939 -0.013371 0.057399 -0.753837 -0.654413
1716803739.464324 -6.489615 -4.025398 -0.273005 -0.012714 0.056202 -0.777389 -0.626375
1716803739.482781 -6.476316 -4.022991 -0.271380 -0.014097 0.055617 -0.781102 -0.621762
1716803739.664301 -6.399696 -3.996153 -0.272469 -0.008132 0.053299 -0.819161 -0.571023
1716803739.764630 -6.364148 -3.983578 -0.264751 -0.001626 0.052358 -0.838961 -0.541665
1716803739.807311 -6.357093 -3.977013 -0.265666 0.002691 0.050828 -0.844759 -0.532721
1716803739.944143 -6.298356 -3.939928 -0.269858 0.006054 0.048481 -0.865276 -0.498909
1716803740.072091 -6.252706 -3.906818 -0.276832 0.006117 0.043884 -0.878766 -0.475192
1716803740.171353 -6.208966 -3.870743 -0.272921 0.002055 0.038153 -0.888341 -0.457592
1716803740.271479 -6.174399 -3.829680 -0.274516 -0.001860 0.035133 -0.892481 -0.449712
1716803740.373240 -6.134523 -3.781979 -0.295153 -0.003529 0.035094 -0.892502 -0.449661
1716803740.382015 -6.134302 -3.777788 -0.302762 -0.005364 0.030544 -0.895057 -0.444872
1716803740.561084 -6.054227 -3.699006 -0.284934 -0.004081 0.039818 -0.889438 -0.455299
1716803740.664315 -6.003494 -3.656268 -0.280517 -0.014934 0.036413 -0.888313 -0.457549
1716803740.771867 -5.958950 -3.604825 -0.275095 -0.017079 0.029049 -0.886671 -0.461171
1716803740.795398 -5.954836 -3.593877 -0.274271 -0.015896 0.025929 -0.885564 -0.463521
1716803740.946006 -5.876747 -3.532710 -0.271378 -0.017257 0.020464 -0.883515 -0.467637
1716803741.061717 -5.815736 -3.485040 -0.272569 -0.018285 0.023724 -0.882692 -0.468997
1716803741.171116 -5.756256 -3.442716 -0.265411 -0.016458 0.024664 -0.884692 -0.465233
1716803741.271257 -5.699482 -3.395230 -0.290700 -0.008242 0.035063 -0.888448 -0.457561
1716803741.370127 -5.641356 -3.350961 -0.271181 -0.005406 0.031817 -0.891109 -0.452639
1716803741.462559 -5.577689 -3.297827 -0.258013 0.000712 0.032505 -0.891193 -0.452457
1716803741.572664 -5.495089 -3.246880 -0.254769 0.001810 0.027480 -0.891188 -0.452798
1716803741.672824 -5.435284 -3.187002 -0.232832 0.004572 0.028326 -0.888920 -0.457163
1716803741.771859 -5.368823 -3.134718 -0.227030 0.003630 0.030650 -0.889584 -0.455728
1716803741.789283 -5.365559 -3.124863 -0.220472 0.008301 0.023558 -0.887842 -0.459470
1716803741.946373 -5.255510 -3.044603 -0.240080 0.006025 0.042963 -0.884985 -0.463594
1716803742.071231 -5.191767 -2.960291 -0.251930 0.001241 0.049136 -0.884960 -0.463066
1716803742.162623 -5.141498 -2.920884 -0.245742 -0.005440 0.045463 -0.885296 -0.462768
1716803742.272535 -5.078819 -2.864689 -0.244997 -0.001871 0.045081 -0.889753 -0.454208
1716803742.372433 -5.008463 -2.823674 -0.240033 0.001604 0.048071 -0.890578 -0.452280
1716803742.473536 -4.921568 -2.760541 -0.220620 -0.000195 0.061925 -0.890249 -0.451246
1716803742.573016 -4.840710 -2.703747 -0.218641 0.005201 0.064636 -0.893711 -0.443932
1716803742.673711 -4.778974 -2.649649 -0.233967 0.002683 0.064685 -0.894070 -0.443224
1716803742.767048 -4.734681 -2.599685 -0.222475 0.000082 0.061849 -0.892628 -0.446530
1716803742.876341 -4.673103 -2.536814 -0.204359 -0.003644 0.056487 -0.887598 -0.457127
1716803742.945605 -4.636492 -2.488626 -0.213657 -0.004982 0.061213 -0.884264 -0.462931
1716803742.982968 -4.623758 -2.468357 -0.206991 -0.004838 0.061118 -0.881293 -0.468577
1716803743.163911 -4.555024 -2.373581 -0.164230 -0.012873 0.059531 -0.872729 -0.484390
1716803743.264932 -4.519682 -2.305280 -0.135903 -0.017281 0.061426 -0.876255 -0.477604
1716803743.374772 -4.451960 -2.234550 -0.147632 -0.025565 0.043567 -0.878243 -0.475539
1716803743.474452 -4.382441 -2.165943 -0.135311 -0.029023 0.045438 -0.878298 -0.475063
1716803743.574805 -4.302659 -2.104962 -0.143163 -0.022452 0.042915 -0.877819 -0.476538
1716803743.673925 -4.213842 -2.047530 -0.166943 -0.015703 0.052787 -0.878139 -0.475225
1716803743.764957 -4.147351 -1.988877 -0.182245 -0.016741 0.048936 -0.878197 -0.475494
1716803743.799935 -4.130704 -1.967681 -0.178597 -0.023424 0.052499 -0.876624 -0.477730
1716803743.945690 -4.029462 -1.878751 -0.164948 -0.024103 0.041483 -0.872807 -0.485701
1716803744.072742 -3.944631 -1.794995 -0.147196 -0.025328 0.042355 -0.865109 -0.499151
1716803744.163692 -3.890218 -1.740040 -0.128899 -0.026072 0.046789 -0.858981 -0.509198
1716803744.273709 -3.835747 -1.668563 -0.128948 -0.037692 0.052427 -0.846884 -0.527843
1716803744.373600 -3.766533 -1.601837 -0.123289 -0.039194 0.053862 -0.838436 -0.540914
1716803744.472853 -3.717572 -1.545636 -0.142276 -0.040237 0.061107 -0.833193 -0.548121
1716803744.565020 -3.670312 -1.506237 -0.159104 -0.031642 0.058850 -0.831221 -0.551913
1716803744.581063 -3.666903 -1.507414 -0.139933 -0.038445 0.066124 -0.829944 -0.552578
1716803744.764426 -3.542602 -1.411601 -0.143755 -0.018502 0.072069 -0.834316 -0.546242
1716803744.799352 -3.537046 -1.393075 -0.157410 -0.008419 0.067582 -0.833358 -0.548521
1716803744.953916 -3.406497 -1.318911 -0.173119 -0.030358 0.052799 -0.838588 -0.541351
1716803745.046892 -3.309310 -1.273525 -0.155002 -0.041097 0.043056 -0.838036 -0.542359
1716803745.171947 -3.222050 -1.217663 -0.175093 -0.036293 0.045668 -0.827978 -0.557719
1716803745.272182 -3.147144 -1.150363 -0.175116 -0.027228 0.049695 -0.821048 -0.568040
1716803745.373080 -3.098096 -1.073790 -0.152466 -0.022797 0.058223 -0.813461 -0.578249
1716803745.472946 -3.046034 -1.000443 -0.113852 -0.029981 0.054772 -0.802943 -0.592776
1716803745.573523 -2.982851 -0.937915 -0.103215 -0.033041 0.057110 -0.800278 -0.595988
1716803745.672525 -2.921996 -0.883174 -0.098052 -0.034204 0.058003 -0.794777 -0.603154
1716803745.764553 -2.864008 -0.829177 -0.064999 -0.029754 0.061907 -0.794842 -0.602916
1716803745.787676 -2.858661 -0.818908 -0.061088 -0.030031 0.065728 -0.792159 -0.606022
1716803745.953491 -2.753016 -0.730739 -0.049873 -0.018686 0.076727 -0.795009 -0.601435
1716803746.062433 -2.666543 -0.683954 -0.052496 -0.018954 0.076946 -0.792166 -0.605139
1716803746.171674 -2.579949 -0.637997 -0.039955 -0.020136 0.071919 -0.788287 -0.610758
1716803746.262788 -2.505311 -0.589251 -0.046687 -0.012651 0.067466 -0.779380 -0.622781
1716803746.372358 -2.403909 -0.529490 -0.055190 -0.014808 0.063032 -0.763501 -0.642553
1716803746.463438 -2.346854 -0.476460 -0.056429 -0.022221 0.061753 -0.751169 -0.656839
1716803746.572925 -2.290020 -0.416420 -0.060742 -0.026851 0.067855 -0.739591 -0.669089
1716803746.664411 -2.246951 -0.373191 -0.069995 -0.031015 0.067170 -0.735439 -0.673539
1716803746.772866 -2.191450 -0.324505 -0.053290 -0.037696 0.065747 -0.726982 -0.682461
1716803746.880052 -2.104555 -0.280488 -0.039047 -0.036865 0.061776 -0.719178 -0.691092
1716803746.953869 -2.064428 -0.250052 -0.039368 -0.033570 0.065506 -0.714904 -0.695337
1716803747.072073 -1.959649 -0.202054 -0.036581 -0.022390 0.072844 -0.713473 -0.696526
1716803747.171981 -1.884564 -0.153863 -0.030909 -0.015773 0.076948 -0.709866 -0.699943
1716803747.273171 -1.796160 -0.106223 -0.022534 -0.011631 0.068831 -0.708514 -0.702236
1716803747.364913 -1.730071 -0.069632 -0.026245 -0.012272 0.068914 -0.701203 -0.709517
1716803747.465609 -1.669223 -0.037759 -0.030866 -0.013750 0.063028 -0.689596 -0.721316
1716803747.571777 -1.586862 -0.012049 -0.032539 -0.017312 0.062900 -0.671012 -0.738571
1716803747.670659 -1.532401 0.020100 -0.053911 -0.014692 0.068106 -0.655389 -0.752071
1716803747.742859 -1.524212 0.057106 -0.052496 -0.018906 0.068718 -0.637819 -0.766882
1716803747.782465 -1.505673 0.074964 -0.038206 -0.018646 0.070189 -0.629570 -0.773542
1716803747.937152 -1.424840 0.127266 -0.036569 -0.027302 0.065757 -0.615067 -0.785254
1716803748.065915 -1.343452 0.182226 -0.038207 -0.024906 0.068977 -0.598050 -0.798096
1716803748.165834 -1.274800 0.210196 -0.032628 -0.018837 0.077534 -0.587023 -0.805629
1716803748.256257 -1.208748 0.227145 -0.036086 -0.012508 0.079914 -0.577270 -0.812537
1716803748.355695 -1.133525 0.236397 -0.042031 -0.007246 0.083445 -0.567569 -0.819054
1716803748.401245 -1.096686 0.254859 -0.023657 -0.003538 0.088550 -0.558605 -0.824686
1716803748.536242 -0.983717 0.260028 0.000816 -0.009629 0.074075 -0.543379 -0.836157
1716803748.665853 -0.894966 0.277284 0.001956 -0.002486 0.064999 -0.499472 -0.863884
1716803748.774533 -0.825205 0.286368 -0.007404 -0.003170 0.063884 -0.469859 -0.880421
1716803748.783394 -0.817849 0.271074 -0.012800 0.022452 0.077006 -0.481337 -0.872858
1716803748.965069 -0.746187 0.321332 -0.021716 -0.007266 0.069196 -0.408620 -0.910049
1716803749.065058 -0.712661 0.332956 -0.040984 -0.010628 0.072289 -0.375560 -0.923914
1716803749.173663 -0.649629 0.328556 -0.046822 -0.010915 0.067209 -0.343711 -0.936604
1716803749.273807 -0.606056 0.327594 -0.031293 -0.008669 0.063557 -0.317352 -0.946136
1716803749.364798 -0.580201 0.339236 -0.013296 0.001406 0.065298 -0.293357 -0.953769
1716803749.383335 -0.583664 0.344690 -0.025957 0.000680 0.067233 -0.279810 -0.957698
1716803749.556161 -0.494765 0.301098 0.006277 0.015969 0.064007 -0.256070 -0.964405
1716803749.583535 -0.466953 0.295055 0.008786 0.024332 0.069911 -0.251436 -0.965039
1716803749.765632 -0.355071 0.273407 -0.000096 0.015623 0.054896 -0.203855 -0.977336
1716803749.791617 -0.335458 0.250359 -0.000498 0.012713 0.046057 -0.199903 -0.978650
1716803749.964995 -0.257842 0.253406 0.007057 0.001187 0.059731 -0.135302 -0.989002
1716803750.064939 -0.213257 0.234935 -0.001494 0.000109 0.056949 -0.098731 -0.993483
1716803750.081185 -0.208432 0.216589 -0.014130 0.001806 0.056671 -0.091897 -0.994153
1716803750.258579 -0.186185 0.192693 -0.023235 0.005496 0.049184 -0.058182 -0.997079
1716803750.363565 -0.188610 0.173525 -0.046477 0.007956 0.046427 -0.051499 -0.997562
1716803750.464131 -0.193221 0.158931 -0.045221 0.017367 0.043667 -0.055684 -0.997342
1716803750.573435 -0.161353 0.132246 -0.026560 0.015381 0.029289 -0.058404 -0.997745
1716803750.673463 -0.134313 0.092609 -0.016917 0.018179 0.023958 -0.061370 -0.997662
1716803750.773333 -0.106261 0.050094 -0.014562 0.013554 0.024678 -0.054157 -0.998135
1716803750.781607 -0.091988 0.044637 -0.009759 0.014431 0.023059 -0.056976 -0.998005
1716803750.955909 -0.034219 0.007417 0.000901 0.005455 0.018168 -0.032257 -0.999300
1716803751.063345 -0.015930 -0.005964 -0.003764 -0.001593 0.015078 -0.025549 -0.999559
1716803751.171423 -0.029149 0.007797 -0.008275 -0.009791 0.011751 -0.028256 -0.999484
1716803751.271131 -0.019436 -0.007980 -0.018693 -0.012263 0.013579 -0.028369 -0.999430
1716803751.362773 0.004129 -0.029389 -0.025538 -0.015970 0.016252 -0.031446 -0.999246
1716803751.471922 0.011680 -0.043000 -0.036115 -0.014603 0.017300 -0.031861 -0.999236
1716803751.563584 0.016971 -0.053261 -0.037319 -0.009420 0.016940 -0.027732 -0.999427
1716803751.672694 0.024095 -0.065091 -0.043492 0.001329 0.016175 -0.021458 -0.999638
1716803751.772996 0.020620 -0.068170 -0.041853 0.004173 0.019752 -0.018539 -0.999624
1716803751.781789 0.015202 -0.067598 -0.031205 0.007851 0.017663 -0.015976 -0.999686
1716803751.956218 0.013869 -0.073974 -0.028119 0.011838 0.024501 -0.015420 -0.999511
1716803752.064042 0.018675 -0.086390 -0.035220 0.013406 0.025010 -0.012758 -0.999516
1716803752.163444 0.009247 -0.083290 -0.032297 0.015782 0.024180 -0.011886 -0.999512
