1716882668.905489 -0.002177 -0.019493 -0.016024 0.001958 0.002445 -0.000538 0.999995
1716882669.046067 -0.010440 -0.033498 -0.031507 0.004541 0.001988 0.000470 0.999988
1716882669.146124 -0.020109 -0.051795 -0.050120 0.006454 0.002060 0.004124 0.999969
1716882669.237329 -0.021438 -0.071326 -0.067250 0.010923 0.000596 0.005861 0.999923
1716882669.337718 -0.029682 -0.094425 -0.072033 0.012735 0.009245 0.007894 0.999845
1716882669.446903 -0.021861 -0.139153 -0.070639 0.010796 -0.004530 0.000936 0.999931
1716882669.549233 -0.012355 -0.173725 -0.063509 0.004021 -0.005923 0.002501 0.999971
1716882669.645511 -0.003450 -0.198191 -0.060603 0.009319 -0.004689 -0.007740 0.999916
1716882669.736434 0.007093 -0.228002 -0.061777 -0.002624 -0.008647 -0.006945 0.999935
1716882669.844395 0.012457 -0.276008 -0.075644 0.005521 -0.009119 -0.013854 0.999847
1716882669.945040 0.019274 -0.329219 -0.086260 0.006363 -0.014060 -0.013202 0.999794
1716882669.953494 0.022799 -0.321190 -0.085569 0.004909 -0.009353 -0.013035 0.999859
1716882670.127330 0.025015 -0.433319 -0.119559 0.017738 -0.016488 -0.014928 0.999595
1716882670.245668 0.029432 -0.504252 -0.149366 0.018722 -0.018418 -0.014401 0.999551
1716882670.336577 0.018462 -0.564131 -0.156955 0.014656 -0.011466 -0.014666 0.999719
1716882670.444559 0.010048 -0.639071 -0.168020 -0.013178 -0.001840 -0.012033 0.999839
1716882670.544429 0.004312 -0.713021 -0.170555 -0.011041 0.005420 -0.004300 0.999915
1716882670.636809 -0.004547 -0.783326 -0.180004 -0.014555 0.000482 0.002821 0.999890
1716882670.725257 -0.008629 -0.844601 -0.191805 -0.011964 -0.003559 0.011661 0.999854
1716882670.843209 -0.013838 -0.940603 -0.205594 -0.006879 -0.007819 0.010334 0.999892
1716882670.951873 -0.008505 -1.027040 -0.211920 -0.005415 -0.010049 0.017491 0.999782
1716882671.032303 -0.002742 -1.093695 -0.211249 -0.002033 -0.007598 0.008889 0.999930
1716882671.052976 0.002324 -1.109718 -0.222520 0.003215 -0.008660 0.014100 0.999858
1716882671.225805 0.005277 -1.239667 -0.235748 -0.001977 -0.009868 -0.003569 0.999943
1716882671.343595 0.000241 -1.320452 -0.251071 0.004446 -0.017349 -0.007899 0.999808
1716882671.435258 -0.001811 -1.387258 -0.266411 0.006710 -0.019430 -0.007760 0.999759
1716882671.551994 -0.009556 -1.461122 -0.285958 0.006402 -0.021309 -0.004581 0.999742
1716882671.627013 -0.013962 -1.514039 -0.292904 0.007348 -0.019370 0.000086 0.999785
1716882671.743056 -0.034913 -1.601856 -0.312332 -0.000144 -0.015849 0.009113 0.999833
1716882671.834390 -0.056486 -1.674265 -0.320018 -0.001284 -0.010895 0.017929 0.999779
1716882671.935024 -0.067736 -1.740297 -0.328550 -0.000959 -0.002939 0.022794 0.999735
1716882672.036813 -0.071079 -1.820173 -0.345904 0.008072 -0.007548 0.027327 0.999565
1716882672.145833 -0.075019 -1.912184 -0.359657 0.005904 -0.014722 0.021982 0.999633
1716882672.246154 -0.074032 -1.983383 -0.365873 0.004378 -0.015754 0.021245 0.999641
1716882672.328240 -0.075780 -2.049486 -0.376449 -0.000148 -0.016078 0.015742 0.999747
1716882672.353649 -0.067368 -2.068995 -0.387699 0.007901 -0.016225 0.016890 0.999694
1716882672.535755 -0.063487 -2.206477 -0.400442 0.009689 -0.022044 0.007153 0.999684
1716882672.635925 -0.061119 -2.277939 -0.417107 0.015330 -0.025393 0.004249 0.999551
1716882672.728021 -0.068010 -2.348237 -0.435395 0.010933 -0.027235 0.004048 0.999561
1716882672.837971 -0.074118 -2.440502 -0.452753 0.003614 -0.024668 0.005076 0.999676
1716882672.928644 -0.073863 -2.511783 -0.457792 0.003324 -0.020772 0.011278 0.999715
1716882673.036200 -0.074693 -2.594284 -0.473464 -0.000537 -0.017776 0.016843 0.999700
1716882673.136233 -0.086666 -2.661520 -0.479025 -0.005009 -0.010850 0.021823 0.999690
1716882673.236841 -0.099622 -2.738011 -0.487358 -0.001333 -0.010087 0.027701 0.999564
1716882673.346395 -0.106424 -2.831099 -0.495883 0.002854 -0.013111 0.031440 0.999416
1716882673.382194 -0.107685 -2.857327 -0.515402 -0.002412 -0.012243 0.035965 0.999275
1716882673.513169 -0.107704 -2.963218 -0.532520 -0.011046 -0.012187 0.029823 0.999420
1716882673.647240 -0.114634 -3.098675 -0.536955 -0.001148 -0.018458 0.007855 0.999798
1716882673.744610 -0.116774 -3.186475 -0.549427 0.003559 -0.021799 0.001484 0.999755
1716882673.837271 -0.120649 -3.264356 -0.572969 0.005531 -0.021895 -0.002949 0.999741
1716882673.937266 -0.129393 -3.339999 -0.595348 0.011043 -0.021708 -0.002795 0.999699
1716882674.022560 -0.136354 -3.403298 -0.608685 0.008609 -0.017082 -0.000118 0.999817
1716882674.136463 -0.152055 -3.496199 -0.626174 0.004975 -0.011558 0.004734 0.999910
1716882674.236818 -0.167179 -3.569732 -0.627766 0.002878 -0.007286 0.014239 0.999868
1716882674.346121 -0.190816 -3.690165 -0.660049 -0.001212 -0.002092 0.022352 0.999747
1716882674.446594 -0.192155 -3.763137 -0.675585 0.001534 -0.005649 0.028566 0.999575
1716882674.538471 -0.192840 -3.838112 -0.689657 0.003458 -0.013599 0.035874 0.999258
1716882674.646023 -0.177717 -3.936049 -0.701469 -0.003102 -0.012797 0.025580 0.999586
1716882674.742875 -0.178359 -4.030458 -0.692712 0.002797 -0.027642 0.022548 0.999360
1716882674.846602 -0.174209 -4.139347 -0.696668 0.004811 -0.031071 0.011690 0.999437
1716882674.920841 -0.168952 -4.199879 -0.708071 0.005481 -0.035694 0.012452 0.999270
1716882675.044883 -0.165823 -4.309599 -0.734557 0.010139 -0.037142 0.009373 0.999215
1716882675.146182 -0.164496 -4.391242 -0.757384 0.008862 -0.035975 0.012826 0.999231
1716882675.248694 -0.170836 -4.491376 -0.777668 0.005271 -0.033378 0.016318 0.999296
1716882675.337060 -0.179293 -4.582037 -0.779754 0.002521 -0.028941 0.024630 0.999274
1716882675.445654 -0.184632 -4.690239 -0.790063 0.002581 -0.028314 0.034285 0.999008
1716882675.536929 -0.178975 -4.768301 -0.807340 0.005342 -0.024395 0.043233 0.998753
1716882675.553538 -0.174763 -4.788767 -0.805331 0.014683 -0.026113 0.048183 0.998389
1716882675.744369 -0.158194 -4.970271 -0.842298 0.007827 -0.023610 0.036820 0.999012
1716882675.835453 -0.155588 -5.057785 -0.855847 0.004245 -0.021520 0.032161 0.999242
1716882675.934832 -0.151453 -5.182911 -0.862827 -0.000929 -0.023094 0.018186 0.999567
1716882675.952702 -0.144251 -5.204104 -0.866066 0.000740 -0.022335 0.020629 0.999537
1716882676.134609 -0.137343 -5.387313 -0.896196 0.005122 -0.029482 0.000393 0.999552
1716882676.243841 -0.136303 -5.493278 -0.920104 0.007889 -0.035868 -0.001393 0.999324
1716882676.335418 -0.150667 -5.584920 -0.937195 0.001969 -0.031590 -0.001265 0.999498
1716882676.352922 -0.151938 -5.596649 -0.941162 0.004622 -0.035690 -0.002775 0.999348
1716882676.535666 -0.168119 -5.772614 -0.953176 -0.007882 -0.023837 0.011402 0.999620
1716882676.636341 -0.173275 -5.862242 -0.967875 -0.004003 -0.019205 0.019404 0.999619
1716882676.744694 -0.169922 -5.964001 -0.983826 -0.002686 -0.017739 0.021079 0.999617
1716882676.836196 -0.163120 -6.061079 -0.999107 -0.005477 -0.017767 0.022927 0.999564
1716882676.943573 -0.150163 -6.179982 -1.013858 -0.006156 -0.017677 0.019158 0.999641
1716882677.043718 -0.137780 -6.291947 -1.022659 -0.007143 -0.021642 0.011946 0.999669
1716882677.143898 -0.135918 -6.401718 -1.029529 -0.003768 -0.028591 0.007806 0.999554
1716882677.244154 -0.129016 -6.496931 -1.057238 -0.000178 -0.033279 0.000129 0.999446
1716882677.335789 -0.125966 -6.583515 -1.079937 0.002117 -0.037267 0.000199 0.999303
1716882677.445552 -0.131224 -6.690244 -1.095906 -0.007187 -0.035501 -0.002499 0.999341
1716882677.546055 -0.136567 -6.784359 -1.103386 -0.015303 -0.031243 -0.000406 0.999395
1716882677.645909 -0.133777 -6.880530 -1.114834 -0.009353 -0.029572 0.006235 0.999499
1716882677.737542 -0.125090 -6.967533 -1.142059 -0.003330 -0.027633 0.012043 0.999540
1716882677.754196 -0.123900 -6.992760 -1.143476 0.000331 -0.026512 0.012055 0.999576
1716882677.936651 -0.115461 -7.178690 -1.182321 0.006733 -0.027015 0.005536 0.999597
1716882678.046045 -0.107118 -7.297057 -1.204031 0.008593 -0.030336 -0.000392 0.999503
1716882678.136037 -0.093648 -7.394432 -1.218755 0.010673 -0.031051 -0.007916 0.999429
1716882678.245348 -0.081858 -7.506177 -1.228813 0.010464 -0.034665 -0.014148 0.999244
1716882678.325423 -0.083389 -7.583668 -1.230598 0.010732 -0.037350 -0.018863 0.999067
1716882678.443578 -0.083814 -7.690082 -1.243659 0.012676 -0.036466 -0.023038 0.998989
1716882678.546273 -0.083317 -7.792317 -1.257129 0.016428 -0.039200 -0.023573 0.998818
1716882678.637279 -0.083229 -7.875385 -1.270951 0.013473 -0.034736 -0.022130 0.999061
1716882678.745977 -0.081334 -7.984112 -1.300330 0.018638 -0.024388 -0.014518 0.999423
1716882678.847912 -0.083288 -8.083273 -1.307184 0.011162 -0.017940 -0.010932 0.999717
1716882678.946176 -0.088630 -8.172363 -1.331879 0.023200 -0.013496 -0.006581 0.999618
1716882679.042701 -0.088372 -8.252740 -1.339216 0.021190 -0.013551 -0.007899 0.999652
1716882679.136564 -0.085776 -8.342063 -1.345333 0.022948 -0.014789 -0.009999 0.999577
1716882679.245729 -0.077981 -8.467404 -1.375066 0.015312 -0.015871 -0.010967 0.999697
1716882679.345506 -0.065305 -8.574138 -1.381337 0.011908 -0.015283 -0.016416 0.999678
1716882679.436566 -0.062214 -8.666898 -1.373154 0.018571 -0.020496 -0.017116 0.999471
1716882679.545971 -0.058039 -8.766856 -1.397933 0.019317 -0.024170 -0.029025 0.999100
1716882679.638203 -0.059813 -8.856829 -1.420113 0.028873 -0.027211 -0.027547 0.998833
1716882679.745923 -0.065385 -8.968555 -1.444386 0.022063 -0.023924 -0.032261 0.998950
1716882679.845452 -0.068939 -9.072223 -1.453931 0.017173 -0.017473 -0.030636 0.999230
1716882679.936436 -0.075407 -9.166288 -1.465889 0.015238 -0.010884 -0.024836 0.999516
1716882680.035649 -0.082614 -9.269597 -1.489170 0.018612 -0.012015 -0.017552 0.999601
1716882680.144474 -0.086246 -9.393010 -1.502115 0.018641 -0.009465 -0.019446 0.999592
1716882680.244614 -0.087719 -9.497888 -1.539045 0.016594 -0.013503 -0.014123 0.999671
1716882680.336074 -0.082436 -9.590879 -1.557865 0.019897 -0.015182 -0.022398 0.999436
1716882680.445310 -0.085668 -9.698261 -1.559770 0.012949 -0.017711 -0.027464 0.999382
1716882680.536862 -0.085902 -9.785894 -1.561813 0.018464 -0.021518 -0.035642 0.998962
1716882680.644878 -0.092929 -9.891206 -1.576031 0.019367 -0.023538 -0.041497 0.998674
1716882680.745086 -0.094767 -10.014535 -1.590976 0.023893 -0.027223 -0.044492 0.998353
1716882680.843788 -0.094631 -10.123643 -1.603931 0.016287 -0.029968 -0.045349 0.998389
1716882680.941567 -0.098760 -10.226902 -1.612044 0.013568 -0.028432 -0.038873 0.998747
1716882681.043255 -0.123632 -10.331053 -1.631202 0.008146 -0.024512 -0.032508 0.999138
1716882681.134468 -0.143348 -10.432163 -1.644922 0.015514 -0.020918 -0.023149 0.999393
1716882681.243660 -0.163365 -10.541745 -1.663535 0.015950 -0.018219 -0.018881 0.999528
1716882681.343753 -0.172479 -10.640002 -1.685818 0.020847 -0.018020 -0.011812 0.999550
1716882681.435417 -0.169243 -10.724341 -1.718733 0.024052 -0.019203 -0.012213 0.999452
1716882681.544309 -0.170000 -10.836123 -1.745083 0.022947 -0.024282 -0.012282 0.999366
1716882681.644432 -0.168775 -10.959534 -1.765106 0.027284 -0.026901 -0.016261 0.999133
1716882681.736270 -0.164077 -11.075152 -1.764912 0.029338 -0.029395 -0.016235 0.999005
1716882681.850210 -0.165257 -11.207596 -1.781421 0.033780 -0.031125 -0.011689 0.998876
1716882681.943742 -0.177006 -11.304381 -1.795645 0.030546 -0.030100 -0.008064 0.999047
1716882682.035157 -0.192471 -11.402485 -1.816812 0.019695 -0.025342 0.003084 0.999480
1716882682.143822 -0.212231 -11.517298 -1.816727 0.017251 -0.024026 0.011809 0.999493
1716882682.235219 -0.223951 -11.611699 -1.827583 0.015620 -0.021582 0.024081 0.999355
1716882682.344944 -0.219030 -11.709602 -1.843399 0.017301 -0.023256 0.028004 0.999187
1716882682.451569 -0.211714 -11.809059 -1.867691 0.017080 -0.025627 0.029841 0.999080
1716882682.536978 -0.210991 -11.891423 -1.889704 0.018491 -0.026753 0.020817 0.999254
1716882682.645636 -0.222789 -12.022810 -1.917956 0.024790 -0.033664 -0.003684 0.999119
1716882682.745417 -0.227749 -12.132311 -1.937908 0.026296 -0.031937 -0.022272 0.998896
1716882682.848276 -0.220334 -12.240120 -1.951131 0.025237 -0.032627 -0.032845 0.998609
1716882682.936027 -0.214329 -12.329143 -1.956669 0.028197 -0.031723 -0.038986 0.998338
1716882683.044740 -0.211545 -12.439097 -1.970575 0.020341 -0.030607 -0.037886 0.998606
1716882683.144893 -0.215609 -12.534262 -1.982071 0.013493 -0.030571 -0.035169 0.998823
1716882683.236175 -0.218589 -12.635364 -1.996081 0.008190 -0.028761 -0.026586 0.999199
1716882683.345803 -0.225849 -12.744317 -1.995477 0.007114 -0.025934 -0.019482 0.999448
1716882683.437233 -0.226853 -12.826904 -2.005760 0.000986 -0.024452 -0.013540 0.999609
1716882683.546120 -0.227387 -12.919294 -2.027321 0.008262 -0.025095 -0.011923 0.999580
1716882683.637172 -0.229088 -13.006022 -2.041294 0.011991 -0.022742 -0.018122 0.999505
1716882683.745630 -0.234313 -13.105506 -2.053505 0.010784 -0.030539 -0.032809 0.998937
1716882683.848863 -0.236177 -13.210161 -2.063976 0.008328 -0.028685 -0.046383 0.998477
1716882683.918991 -0.234331 -13.277333 -2.080105 0.004704 -0.030910 -0.052040 0.998155
1716882683.954344 -0.233084 -13.307336 -2.079841 0.010183 -0.031303 -0.057937 0.997777
1716882684.145119 -0.247682 -13.488181 -2.122602 0.012588 -0.033480 -0.059716 0.997574
1716882684.245324 -0.266310 -13.580830 -2.146416 0.005928 -0.032893 -0.052348 0.998069
1716882684.345179 -0.285433 -13.705134 -2.154272 0.010396 -0.025579 -0.043428 0.998675
1716882684.436458 -0.296446 -13.808569 -2.165794 0.001748 -0.023471 -0.033974 0.999146
1716882684.545385 -0.307407 -13.903716 -2.174174 0.007105 -0.020038 -0.018908 0.999595
1716882684.645784 -0.308866 -13.980190 -2.181684 0.013953 -0.018902 -0.014249 0.999622
1716882684.745677 -0.307353 -14.055370 -2.197664 0.019149 -0.022397 -0.008541 0.999529
1716882684.846250 -0.306340 -14.139271 -2.213282 0.019334 -0.023331 -0.011493 0.999475
1716882684.936531 -0.308058 -14.225632 -2.228656 0.016582 -0.026661 -0.016892 0.999364
1716882685.044607 -0.311553 -14.331498 -2.238713 0.018049 -0.025746 -0.027789 0.999119
1716882685.135342 -0.311922 -14.417549 -2.249576 0.015016 -0.032092 -0.038137 0.998644
1716882685.244174 -0.316603 -14.527820 -2.272003 0.018468 -0.033022 -0.035338 0.998659
1716882685.344247 -0.325410 -14.640316 -2.300425 0.014727 -0.033664 -0.026363 0.998977
1716882685.444530 -0.334714 -14.746052 -2.326845 0.005770 -0.035866 -0.012524 0.999261
1716882685.536036 -0.340465 -14.834250 -2.331772 0.010356 -0.032486 0.003968 0.999411
1716882685.636554 -0.343391 -14.933191 -2.334733 0.005486 -0.029313 0.020674 0.999341
1716882685.744498 -0.339330 -15.025546 -2.346292 0.002434 -0.028989 0.040772 0.998745
1716882685.843969 -0.335622 -15.106281 -2.361866 0.007946 -0.034426 0.058638 0.997654
1716882685.935029 -0.329248 -15.177017 -2.370655 0.003282 -0.033925 0.066758 0.997187
1716882686.034341 -0.314650 -15.262225 -2.380051 0.006178 -0.035572 0.068821 0.996976
1716882686.143159 -0.299911 -15.355760 -2.385840 0.006103 -0.042087 0.074925 0.996282
1716882686.243157 -0.284180 -15.438959 -2.397970 0.011449 -0.046135 0.084657 0.995276
1716882686.343247 -0.267974 -15.516716 -2.405041 0.007878 -0.049247 0.098575 0.993879
1716882686.434855 -0.249071 -15.579001 -2.420938 0.012367 -0.054666 0.118712 0.991346
1716882686.535586 -0.217824 -15.658486 -2.435069 0.007077 -0.056964 0.148295 0.987276
1716882686.644273 -0.181729 -15.727745 -2.440717 -0.001662 -0.059760 0.183004 0.981293
1716882686.736935 -0.188538 -15.786540 -2.445621 0.000857 -0.051196 0.227369 0.972462
1716882686.835394 -0.158236 -15.844492 -2.447231 0.005995 -0.053109 0.288803 0.955896
1716882686.852149 -0.141882 -15.856930 -2.450228 0.005055 -0.052301 0.299149 0.952759
1716882687.043380 -0.064174 -15.959035 -2.470777 0.007689 -0.062933 0.352936 0.933497
1716882687.134657 -0.013421 -16.005831 -2.477928 0.008723 -0.064977 0.366102 0.928262
1716882687.243851 0.046510 -16.045638 -2.486500 0.006655 -0.071415 0.382891 0.921005
1716882687.344240 0.108059 -16.072940 -2.488542 0.009503 -0.079131 0.394965 0.915232
1716882687.436109 0.157085 -16.097790 -2.493715 0.004952 -0.086166 0.403341 0.910970
1716882687.545365 0.215000 -16.119609 -2.493296 0.007889 -0.095861 0.419950 0.902436
1716882687.645581 0.267059 -16.140169 -2.502739 0.005828 -0.103295 0.440501 0.891771
1716882687.736963 0.308567 -16.166794 -2.502402 0.011741 -0.104470 0.470809 0.875949
1716882687.836194 0.346988 -16.181679 -2.503209 0.014330 -0.107937 0.507302 0.854862
1716882687.853567 0.357884 -16.177637 -2.501346 0.016738 -0.105892 0.510481 0.853180
1716882688.036000 0.453514 -16.207310 -2.516533 0.010832 -0.111375 0.565168 0.817351
1716882688.144703 0.515625 -16.217099 -2.503840 0.010275 -0.113817 0.596037 0.794783
1716882688.236065 0.568809 -16.221896 -2.497078 -0.000960 -0.115099 0.623414 0.773373
1716882688.346398 0.635349 -16.217087 -2.482420 -0.003814 -0.115545 0.657555 0.744484
1716882688.366402 0.635257 -16.194614 -2.487061 -0.005640 -0.110044 0.666615 0.737213
1716882688.454974 0.669446 -16.180166 -2.488136 0.001452 -0.109868 0.693867 0.711671
1716882688.637044 0.751990 -16.140206 -2.490963 0.008492 -0.107433 0.737783 0.666380
1716882688.745596 0.813291 -16.092394 -2.480352 0.007363 -0.122377 0.760702 0.637418
1716882688.845374 0.867523 -16.052505 -2.456241 0.014891 -0.123274 0.779476 0.614003
1716882688.927527 0.894103 -16.027324 -2.447584 0.008450 -0.134336 0.797484 0.588135
1716882688.954365 0.901116 -16.010144 -2.442760 0.007953 -0.136309 0.796475 0.589054
1716882689.144959 0.981982 -15.918343 -2.427954 0.008346 -0.133143 0.846184 0.515923
1716882689.235990 1.031511 -15.868354 -2.422490 0.009742 -0.128417 0.865739 0.483643
1716882689.336546 1.077935 -15.809262 -2.422931 0.012094 -0.124333 0.887536 0.443481
1716882689.354900 1.075883 -15.797116 -2.425164 0.016292 -0.119339 0.892615 0.434432
1716882689.536738 1.148292 -15.672572 -2.412033 0.011571 -0.122260 0.927841 0.352178
1716882689.645570 1.193414 -15.590670 -2.389609 0.004787 -0.127924 0.945048 0.300827
1716882689.745339 1.225102 -15.531740 -2.373417 0.002165 -0.127746 0.957946 0.256935
1716882689.836462 1.240937 -15.473460 -2.369528 -0.001051 -0.127262 0.966135 0.224469
1716882689.936161 1.256276 -15.417242 -2.366754 -0.001419 -0.119452 0.974305 0.190940
1716882689.962498 1.262409 -15.419459 -2.367216 -0.009214 -0.124305 0.975697 0.180221
1716882690.113667 1.281179 -15.314312 -2.364807 -0.003287 -0.104859 0.984491 0.140613
1716882690.153461 1.279336 -15.279127 -2.365651 0.004652 -0.094285 0.987138 0.129023
1716882690.334306 1.276656 -15.154592 -2.345179 0.001216 -0.107315 0.988074 0.110417
1716882690.435934 1.295695 -15.064153 -2.323560 0.007134 -0.110812 0.989274 0.094900
1716882690.536887 1.300785 -14.990184 -2.304931 0.006393 -0.109311 0.990655 0.081320
1716882690.644575 1.304423 -14.898063 -2.293420 0.007258 -0.107511 0.991313 0.075413
1716882690.652591 1.291753 -14.916882 -2.292429 0.005447 -0.101686 0.991638 0.079272
1716882690.835409 1.318268 -14.758283 -2.260881 -0.000226 -0.121659 0.991242 0.051369
1716882690.934498 1.336520 -14.672499 -2.242606 -0.004107 -0.127744 0.991008 0.039594
1716882691.043210 1.352740 -14.578579 -2.232258 -0.009651 -0.115163 0.992915 0.027641
1716882691.143426 1.367060 -14.486213 -2.227610 -0.019591 -0.118312 0.992596 0.019285
1716882691.243007 1.382190 -14.391654 -2.216729 -0.020741 -0.110217 0.993621 0.011812
1716882691.334567 1.385293 -14.318273 -2.216621 -0.020059 -0.108079 0.993797 0.016864
1716882691.443709 1.395070 -14.208776 -2.192425 -0.011086 -0.107699 0.993862 0.022722
1716882691.535821 1.399660 -14.117599 -2.169644 -0.007334 -0.112060 0.993222 0.029975
1716882691.644106 1.396795 -14.006371 -2.149986 -0.004394 -0.108632 0.993551 0.032195
1716882691.744454 1.392356 -13.914740 -2.130512 -0.007160 -0.108963 0.993512 0.031770
1716882691.837534 1.390711 -13.830498 -2.117364 -0.008640 -0.110281 0.993475 0.027775
1716882691.943678 1.388511 -13.743326 -2.111139 -0.010399 -0.112688 0.993418 0.017708
1716882692.043267 1.389798 -13.655601 -2.102109 -0.016380 -0.112146 0.993516 0.009028
1716882692.134708 1.389849 -13.574492 -2.092158 -0.021089 -0.116210 0.993001 -0.000687
1716882692.244123 1.390481 -13.453121 -2.071337 -0.025434 -0.119170 0.992428 -0.015462
1716882692.344137 1.386413 -13.362591 -2.059210 -0.026164 -0.115180 0.992873 -0.015870
1716882692.436097 1.382836 -13.278857 -2.053870 -0.023256 -0.114201 0.993102 -0.012891
1716882692.545271 1.375791 -13.172160 -2.035977 -0.021116 -0.116176 0.993003 -0.001161
1716882692.645405 1.370778 -13.081158 -2.022128 -0.013938 -0.113397 0.993426 0.007138
1716882692.745253 1.365450 -12.981312 -2.011843 -0.010339 -0.105116 0.994224 0.019046
1716882692.841743 1.359931 -12.896692 -2.005816 -0.006602 -0.103060 0.994353 0.024446
1716882692.935522 1.357068 -12.821964 -1.997467 -0.002635 -0.100888 0.994564 0.025626
1716882693.044547 1.357917 -12.730986 -1.986707 -0.002095 -0.103699 0.994313 0.024175
1716882693.144716 1.363746 -12.619550 -1.980894 -0.007331 -0.110236 0.993764 0.015062
1716882693.245362 1.389928 -12.504779 -1.943708 -0.009676 -0.114682 0.993349 -0.003536
1716882693.336323 1.393867 -12.419355 -1.921497 -0.017579 -0.108035 0.993887 -0.014444
1716882693.436986 1.389485 -12.326671 -1.908160 -0.020067 -0.112144 0.993177 -0.024894
1716882693.455127 1.386842 -12.315682 -1.905241 -0.024201 -0.104945 0.993746 -0.029502
1716882693.594586 1.393119 -12.203148 -1.894551 -0.023014 -0.109409 0.993251 -0.030852
1716882693.687273 1.386145 -12.141030 -1.901026 -0.021319 -0.112053 0.993155 -0.025147
1716882693.850764 1.385499 -12.003868 -1.874403 -0.020470 -0.116768 0.992863 -0.012991
1716882693.917531 1.389129 -11.946622 -1.869744 -0.016902 -0.110620 0.993680 -0.008791
1716882693.954881 1.385819 -11.914401 -1.857050 -0.019392 -0.105993 0.994172 -0.003375
1716882694.144943 1.399807 -11.757304 -1.835045 -0.011160 -0.110072 0.993853 -0.004025
1716882694.244927 1.407151 -11.665309 -1.824078 -0.012958 -0.114308 0.993315 -0.009589
1716882694.345529 1.409960 -11.563269 -1.793395 -0.020050 -0.112730 0.993150 -0.023315
1716882694.436466 1.421185 -11.493270 -1.784490 -0.035822 -0.122279 0.991106 -0.038374
1716882694.536712 1.429508 -11.405023 -1.752856 -0.035446 -0.113787 0.991867 -0.044667
1716882694.645583 1.446090 -11.297814 -1.748593 -0.034519 -0.104606 0.992768 -0.047731
1716882694.745455 1.471434 -11.196316 -1.746043 -0.029659 -0.101124 0.993286 -0.047730
1716882694.844945 1.484435 -11.103749 -1.735889 -0.026735 -0.103961 0.993487 -0.038226
1716882694.937461 1.495060 -11.009375 -1.740375 -0.020609 -0.099340 0.994369 -0.030597
1716882694.953242 1.477579 -11.004650 -1.725101 -0.024963 -0.097307 0.994601 -0.026011
1716882695.135272 1.475785 -10.849870 -1.699489 -0.014809 -0.099364 0.994779 -0.017966
1716882695.153054 1.472019 -10.831819 -1.693560 -0.015544 -0.098422 0.994909 -0.015106
1716882695.325969 1.473928 -10.687435 -1.677294 -0.010534 -0.096850 0.995096 -0.017148
1716882695.444834 1.477072 -10.575335 -1.673226 -0.010535 -0.105428 0.994075 -0.024252
1716882695.544920 1.473006 -10.492089 -1.639667 -0.020012 -0.107765 0.993433 -0.032825
1716882695.636312 1.465360 -10.406410 -1.615356 -0.027530 -0.115800 0.992136 -0.038705
1716882695.735966 1.470499 -10.313600 -1.613818 -0.028031 -0.111071 0.992446 -0.043924
1716882695.752010 1.476302 -10.299232 -1.607603 -0.034052 -0.107709 0.992529 -0.046092
1716882695.936621 1.488069 -10.146573 -1.581420 -0.031314 -0.111634 0.992572 -0.036861
1716882696.034544 1.456451 -10.053900 -1.562246 -0.032058 -0.116813 0.992358 -0.023525
1716882696.146510 1.431175 -9.953268 -1.531915 -0.028344 -0.122243 0.992044 -0.010141
1716882696.242923 1.415844 -9.866974 -1.518357 -0.027364 -0.117541 0.992690 0.001208
1716882696.336928 1.428151 -9.783029 -1.508844 -0.019297 -0.117604 0.992857 0.005578
1716882696.435320 1.428657 -9.697495 -1.514932 -0.016129 -0.110222 0.993737 0.008840
1716882696.543999 1.432642 -9.590466 -1.509382 -0.018187 -0.116869 0.992979 0.001820
1716882696.644055 1.437523 -9.502551 -1.488872 -0.019939 -0.122723 0.992241 -0.000518
1716882696.752832 1.442730 -9.411721 -1.467630 -0.026617 -0.130587 0.991007 -0.011995
1716882696.844059 1.465637 -9.336421 -1.475972 -0.028576 -0.124551 0.991629 -0.018530
1716882696.943682 1.480272 -9.257364 -1.466956 -0.029415 -0.128449 0.991030 -0.022257
1716882697.034330 1.488349 -9.169650 -1.460259 -0.026267 -0.120477 0.992157 -0.020495
1716882697.143637 1.479069 -9.066168 -1.455347 -0.026615 -0.123372 0.991888 -0.015146
1716882697.181141 1.479580 -9.039495 -1.441813 -0.025930 -0.122623 0.991989 -0.015795
1716882697.344716 1.474231 -8.901067 -1.426867 -0.013926 -0.123078 0.992296 -0.002387
1716882697.445145 1.464845 -8.812294 -1.409716 -0.010607 -0.111984 0.993647 0.003632
1716882697.536774 1.463163 -8.726556 -1.393847 -0.009016 -0.110620 0.993819 0.002469
1716882697.647753 1.468879 -8.634030 -1.374511 -0.012642 -0.108861 0.993976 -0.000310
1716882697.745087 1.477612 -8.547269 -1.360040 -0.013754 -0.112679 0.993534 -0.001998
1716882697.836059 1.489338 -8.471505 -1.344177 -0.019491 -0.114946 0.993176 -0.002887
1716882697.944423 1.496532 -8.372191 -1.324072 -0.025107 -0.122698 0.992126 -0.000268
1716882698.044405 1.504025 -8.283411 -1.303516 -0.032625 -0.114819 0.992844 -0.003587
1716882698.135686 1.511861 -8.198059 -1.292423 -0.042046 -0.118975 0.991981 -0.007179
1716882698.245461 1.517252 -8.106823 -1.282269 -0.035515 -0.113874 0.992800 -0.010895
1716882698.336781 1.506664 -8.024006 -1.282034 -0.035459 -0.114769 0.992707 -0.010143
1716882698.447089 1.492746 -7.940166 -1.264411 -0.030359 -0.110362 0.993420 -0.004007
1716882698.545806 1.493595 -7.862412 -1.245862 -0.023584 -0.112428 0.993380 0.000028
1716882698.636819 1.493491 -7.774018 -1.244232 -0.019226 -0.107558 0.994008 0.003110
1716882698.746498 1.493542 -7.685416 -1.230178 -0.015057 -0.103203 0.994536 0.004522
1716882698.752289 1.496660 -7.683345 -1.225635 -0.011239 -0.095897 0.995324 0.002720
1716882698.917105 1.500419 -7.544528 -1.208912 -0.012640 -0.095980 0.995301 0.002151
1716882699.045484 1.505412 -7.437879 -1.199116 -0.015092 -0.101156 0.994754 -0.001962
1716882699.104488 1.507741 -7.391497 -1.188592 -0.019772 -0.104231 0.994334 -0.006650
1716882699.246073 1.524999 -7.278037 -1.154646 -0.022724 -0.100255 0.994548 -0.017496
1716882699.336501 1.532705 -7.197507 -1.146702 -0.024706 -0.101955 0.994269 -0.020592
1716882699.445681 1.531221 -7.108556 -1.143144 -0.021711 -0.101469 0.994350 -0.022381
1716882699.537482 1.518277 -7.042397 -1.141549 -0.021703 -0.103460 0.994287 -0.014795
1716882699.645889 1.513103 -6.945750 -1.119147 -0.017865 -0.101676 0.994622 -0.008356
1716882699.745131 1.507670 -6.847120 -1.093261 -0.016598 -0.107456 0.994064 0.003831
1716882699.838451 1.510188 -6.757489 -1.084302 -0.011865 -0.105160 0.994347 0.008656
1716882699.944692 1.509754 -6.669494 -1.077116 -0.009768 -0.100936 0.994684 0.017892
1716882700.035750 1.515380 -6.595295 -1.072710 -0.006152 -0.096083 0.995148 0.020275
1716882700.069656 1.507066 -6.562723 -1.078194 -0.002760 -0.093534 0.995321 0.024060
1716882700.226013 1.507006 -6.433042 -1.063611 -0.009619 -0.103952 0.994329 0.020259
1716882700.336249 1.517239 -6.335703 -1.043732 -0.019879 -0.110662 0.993566 0.013596
1716882700.450143 1.528851 -6.247915 -1.023485 -0.021821 -0.114094 0.993201 0.007636
1716882700.536546 1.534833 -6.188998 -1.011881 -0.024559 -0.113695 0.993151 0.011018
1716882700.644566 1.548113 -6.091522 -1.000831 -0.020776 -0.107215 0.993774 0.022042
1716882700.744028 1.572827 -5.990542 -0.977156 -0.014719 -0.111272 0.992925 0.038750
1716882700.844809 1.591065 -5.886518 -0.957269 -0.010206 -0.107694 0.992366 0.059225
1716882700.919262 1.601686 -5.820001 -0.951567 -0.003771 -0.110361 0.991081 0.074604
1716882701.043477 1.614116 -5.723962 -0.936274 0.002195 -0.111474 0.989169 0.095462
1716882701.143616 1.628353 -5.657946 -0.936146 0.008562 -0.107538 0.987254 0.117012
1716882701.234819 1.633455 -5.587771 -0.926755 0.004521 -0.109172 0.984366 0.138147
1716882701.344177 1.650986 -5.524662 -0.915101 -0.003472 -0.114596 0.981218 0.155135
1716882701.443843 1.670735 -5.472647 -0.889221 -0.012039 -0.111974 0.978270 0.174083
1716882701.535680 1.697316 -5.417622 -0.886034 -0.012130 -0.109809 0.976588 0.184584
1716882701.644403 1.747163 -5.344954 -0.876029 -0.015650 -0.106832 0.973185 0.203110
1716882701.743788 1.799576 -5.284012 -0.865346 -0.008174 -0.105220 0.968245 0.226634
1716882701.835195 1.855257 -5.216071 -0.856212 -0.005314 -0.106067 0.961831 0.252194
1716882701.944385 1.911648 -5.131498 -0.848271 -0.002303 -0.108747 0.952307 0.285097
1716882702.043564 1.955562 -5.065817 -0.817936 0.003298 -0.115809 0.941667 0.315975
1716882702.134590 2.014462 -5.038903 -0.819163 0.011630 -0.117160 0.929767 0.348813
1716882702.180898 2.014952 -5.029175 -0.825658 0.017209 -0.121658 0.919633 0.373067
1716882702.253726 2.040382 -4.995474 -0.822338 0.018872 -0.107989 0.908986 0.402153
1716882702.427665 2.133211 -4.924003 -0.822530 0.021818 -0.108288 0.891174 0.440007
1716882702.545722 2.201879 -4.881174 -0.813205 0.018092 -0.110149 0.882617 0.456648
1716882702.646265 2.260570 -4.844910 -0.801922 0.015389 -0.107661 0.876827 0.468345
1716882702.745829 2.313251 -4.811615 -0.804310 0.011378 -0.105595 0.868965 0.483342
1716882702.827461 2.364210 -4.794803 -0.804299 0.008602 -0.104313 0.862458 0.495189
1716882702.935404 2.448884 -4.753654 -0.801160 0.009334 -0.098992 0.852265 0.513574
1716882703.045072 2.533815 -4.703912 -0.796475 0.007846 -0.095675 0.838972 0.535641
1716882703.145217 2.622249 -4.684415 -0.791731 0.010674 -0.095788 0.822666 0.560296
1716882703.236779 2.697866 -4.669434 -0.756783 0.016789 -0.100707 0.804275 0.585421
1716882703.346231 2.753534 -4.665675 -0.734391 0.011562 -0.107205 0.780523 0.615757
1716882703.446105 2.833133 -4.653345 -0.738013 0.030057 -0.093396 0.763701 0.638070
1716882703.546041 2.903457 -4.637549 -0.741347 0.023748 -0.096261 0.752164 0.651475
1716882703.636954 2.980821 -4.629197 -0.749123 0.035137 -0.083406 0.743674 0.662388
1716882703.748658 3.072993 -4.624407 -0.751552 0.029130 -0.082348 0.739199 0.667799
1716882703.822705 3.140321 -4.622904 -0.759991 0.030604 -0.072537 0.736543 0.671793
1716882703.939291 3.229118 -4.623911 -0.734565 0.018807 -0.070528 0.738304 0.670507
1716882704.001541 3.281209 -4.621489 -0.730824 0.021099 -0.067872 0.737352 0.671759
1716882704.145879 3.421870 -4.597133 -0.736941 0.017550 -0.063275 0.735574 0.674254
1716882704.246014 3.509307 -4.588708 -0.743392 0.023349 -0.066394 0.731832 0.677841
1716882704.255070 3.530740 -4.591217 -0.737243 0.023864 -0.066427 0.732637 0.676950
1716882704.436589 3.668541 -4.570389 -0.711992 0.027076 -0.072738 0.717695 0.692019
1716882704.545711 3.759922 -4.565424 -0.704022 0.032062 -0.066034 0.704762 0.705636
1716882704.636911 3.842954 -4.569815 -0.716048 0.035997 -0.069405 0.701839 0.708032
1716882704.745475 3.933849 -4.569775 -0.715413 0.037188 -0.067911 0.694855 0.714970
1716882704.845637 4.024932 -4.563293 -0.710367 0.031561 -0.073544 0.695060 0.714483
1716882704.935797 4.097786 -4.558343 -0.680368 0.024211 -0.078571 0.696800 0.712537
1716882705.035458 4.179637 -4.555447 -0.674396 0.015666 -0.078268 0.698509 0.711136
1716882705.146107 4.276126 -4.564522 -0.672712 0.012424 -0.075806 0.705548 0.704487
1716882705.245148 4.387361 -4.561175 -0.676594 0.016402 -0.075924 0.711615 0.698263
1716882705.336477 4.474283 -4.559453 -0.690111 0.023256 -0.072430 0.715017 0.694956
1716882705.446367 4.586110 -4.557875 -0.710086 0.023086 -0.069170 0.709173 0.701253
1716882705.546038 4.689676 -4.564369 -0.701246 0.032955 -0.067417 0.702579 0.707639
1716882705.636437 4.787998 -4.571760 -0.702305 0.027828 -0.071980 0.698675 0.711265
1716882705.743984 4.892791 -4.581165 -0.719020 0.034345 -0.070233 0.692824 0.716856
1716882705.845017 4.970702 -4.592282 -0.721916 0.036868 -0.070059 0.690505 0.718982
1716882705.919103 5.028727 -4.593824 -0.702488 0.038632 -0.072105 0.690632 0.718565
1716882706.035086 5.128122 -4.603646 -0.693516 0.032961 -0.077414 0.691594 0.717370
1716882706.145229 5.205215 -4.631044 -0.668905 0.023382 -0.074673 0.699644 0.710194
1716882706.244288 5.273380 -4.648051 -0.637869 0.018810 -0.068630 0.707460 0.703162
1716882706.277467 5.327380 -4.657467 -0.677960 0.013253 -0.063991 0.709702 0.701465
1716882706.372413 5.424909 -4.669578 -0.675653 0.028155 -0.055081 0.717633 0.693669
1716882706.507842 5.558099 -4.674648 -0.710338 0.027037 -0.061378 0.719256 0.691500
1716882706.645030 5.693134 -4.677100 -0.703937 0.019859 -0.068369 0.712444 0.698108
1716882706.745338 5.790299 -4.676323 -0.700082 0.017544 -0.078580 0.708800 0.700799
1716882706.752306 5.787038 -4.676675 -0.707232 0.014798 -0.075284 0.703687 0.706356
1716882706.943362 5.947822 -4.680214 -0.671773 0.025296 -0.080483 0.705835 0.703334
1716882707.025762 6.034608 -4.682442 -0.687982 0.032048 -0.079804 0.704957 0.704017
1716882707.055345 6.058228 -4.686729 -0.699814 0.031022 -0.082026 0.702936 0.705826
1716882707.235364 6.211942 -4.704169 -0.698223 0.021659 -0.081081 0.716239 0.692790
1716882707.345876 6.333872 -4.704172 -0.679847 0.012084 -0.087029 0.729300 0.678529
1716882707.436758 6.426472 -4.706813 -0.681956 0.010436 -0.081734 0.735797 0.672170
1716882707.463966 6.452959 -4.708841 -0.675029 0.012718 -0.079252 0.738501 0.669458
1716882707.619347 6.623660 -4.712113 -0.679810 0.005350 -0.084079 0.743055 0.663906
1716882707.728766 6.735783 -4.722758 -0.666960 0.003329 -0.086912 0.740339 0.666583
1716882707.845597 6.842724 -4.723294 -0.667438 0.006412 -0.093935 0.735795 0.670628
1716882707.935722 6.918413 -4.716431 -0.670991 0.014807 -0.095532 0.727997 0.678730
1716882708.045944 7.003322 -4.703068 -0.662762 0.025225 -0.095973 0.723059 0.683622
1716882708.145303 7.083719 -4.692512 -0.664624 0.035026 -0.090083 0.720400 0.686792
1716882708.236611 7.169841 -4.690983 -0.685466 0.033120 -0.084541 0.720785 0.687186
1716882708.347049 7.287322 -4.695639 -0.679873 0.028695 -0.093414 0.728704 0.677821
1716882708.437417 7.379111 -4.702224 -0.704333 0.029152 -0.082904 0.734749 0.672622
1716882708.547758 7.475732 -4.706250 -0.683414 0.027595 -0.081871 0.739220 0.667899
1716882708.651399 7.575648 -4.714665 -0.677962 0.025643 -0.086242 0.744905 0.661076
1716882708.747721 7.669680 -4.730637 -0.677381 0.027617 -0.078769 0.744545 0.662334
1716882708.823003 7.740919 -4.740729 -0.658652 0.028295 -0.082513 0.745153 0.661164
1716882708.917168 7.832198 -4.749202 -0.658274 0.026945 -0.085819 0.738979 0.667697
1716882709.036381 7.946393 -4.749300 -0.649865 0.022868 -0.094779 0.728897 0.677645
1716882709.055789 7.951177 -4.729338 -0.620147 0.017381 -0.098155 0.725115 0.681374
1716882709.245648 8.126541 -4.719488 -0.636208 0.038349 -0.088072 0.713124 0.694425
1716882709.336807 8.206029 -4.730512 -0.658744 0.040232 -0.084298 0.711092 0.696867
1716882709.446780 8.323480 -4.747062 -0.668534 0.033462 -0.085745 0.715133 0.692902
1716882709.546003 8.430945 -4.759936 -0.659295 0.039154 -0.078450 0.721199 0.687157
1716882709.637739 8.521513 -4.772401 -0.633122 0.029973 -0.086191 0.725565 0.682077
1716882709.737548 8.625663 -4.788666 -0.640563 0.032083 -0.087589 0.729969 0.677085
1716882709.848118 8.725769 -4.810065 -0.642478 0.030437 -0.086900 0.729935 0.677286
1716882709.944721 8.821357 -4.815777 -0.649225 0.028589 -0.091347 0.730847 0.675797
1716882710.035382 8.910774 -4.825906 -0.652701 0.024624 -0.091059 0.726844 0.680294
1716882710.145783 9.009657 -4.820554 -0.650783 0.020648 -0.094912 0.720672 0.686438
1716882710.245089 9.096446 -4.820135 -0.616154 0.032487 -0.091715 0.712517 0.694876
1716882710.337512 9.179646 -4.817299 -0.624628 0.039607 -0.091680 0.710270 0.696809
1716882710.446286 9.284314 -4.819671 -0.646464 0.042351 -0.088957 0.712817 0.694396
1716882710.545988 9.389564 -4.823939 -0.648834 0.038267 -0.087854 0.717663 0.689766
1716882710.636302 9.484735 -4.827790 -0.620577 0.031068 -0.087262 0.725835 0.681604
1716882710.744643 9.587377 -4.837518 -0.580523 0.017563 -0.092175 0.732693 0.674060
1716882710.844996 9.673375 -4.841461 -0.585464 0.021434 -0.082326 0.744674 0.661985
1716882710.919712 9.758813 -4.847084 -0.610953 0.015373 -0.083066 0.749845 0.656198
1716882711.045288 9.875718 -4.852202 -0.631956 0.020551 -0.080199 0.757253 0.647852
1716882711.135826 9.968034 -4.853541 -0.658305 0.018120 -0.085060 0.752563 0.652752
1716882711.244962 10.046880 -4.838205 -0.640575 0.023428 -0.087608 0.745112 0.660745
1716882711.344989 10.133941 -4.822358 -0.630059 0.019259 -0.094598 0.737128 0.668822
1716882711.436674 10.217773 -4.810749 -0.632057 0.021871 -0.095508 0.732859 0.673288
1716882711.544965 10.314589 -4.801828 -0.634688 0.024419 -0.093498 0.730101 0.676472
1716882711.644856 10.406792 -4.796455 -0.641589 0.026811 -0.091418 0.730580 0.676149
1716882711.744883 10.500307 -4.796133 -0.644356 0.024675 -0.089363 0.731756 0.675233
1716882711.844303 10.576783 -4.792919 -0.642705 0.023521 -0.091458 0.737457 0.668760
1716882711.935556 10.664756 -4.788855 -0.650255 0.016129 -0.090903 0.744783 0.660889
1716882712.044523 10.764072 -4.798236 -0.637303 0.016454 -0.081403 0.756131 0.649130
1716882712.145119 10.861742 -4.803743 -0.644629 0.009522 -0.089277 0.758879 0.645013
1716882712.235709 10.944209 -4.791165 -0.615318 0.015815 -0.082979 0.757591 0.647241
1716882712.346100 11.041407 -4.779828 -0.599010 0.010253 -0.090956 0.750275 0.654759
1716882712.361230 11.059089 -4.787284 -0.593074 0.013205 -0.089741 0.751262 0.653741
1716882712.536991 11.220731 -4.776341 -0.560249 0.013585 -0.092193 0.733649 0.673108
1716882712.645869 11.303443 -4.772934 -0.564553 0.025207 -0.090733 0.725728 0.681506
1716882712.736058 11.369883 -4.767831 -0.560553 0.027090 -0.087344 0.719487 0.688458
1716882712.845379 11.454366 -4.769886 -0.580433 0.032071 -0.087702 0.715282 0.692569
1716882712.945474 11.536299 -4.772418 -0.614219 0.022419 -0.094035 0.709852 0.697686
1716882713.045634 11.624819 -4.779581 -0.618932 0.018930 -0.090587 0.709773 0.698325
1716882713.136327 11.703631 -4.772658 -0.610304 0.006127 -0.095436 0.709276 0.698413
1716882713.246599 11.794327 -4.760119 -0.598199 0.007073 -0.089592 0.711707 0.696704
1716882713.346867 11.873467 -4.751276 -0.580355 0.005785 -0.085701 0.702465 0.706516
1716882713.437243 11.970245 -4.790519 -0.591802 0.015367 -0.084275 0.694008 0.714853
1716882713.546635 12.053496 -4.815473 -0.586622 0.010548 -0.082169 0.673156 0.734845
1716882713.639961 12.124188 -4.822395 -0.601174 0.027062 -0.088481 0.653542 0.751213
1716882713.657540 12.126151 -4.818511 -0.597877 0.015887 -0.085254 0.650182 0.754813
1716882713.842041 12.256010 -4.812425 -0.616408 0.030921 -0.102877 0.603080 0.790414
1716882713.908090 12.288954 -4.811004 -0.625052 0.028619 -0.099704 0.589016 0.801437
1716882714.046342 12.386143 -4.794106 -0.618848 0.042177 -0.086268 0.567963 0.817433
1716882714.146447 12.457969 -4.817273 -0.628216 0.036546 -0.085120 0.561851 0.822035
1716882714.246531 12.528864 -4.836374 -0.631771 0.023964 -0.081741 0.559990 0.824109
1716882714.336943 12.596157 -4.854779 -0.617205 0.013417 -0.087549 0.556569 0.826066
1716882714.446795 12.649592 -4.844005 -0.612606 0.012703 -0.082844 0.555060 0.827577
1716882714.546618 12.700515 -4.847161 -0.633825 0.014721 -0.078108 0.539581 0.838174
1716882714.636912 12.754183 -4.890109 -0.637418 0.025091 -0.076402 0.522501 0.848838
1716882714.745712 12.854129 -4.999693 -0.615013 0.032405 -0.074788 0.487820 0.869131
1716882714.836615 12.918094 -5.065435 -0.608404 0.028901 -0.080215 0.460250 0.883685
1716882714.945445 13.000622 -5.140490 -0.599228 0.024693 -0.083750 0.419954 0.903335
1716882715.045506 13.045666 -5.190404 -0.589225 0.023019 -0.081299 0.387482 0.917997
1716882715.135902 13.080259 -5.232338 -0.586744 0.023349 -0.082820 0.359288 0.929251
1716882715.246234 13.089137 -5.249770 -0.614933 0.033845 -0.080885 0.326471 0.941132
1716882715.346244 13.098745 -5.280789 -0.648114 0.033423 -0.078325 0.309816 0.946975
1716882715.446101 13.134930 -5.352970 -0.659886 0.027369 -0.073300 0.298167 0.951302
1716882715.545819 13.185214 -5.419212 -0.678445 0.033783 -0.068311 0.292446 0.953241
1716882715.636105 13.237319 -5.456556 -0.690297 0.030696 -0.063245 0.292529 0.953669
1716882715.744461 13.289364 -5.498527 -0.704618 0.035086 -0.059343 0.297723 0.952160
1716882715.845518 13.324916 -5.543434 -0.716260 0.043420 -0.051406 0.300416 0.951432
1716882715.861990 13.333119 -5.569146 -0.711547 0.049052 -0.049074 0.302110 0.950745
1716882716.009845 13.401905 -5.653661 -0.722944 0.048276 -0.046121 0.300405 0.951472
1716882716.144246 13.489589 -5.744398 -0.703311 0.049592 -0.045615 0.292674 0.953835
1716882716.234998 13.535861 -5.808874 -0.713943 0.044615 -0.050368 0.295508 0.952968
1716882716.344839 13.584203 -5.871555 -0.734898 0.055501 -0.050386 0.298850 0.951351
1716882716.444779 13.623050 -5.939722 -0.741219 0.055089 -0.048001 0.307502 0.948738
1716882716.536637 13.663690 -5.996559 -0.762317 0.059726 -0.048535 0.316220 0.945559
1716882716.644702 13.717793 -6.072184 -0.762332 0.055905 -0.043377 0.334912 0.939589
1716882716.727507 13.759808 -6.125842 -0.768378 0.056496 -0.041800 0.346077 0.935570
1716882716.820265 13.810358 -6.205608 -0.769569 0.045138 -0.035812 0.365456 0.929044
1716882716.935384 13.835911 -6.292579 -0.772533 0.045834 -0.030381 0.391619 0.918483
1716882717.044330 13.882635 -6.370059 -0.776025 0.043343 -0.027685 0.409060 0.911057
1716882717.144728 13.928716 -6.444422 -0.770476 0.052729 -0.030107 0.421479 0.904803
1716882717.245075 13.982635 -6.510583 -0.782851 0.055827 -0.032613 0.419551 0.905426
1716882717.345594 14.036929 -6.564369 -0.781156 0.059366 -0.033474 0.422159 0.903956
1716882717.436565 14.090469 -6.596728 -0.793218 0.055146 -0.039773 0.423532 0.903326
1716882717.546232 14.148551 -6.628615 -0.802455 0.064274 -0.041694 0.426178 0.901389
1716882717.647072 14.211795 -6.657354 -0.810842 0.059512 -0.042656 0.432362 0.898722
1716882717.718964 14.253047 -6.683115 -0.816451 0.069517 -0.046041 0.440420 0.893911
1716882717.813249 14.310929 -6.716265 -0.821858 0.067160 -0.049463 0.454054 0.887061
1716882717.945413 14.366008 -6.799848 -0.844794 0.057549 -0.052351 0.483219 0.872036
1716882718.045530 14.426626 -6.829729 -0.852499 0.060111 -0.045655 0.511353 0.856050
1716882718.136953 14.486580 -6.883674 -0.852837 0.053351 -0.040727 0.536275 0.841370
1716882718.173689 14.514376 -6.913689 -0.856959 0.046117 -0.043764 0.544269 0.836498
1716882718.318364 14.608845 -7.002024 -0.859127 0.049199 -0.039938 0.569080 0.819837
1716882718.446632 14.702825 -7.045320 -0.857311 0.047695 -0.043399 0.579821 0.812188
1716882718.537857 14.768114 -7.082059 -0.851947 0.045488 -0.045193 0.585562 0.808088
1716882718.646355 14.841432 -7.130777 -0.866066 0.044052 -0.051326 0.587004 0.806754
1716882718.740166 14.899105 -7.166658 -0.863928 0.047498 -0.049212 0.585417 0.807842
1716882718.841864 14.971039 -7.209076 -0.878225 0.048161 -0.056273 0.586418 0.806615
1716882718.924720 15.023960 -7.233330 -0.880933 0.051844 -0.053199 0.586942 0.806214
1716882719.018459 15.084423 -7.268108 -0.880009 0.051465 -0.056495 0.590900 0.803117
1716882719.136928 15.149066 -7.300554 -0.921448 0.030278 -0.060627 0.603603 0.794400
1716882719.246222 15.212412 -7.368715 -0.926941 0.022571 -0.052125 0.618971 0.783357
1716882719.337312 15.292241 -7.424707 -0.912948 0.008754 -0.053138 0.633764 0.771649
1716882719.437858 15.372546 -7.467224 -0.930534 0.004837 -0.052437 0.650132 0.757995
1716882719.455524 15.385987 -7.479986 -0.924711 0.006475 -0.051825 0.650531 0.757682
1716882719.636936 15.513973 -7.549054 -0.937286 0.020468 -0.053321 0.667624 0.742305
1716882719.654931 15.522956 -7.548975 -0.938046 0.023926 -0.044800 0.671634 0.739140
1716882719.844919 15.666345 -7.591141 -0.951645 0.022428 -0.068008 0.671333 0.737688
1716882719.939506 15.724745 -7.592223 -0.939021 0.033844 -0.067062 0.672401 0.736365
1716882720.035276 15.788265 -7.592863 -0.919961 0.036443 -0.068557 0.677797 0.731138
1716882720.145160 15.872009 -7.589343 -0.921748 0.041335 -0.070013 0.685232 0.723773
1716882720.245330 15.949531 -7.597710 -0.923734 0.036156 -0.075213 0.703912 0.705367
1716882720.335989 16.017949 -7.638508 -0.942536 0.029903 -0.077410 0.716762 0.692362
1716882720.437415 16.090517 -7.660451 -0.934558 0.025474 -0.071275 0.731912 0.677182
1716882720.545705 16.182921 -7.685029 -0.919669 0.010344 -0.072457 0.750039 0.657331
1716882720.636768 16.243051 -7.700256 -0.917327 0.007385 -0.070306 0.762091 0.643599
1716882720.744345 16.288919 -7.702152 -0.918840 0.008110 -0.070080 0.775513 0.627378
1716882720.835304 16.335775 -7.688612 -0.910486 0.002595 -0.069675 0.789169 0.610205
1716882720.943983 16.384570 -7.668488 -0.911767 0.006221 -0.074804 0.802607 0.591767
1716882721.035426 16.432982 -7.654005 -0.918471 0.004140 -0.079094 0.821873 0.564137
1716882721.144635 16.488520 -7.645234 -0.927029 0.006415 -0.085795 0.839993 0.535734
1716882721.244644 16.550738 -7.633735 -0.929076 0.012284 -0.084177 0.858363 0.505940
1716882721.344645 16.607285 -7.620330 -0.930897 0.013774 -0.087823 0.876179 0.473717
1716882721.436395 16.649702 -7.606207 -0.931674 0.021974 -0.089844 0.893144 0.440159
1716882721.544700 16.682269 -7.562711 -0.923574 0.020642 -0.090244 0.913501 0.396164
1716882721.644569 16.700578 -7.538821 -0.920449 0.017809 -0.095221 0.930171 0.354114
1716882721.735364 16.692993 -7.547745 -0.908996 0.007727 -0.089470 0.948499 0.303785
1716882721.843952 16.704381 -7.561726 -0.913573 0.000146 -0.090327 0.962516 0.255744
1716882721.943834 16.719647 -7.559693 -0.905613 -0.008979 -0.087431 0.972996 0.213434
1716882722.043968 16.737035 -7.556300 -0.887122 -0.015255 -0.085797 0.980435 0.176505
1716882722.134645 16.750008 -7.548221 -0.887396 -0.016775 -0.082317 0.985558 0.147029
1716882722.245107 16.760122 -7.543089 -0.887296 -0.015614 -0.082622 0.989538 0.117237
1716882722.345585 16.752758 -7.533593 -0.889938 -0.011614 -0.084219 0.991758 0.095859
1716882722.438370 16.748462 -7.521409 -0.895436 -0.003965 -0.083933 0.993082 0.082021
1716882722.546207 16.739672 -7.518895 -0.893366 -0.007343 -0.082630 0.994135 0.069384
1716882722.645919 16.730344 -7.519167 -0.890693 -0.009941 -0.084731 0.994536 0.060165
1716882722.737027 16.721910 -7.520001 -0.894892 -0.008079 -0.087367 0.994575 0.055883
1716882722.845114 16.719465 -7.519642 -0.896010 -0.004177 -0.086325 0.994961 0.050816
1716882722.936229 16.715588 -7.525816 -0.898644 -0.005866 -0.087878 0.994645 0.054076
1716882723.045543 16.702305 -7.523818 -0.903210 0.000069 -0.090704 0.994382 0.054572
1716882723.145812 16.697920 -7.537666 -0.902556 -0.000958 -0.088812 0.994421 0.056909
1716882723.237377 16.691824 -7.536232 -0.909142 -0.000548 -0.089043 0.994380 0.057275
1716882723.346691 16.693064 -7.533118 -0.911651 -0.000831 -0.092762 0.993851 0.060459
1716882723.437858 16.690780 -7.537725 -0.904764 -0.001969 -0.094348 0.993387 0.065393
1716882723.546458 16.697247 -7.536508 -0.904980 -0.000687 -0.093899 0.992307 0.080675
1716882723.641812 16.714474 -7.543521 -0.904717 -0.003793 -0.094582 0.990970 0.094964
1716882723.657215 16.719305 -7.537320 -0.898530 -0.004212 -0.097655 0.990190 0.099851
1716882723.821444 16.745966 -7.535626 -0.890815 -0.001561 -0.093728 0.984070 0.151058
1716882723.936929 16.751351 -7.539609 -0.886197 -0.002045 -0.095796 0.978182 0.184333
1716882724.046183 16.734257 -7.548563 -0.891082 -0.005632 -0.097989 0.966819 0.235853
1716882724.055464 16.720679 -7.560163 -0.897937 -0.002404 -0.097775 0.966509 0.237266
1716882724.236301 16.710167 -7.592623 -0.898940 -0.006846 -0.092652 0.940461 0.326958
1716882724.337618 16.707286 -7.599969 -0.906967 -0.004813 -0.092865 0.923351 0.372526
1716882724.446550 16.714883 -7.625399 -0.913578 0.002000 -0.084707 0.906169 0.414340
1716882724.546495 16.719791 -7.644070 -0.913393 0.003572 -0.083913 0.887489 0.453110
1716882724.637500 16.723237 -7.687522 -0.913114 0.012828 -0.082028 0.868976 0.487839
1716882724.745724 16.739473 -7.735335 -0.920998 0.016077 -0.081771 0.848862 0.522003
1716882724.754225 16.754266 -7.722113 -0.920141 0.007373 -0.085981 0.843803 0.529669
1716882724.926480 16.777488 -7.799385 -0.929029 0.019373 -0.075791 0.798831 0.596448
1716882725.045255 16.788392 -7.836614 -0.936472 0.014342 -0.071062 0.765487 0.639354
1716882725.145370 16.798215 -7.851829 -0.946683 0.015994 -0.066066 0.733052 0.676767
1716882725.236810 16.803094 -7.866690 -0.945088 0.016101 -0.062273 0.705929 0.705356
1716882725.345916 16.792275 -7.887143 -0.949352 0.021797 -0.061319 0.674253 0.735628
1716882725.437395 16.782611 -7.905851 -0.951150 0.023794 -0.058073 0.644792 0.761778
1716882725.545336 16.775906 -7.922891 -0.954525 0.028002 -0.056835 0.610193 0.789715
1716882725.644764 16.771309 -7.941332 -0.960666 0.028441 -0.055560 0.575265 0.815582
1716882725.740416 16.778839 -7.977220 -0.958283 0.031359 -0.054432 0.535645 0.842103
1716882725.843892 16.786630 -8.015122 -0.957162 0.029986 -0.054330 0.495451 0.866416
1716882725.909370 16.797415 -8.034172 -0.967666 0.029387 -0.055213 0.465571 0.882797
1716882726.001390 16.797082 -8.047958 -0.968484 0.029813 -0.056795 0.423047 0.903834
1716882726.144515 16.806293 -8.083879 -0.986091 0.038533 -0.049988 0.347832 0.935430
1716882726.244540 16.810474 -8.106999 -0.991570 0.045544 -0.043720 0.301896 0.951248
1716882726.336229 16.816410 -8.131253 -0.997228 0.050279 -0.039086 0.265716 0.961946
1716882726.444725 16.814533 -8.172631 -1.004974 0.053805 -0.034445 0.231059 0.970840
1716882726.544510 16.804495 -8.207831 -1.011895 0.055174 -0.029640 0.202699 0.977236
1716882726.644435 16.807098 -8.242029 -1.019800 0.056309 -0.025143 0.182344 0.981299
1716882726.735909 16.801891 -8.272404 -1.024707 0.047941 -0.018433 0.168385 0.984382
1716882726.843775 16.808318 -8.303939 -1.029000 0.053593 -0.014234 0.150105 0.987114
1716882726.934837 16.809232 -8.359420 -1.034879 0.052617 -0.008350 0.136204 0.989247
1716882726.994915 16.810892 -8.378937 -1.045754 0.060980 -0.007177 0.123838 0.990401
1716882727.144362 16.833659 -8.469252 -1.062853 0.063706 -0.011060 0.093184 0.993547
1716882727.236217 16.850084 -8.518693 -1.080853 0.060559 -0.011833 0.082666 0.994665
1716882727.254798 16.850395 -8.536228 -1.060453 0.063665 -0.011271 0.080512 0.994654
1716882727.437239 16.881649 -8.648286 -1.058748 0.050729 -0.017068 0.051100 0.997258
1716882727.546106 16.890193 -8.713549 -1.077236 0.057979 -0.020390 0.037493 0.997405
1716882727.645840 16.895743 -8.780171 -1.096387 0.052463 -0.018351 0.034045 0.997874
1716882727.736861 16.909717 -8.842202 -1.110857 0.062382 -0.024450 0.027330 0.997378
1716882727.844989 16.916152 -8.922300 -1.131427 0.059673 -0.019340 0.030989 0.997549
1716882727.936135 16.930327 -8.993240 -1.151376 0.060234 -0.017811 0.034746 0.997420
1716882728.045410 16.937553 -9.075645 -1.159083 0.058249 -0.015382 0.050667 0.996897
1716882728.136825 16.946796 -9.146414 -1.165838 0.062666 -0.005395 0.055140 0.996496
1716882728.247150 16.957412 -9.234318 -1.184453 0.056799 -0.003244 0.058782 0.996648
1716882728.346524 16.960007 -9.302594 -1.186775 0.058165 -0.001410 0.055146 0.996782
1716882728.437755 16.959908 -9.369746 -1.197394 0.059252 -0.001170 0.048484 0.997064
1716882728.546402 16.970600 -9.450642 -1.194129 0.058038 -0.006402 0.039469 0.997513
1716882728.646006 16.972303 -9.530714 -1.200677 0.052957 -0.012996 0.030157 0.998057
1716882728.652272 16.973749 -9.530628 -1.201375 0.068619 -0.014340 0.027613 0.997158
1716882728.839930 16.993261 -9.670064 -1.239969 0.060167 -0.025985 0.022090 0.997606
1716882728.939205 16.998707 -9.747372 -1.248984 0.066448 -0.025896 0.015529 0.997333
1716882729.038707 17.006593 -9.833796 -1.257797 0.066104 -0.027949 0.017299 0.997271
1716882729.080956 17.008666 -9.876914 -1.268320 0.067995 -0.025591 0.012681 0.997277
1716882729.209002 17.006827 -9.990250 -1.271767 0.061691 -0.021719 0.030969 0.997378
1716882729.336595 16.996788 -10.070728 -1.276020 0.062074 -0.018776 0.044993 0.996880
1716882729.446053 16.997807 -10.166128 -1.286695 0.070210 -0.012922 0.056644 0.995839
1716882729.537283 16.992738 -10.234978 -1.310063 0.066986 -0.009381 0.056356 0.996117
1716882729.646421 16.996311 -10.315062 -1.324207 0.060188 -0.010520 0.050563 0.996850
1716882729.737602 17.004364 -10.389046 -1.307836 0.055618 -0.011132 0.041627 0.997522
1716882729.763315 17.007725 -10.414916 -1.322529 0.045356 -0.012060 0.044930 0.997887
1716882729.924721 17.040966 -10.547564 -1.330479 0.050096 -0.020017 0.031111 0.998059
1716882730.018182 17.062025 -10.619335 -1.349782 0.048357 -0.020971 0.029097 0.998186
1716882730.144980 17.088688 -10.718692 -1.368814 0.057461 -0.023995 0.028608 0.997649
1716882730.245121 17.087124 -10.824905 -1.383276 0.052009 -0.022678 0.029781 0.997945
1716882730.336573 17.094838 -10.905966 -1.392658 0.050264 -0.024740 0.035743 0.997789
1716882730.445707 17.100956 -10.991933 -1.398211 0.055314 -0.025909 0.045051 0.997116
1716882730.545577 17.107411 -11.067664 -1.407274 0.053012 -0.021749 0.043230 0.997421
1716882730.645276 17.102111 -11.147610 -1.444808 0.050179 -0.020315 0.052086 0.997174
1716882730.744738 17.107845 -11.218276 -1.466745 0.055411 -0.018421 0.045522 0.997255
1716882730.844165 17.108412 -11.297893 -1.471464 0.056888 -0.017372 0.038677 0.997480
1716882730.935226 17.069427 -11.382118 -1.474693 0.051344 -0.015904 0.028361 0.998152
1716882730.976824 17.061734 -11.427802 -1.495219 0.039525 -0.014597 0.027934 0.998721
1716882731.125778 17.053922 -11.537973 -1.504843 0.052752 -0.024871 0.008524 0.998261
1716882731.242463 17.052841 -11.636926 -1.527033 0.050438 -0.029659 0.007300 0.998260
1716882731.343156 17.062635 -11.733460 -1.531162 0.057232 -0.029349 -0.000481 0.997929
1716882731.451868 17.053668 -11.835784 -1.552191 0.056683 -0.028933 -0.000357 0.997973
1716882731.551886 17.041157 -11.931197 -1.566626 0.055963 -0.022203 0.001683 0.998185
1716882731.643251 17.025795 -12.015137 -1.562060 0.060456 -0.016563 0.005958 0.998016
1716882731.743692 17.021348 -12.107574 -1.578101 0.046308 -0.013986 0.009545 0.998784
1716882731.777313 17.020700 -12.143073 -1.576046 0.041585 -0.010696 0.011489 0.999012
1716882731.862935 17.020968 -12.227919 -1.583082 0.049752 -0.007691 0.010906 0.998672
1716882732.018934 17.011144 -12.375217 -1.613163 0.048079 -0.008401 -0.000462 0.998808
1716882732.062898 17.018846 -12.397853 -1.616739 0.052611 -0.007479 -0.002242 0.998585
1716882732.227730 17.036828 -12.537174 -1.635615 0.043420 -0.009675 -0.016579 0.998872
1716882732.279111 17.034613 -12.563044 -1.640242 0.051095 -0.007943 -0.022556 0.998407
1716882732.403591 17.053433 -12.665352 -1.657159 0.046508 -0.012413 -0.032391 0.998315
1716882732.453825 17.056512 -12.710624 -1.671249 0.054112 -0.013692 -0.037937 0.997720
1716882732.618181 17.053805 -12.856413 -1.715854 0.051303 -0.014443 -0.043448 0.997633
1716882732.746115 17.043753 -12.965941 -1.728270 0.039414 -0.007805 -0.031994 0.998680
1716882732.837625 17.055724 -13.032487 -1.733557 0.045233 -0.005766 -0.022429 0.998708
1716882732.948001 17.066671 -13.123353 -1.744778 0.040521 -0.002223 -0.013307 0.999088
1716882733.010689 17.057583 -13.162907 -1.750772 0.034534 0.003323 -0.006967 0.999374
1716882733.145629 17.051608 -13.271350 -1.764008 0.045369 0.003350 -0.011834 0.998895
1716882733.227292 17.035449 -13.344334 -1.774609 0.038749 0.003293 -0.016808 0.999102
1716882733.273300 17.020470 -13.371824 -1.762724 0.040402 0.004762 -0.019860 0.998975
1716882733.352574 17.004069 -13.425591 -1.777312 0.022173 0.006622 -0.026231 0.999388
1716882733.481493 16.996202 -13.525122 -1.778244 0.023293 0.002013 -0.038379 0.998990
1716882733.611449 16.995171 -13.623182 -1.794122 0.027304 -0.007918 -0.050536 0.998318
1716882733.672791 17.003060 -13.657126 -1.802927 0.034083 -0.011870 -0.054639 0.997854
1716882733.761507 17.000454 -13.714791 -1.809719 0.030804 -0.018279 -0.057852 0.997682
1716882733.922766 16.985085 -13.838941 -1.816349 0.021896 -0.008821 -0.055091 0.998202
1716882734.016477 16.973282 -13.904018 -1.822151 0.014193 0.000486 -0.050553 0.998620
1716882734.145481 16.944833 -14.001424 -1.802643 0.023112 0.006994 -0.048735 0.998520
1716882734.182453 16.926637 -14.031241 -1.810942 0.021708 0.015542 -0.048240 0.998479
1716882734.290030 16.872047 -14.117741 -1.820075 0.027960 0.007583 -0.051485 0.998253
1716882734.390933 16.846580 -14.198758 -1.846583 0.027678 0.010932 -0.066727 0.997327
1716882734.499012 16.782112 -14.302742 -1.879841 0.022497 0.013503 -0.092974 0.995323
1716882734.637459 16.749477 -14.390858 -1.907461 0.009625 0.008556 -0.141272 0.989887
1716882734.745546 16.697585 -14.452951 -1.921152 0.015239 0.003746 -0.178666 0.983785
1716882734.842196 16.680180 -14.487829 -1.943302 0.009360 0.003637 -0.203268 0.979072
1716882734.924044 16.656604 -14.513061 -1.942459 0.013350 0.004534 -0.231018 0.972847
1716882735.044687 16.608573 -14.553648 -1.949143 0.009825 0.012661 -0.258421 0.965899
1716882735.144740 16.611571 -14.596339 -1.955906 0.015821 0.021287 -0.290287 0.956572
1716882735.227358 16.603988 -14.627465 -1.960571 0.003013 0.032573 -0.308324 0.950719
1716882735.345796 16.572455 -14.663040 -1.951952 0.014839 0.036164 -0.353943 0.934450
1716882735.354416 16.553013 -14.657697 -1.956703 0.010231 0.039950 -0.354667 0.934083
1716882735.471116 16.494728 -14.662436 -1.965500 0.012894 0.040677 -0.407053 0.912407
1716882735.600964 16.434103 -14.700393 -1.994256 0.018620 0.048795 -0.476631 0.877551
1716882735.743876 16.355021 -14.750863 -2.002957 0.006275 0.060066 -0.540914 0.838907
1716882735.849296 16.303620 -14.772146 -2.012386 0.003846 0.061453 -0.589934 0.805100
1716882735.924803 16.299930 -14.758833 -2.002857 0.003230 0.058394 -0.620779 0.781801
1716882736.035177 16.305279 -14.754154 -2.004253 0.006272 0.057987 -0.654221 0.754051
1716882736.135280 16.310295 -14.757030 -2.003215 0.010669 0.057740 -0.683634 0.727459
1716882736.244732 16.320068 -14.731828 -2.009791 0.014227 0.054825 -0.712434 0.699449
1716882736.344764 16.323944 -14.732741 -2.004273 0.014984 0.052211 -0.740888 0.669429
1716882736.444308 16.326274 -14.723011 -1.998941 0.020946 0.055535 -0.763853 0.642655
1716882736.536414 16.328289 -14.684290 -1.982587 0.022427 0.056877 -0.782890 0.619148
1716882736.644160 16.329172 -14.648980 -1.977085 0.027063 0.066135 -0.797496 0.599077
1716882736.735620 16.325799 -14.629921 -1.963236 0.031109 0.066516 -0.805635 0.587843
1716882736.763553 16.321815 -14.611785 -1.960448 0.031060 0.068274 -0.808891 0.583155
1716882736.942241 16.303835 -14.556125 -1.949403 0.038807 0.067561 -0.823614 0.561773
1716882737.009954 16.297352 -14.547986 -1.939057 0.038522 0.069588 -0.828963 0.553619
1716882737.135129 16.283276 -14.519292 -1.925009 0.042655 0.068392 -0.839882 0.536751
1716882737.244777 16.267097 -14.482815 -1.930602 0.038421 0.066969 -0.848483 0.523561
1716882737.345265 16.243141 -14.444673 -1.929509 0.037110 0.066934 -0.856541 0.510372
1716882737.372101 16.225408 -14.433333 -1.932997 0.038425 0.066014 -0.859073 0.506122
1716882737.517054 16.188357 -14.410561 -1.934157 0.034186 0.069214 -0.871451 0.484370
1716882737.637359 16.144168 -14.364112 -1.903447 0.025625 0.074298 -0.887078 0.454881
1716882737.737229 16.118027 -14.341540 -1.913650 0.017285 0.082061 -0.898587 0.430708
1716882737.844719 16.073101 -14.303409 -1.910802 0.017325 0.075954 -0.907416 0.412950
1716882737.853766 16.050938 -14.289253 -1.895185 0.014099 0.087084 -0.908294 0.408925
1716882738.005223 16.001134 -14.224426 -1.886566 0.015235 0.068880 -0.914679 0.397976
1716882738.066308 15.979998 -14.188543 -1.890809 0.013158 0.061031 -0.915523 0.397392
1716882738.246011 15.941722 -14.082682 -1.868571 0.022009 0.062765 -0.911158 0.406654
1716882738.337809 15.898962 -13.987363 -1.842370 0.026321 0.066320 -0.908263 0.412270
1716882738.355291 15.898268 -13.956891 -1.837206 0.037545 0.067410 -0.908080 0.411627
1716882738.528877 15.833068 -13.838065 -1.802037 0.045140 0.077586 -0.905484 0.414778
1716882738.554882 15.826280 -13.833166 -1.810198 0.046832 0.073161 -0.906330 0.413545
1716882738.744417 15.769592 -13.697244 -1.800914 0.039590 0.089105 -0.912055 0.398308
1716882738.842110 15.731147 -13.646847 -1.803931 0.036855 0.096152 -0.917331 0.384577
1716882738.913903 15.703916 -13.605798 -1.789133 0.035021 0.093585 -0.920340 0.378139
1716882739.045970 15.646820 -13.511588 -1.772717 0.032968 0.088346 -0.925073 0.367898
1716882739.146232 15.615241 -13.465655 -1.758931 0.027622 0.084885 -0.927058 0.364136
1716882739.238316 15.593465 -13.420430 -1.772489 0.023605 0.072387 -0.928811 0.362646
1716882739.350353 15.553941 -13.357664 -1.769345 0.018249 0.073992 -0.928431 0.363604
1716882739.447331 15.516943 -13.281893 -1.747476 0.024128 0.079295 -0.925801 0.368813
1716882739.546113 15.470738 -13.209202 -1.706780 0.029123 0.085312 -0.921773 0.377104
1716882739.645825 15.442145 -13.130360 -1.715908 0.041668 0.084281 -0.921148 0.377686
1716882739.745618 15.390720 -13.062578 -1.712887 0.043237 0.092698 -0.919391 0.379812
1716882739.837332 15.341348 -13.001255 -1.715031 0.044015 0.091580 -0.919408 0.379954
1716882739.936712 15.282138 -12.935167 -1.715639 0.039930 0.093127 -0.920250 0.377985
1716882739.954115 15.276494 -12.924406 -1.713556 0.041359 0.093061 -0.919628 0.379358
1716882740.135465 15.172753 -12.792839 -1.684480 0.027748 0.098777 -0.924634 0.366776
1716882740.244920 15.128026 -12.700429 -1.656333 0.025789 0.089745 -0.928000 0.360689
1716882740.345254 15.077989 -12.613317 -1.644720 0.023132 0.088288 -0.930284 0.355307
1716882740.445557 15.031260 -12.538944 -1.655833 0.021344 0.083035 -0.931059 0.354653
1716882740.545222 14.994242 -12.462951 -1.653674 0.022173 0.086882 -0.930318 0.355624
1716882740.646199 14.942351 -12.380018 -1.608753 0.026409 0.094058 -0.927719 0.360269
1716882740.736409 14.914285 -12.309031 -1.591430 0.031445 0.104348 -0.923703 0.367280
1716882740.844395 14.881645 -12.229279 -1.582828 0.042646 0.097266 -0.921423 0.373764
1716882740.939531 14.846801 -12.153229 -1.590559 0.043423 0.104537 -0.916841 0.382869
1716882741.016187 14.810892 -12.094582 -1.587734 0.045154 0.100398 -0.913547 0.391553
1716882741.145018 14.752617 -11.993917 -1.575630 0.042436 0.101473 -0.908669 0.402769
1716882741.243472 14.690405 -11.929237 -1.565635 0.041624 0.098829 -0.905159 0.411324
1716882741.335248 14.638795 -11.859833 -1.551981 0.038433 0.100446 -0.897131 0.428474
1716882741.444103 14.556775 -11.766739 -1.564452 0.035178 0.097980 -0.888598 0.446718
1716882741.544246 14.490107 -11.687958 -1.573370 0.032665 0.093938 -0.878795 0.466720
1716882741.636171 14.417843 -11.621723 -1.563170 0.030610 0.088017 -0.869637 0.484817
1716882741.744343 14.347869 -11.567297 -1.564383 0.029943 0.092126 -0.854770 0.509886
1716882741.835718 14.286733 -11.519231 -1.568653 0.037583 0.083759 -0.842542 0.530749
1716882741.943508 14.217661 -11.464896 -1.534376 0.038387 0.093665 -0.823731 0.557871
1716882742.043543 14.143118 -11.421374 -1.514375 0.045646 0.087235 -0.812309 0.574857
1716882742.134820 14.071134 -11.393108 -1.507089 0.048355 0.084578 -0.803422 0.587385
1716882742.244292 13.980132 -11.353980 -1.516731 0.046967 0.078190 -0.796229 0.598080
1716882742.344690 13.903567 -11.326471 -1.511671 0.047478 0.079544 -0.798766 0.594467
1716882742.436551 13.811392 -11.305121 -1.520003 0.039250 0.077078 -0.797021 0.597726
1716882742.537212 13.715318 -11.277915 -1.524866 0.037432 0.073127 -0.796227 0.599395
1716882742.645580 13.619810 -11.239405 -1.512226 0.030672 0.070176 -0.791964 0.605746
1716882742.736412 13.535750 -11.213571 -1.514613 0.030078 0.066078 -0.791014 0.607475
1716882742.844638 13.441126 -11.163792 -1.513393 0.028819 0.069997 -0.784603 0.615361
1716882742.944670 13.370296 -11.129286 -1.515592 0.026688 0.072787 -0.779014 0.622195
1716882743.044780 13.279736 -11.082259 -1.509075 0.027384 0.081452 -0.774138 0.627157
1716882743.136053 13.209644 -11.044692 -1.498738 0.035620 0.081236 -0.773280 0.627829
1716882743.245564 13.110644 -10.972501 -1.493752 0.033254 0.085365 -0.777857 0.621728
1716882743.350754 13.051734 -10.931416 -1.487123 0.037674 0.079349 -0.784098 0.614390
1716882743.437200 13.003247 -10.894072 -1.486046 0.034455 0.079366 -0.791621 0.604855
1716882743.545955 12.931789 -10.868742 -1.489690 0.031915 0.076419 -0.805292 0.587066
1716882743.639261 12.868711 -10.832948 -1.465594 0.017957 0.091800 -0.813398 0.574137
1716882743.743380 12.800362 -10.800895 -1.449199 0.022088 0.080407 -0.824207 0.560116
1716882743.842864 12.729478 -10.763931 -1.435684 0.017565 0.084535 -0.829037 0.552488
1716882743.913371 12.681044 -10.729502 -1.433479 0.019576 0.081534 -0.832237 0.548043
1716882744.045373 12.595804 -10.679154 -1.442313 0.021538 0.085421 -0.833896 0.544846
1716882744.055023 12.596182 -10.678809 -1.452860 0.023670 0.081082 -0.837393 0.540035
1716882744.245237 12.460778 -10.593541 -1.443445 0.032730 0.093705 -0.829109 0.550206
1716882744.254499 12.437027 -10.588727 -1.434594 0.035306 0.100436 -0.828480 0.549807
1716882744.426363 12.291585 -10.493699 -1.422020 0.043904 0.085797 -0.829344 0.550364
1716882744.545818 12.208406 -10.445559 -1.426041 0.042203 0.079413 -0.833330 0.545411
1716882744.645792 12.113014 -10.378567 -1.415974 0.035784 0.086368 -0.837507 0.538369
1716882744.745638 12.012698 -10.315538 -1.417836 0.031599 0.084823 -0.840429 0.534308
1716882744.836711 11.934122 -10.252832 -1.428349 0.030464 0.076755 -0.842596 0.532177
1716882744.945378 11.855034 -10.207752 -1.411423 0.022869 0.072386 -0.840311 0.536763
1716882745.035528 11.794159 -10.168993 -1.417574 0.024850 0.068776 -0.838639 0.539756
1716882745.144217 11.724653 -10.119835 -1.421136 0.025444 0.072377 -0.832534 0.548637
1716882745.244377 11.668262 -10.061387 -1.417378 0.028999 0.081338 -0.822932 0.561539
1716882745.344489 11.577711 -10.010415 -1.400143 0.031043 0.086570 -0.812391 0.575815
1716882745.387169 11.539011 -9.985690 -1.389258 0.038084 0.088075 -0.807983 0.581340
1716882745.453907 11.471980 -9.938015 -1.369156 0.038717 0.092906 -0.799586 0.592057
1716882745.636366 11.335187 -9.855300 -1.355916 0.044459 0.080436 -0.790462 0.605577
1716882745.744590 11.244050 -9.786778 -1.342492 0.039479 0.086586 -0.786310 0.610459
1716882745.835783 11.157534 -9.738545 -1.340682 0.034772 0.086418 -0.789658 0.606435
1716882745.943252 11.050177 -9.706613 -1.325245 0.028528 0.084359 -0.780962 0.618198
1716882746.034339 10.965131 -9.683851 -1.304910 0.023103 0.079715 -0.774520 0.627081
1716882746.142844 10.854083 -9.658395 -1.308898 0.022596 0.072139 -0.764839 0.639771
1716882746.242990 10.751455 -9.619756 -1.309105 0.022546 0.070444 -0.752575 0.654339
1716882746.334529 10.666066 -9.599498 -1.327682 0.024541 0.066899 -0.740450 0.668324
1716882746.444078 10.565384 -9.566032 -1.301732 0.033000 0.069765 -0.721357 0.688250
1716882746.535492 10.452117 -9.548069 -1.283547 0.033405 0.075349 -0.705424 0.703977
1716882746.557257 10.423009 -9.532558 -1.304142 0.038766 0.082925 -0.702628 0.705644
1716882746.740757 10.236716 -9.473237 -1.300672 0.044906 0.072166 -0.684057 0.724459
1716882746.835710 10.144803 -9.438773 -1.302459 0.043654 0.069589 -0.681149 0.727521
1716882746.943361 10.067077 -9.399611 -1.308215 0.039221 0.070934 -0.686834 0.722280
1716882747.043418 9.979534 -9.362204 -1.303385 0.034603 0.073259 -0.688220 0.720963
1716882747.134768 9.882890 -9.349021 -1.293353 0.028129 0.070313 -0.686924 0.722773
1716882747.244014 9.794245 -9.340050 -1.308541 0.029832 0.064260 -0.684622 0.725447
1716882747.344601 9.715766 -9.333129 -1.320888 0.028483 0.062451 -0.681329 0.728752
1716882747.436344 9.614427 -9.337099 -1.325223 0.023133 0.070736 -0.666998 0.741333
1716882747.545437 9.506976 -9.332455 -1.322235 0.017702 0.076368 -0.660033 0.747135
1716882747.645503 9.405241 -9.329662 -1.327945 0.025080 0.071122 -0.648377 0.757575
1716882747.745152 9.301580 -9.323617 -1.346998 0.029495 0.072908 -0.645108 0.760033
1716882747.836339 9.218214 -9.321834 -1.343552 0.034964 0.069016 -0.644480 0.760697
1716882747.944508 9.129123 -9.320256 -1.336975 0.038280 0.067355 -0.646656 0.758837
1716882748.046943 9.044730 -9.308181 -1.330094 0.038139 0.073149 -0.649446 0.755920
1716882748.107236 8.984088 -9.311727 -1.329278 0.036834 0.071475 -0.649727 0.755903
1716882748.235897 8.836548 -9.305767 -1.303213 0.035839 0.073774 -0.646594 0.758412
1716882748.336658 8.730299 -9.295178 -1.296843 0.035903 0.069560 -0.638121 0.765947
1716882748.445893 8.648709 -9.283800 -1.314113 0.038932 0.063479 -0.631540 0.771759
1716882748.537118 8.558929 -9.280963 -1.324857 0.035897 0.057660 -0.622876 0.779367
1716882748.637957 8.464417 -9.279809 -1.320230 0.030371 0.062697 -0.613711 0.786451
1716882748.745495 8.356117 -9.283570 -1.338828 0.031611 0.064961 -0.602839 0.794585
1716882748.820401 8.286964 -9.283109 -1.340181 0.034188 0.064743 -0.598117 0.798057
1716882748.855154 8.244505 -9.281438 -1.331083 0.031525 0.073053 -0.595352 0.799516
1716882749.015536 8.102239 -9.289811 -1.333539 0.034119 0.066256 -0.590525 0.803571
1716882749.145082 7.984659 -9.293248 -1.337689 0.029698 0.069152 -0.596664 0.798955
1716882749.245018 7.876494 -9.291718 -1.324283 0.026133 0.064129 -0.605434 0.792877
1716882749.336377 7.788114 -9.292398 -1.331532 0.020404 0.064133 -0.609931 0.789592
1716882749.445665 7.679866 -9.306306 -1.328125 0.018519 0.052538 -0.618993 0.783418
1716882749.545697 7.585936 -9.306062 -1.346012 0.021892 0.048581 -0.623767 0.779792
1716882749.645658 7.496213 -9.317865 -1.350435 0.020414 0.044304 -0.628749 0.776077
1716882749.736873 7.419783 -9.320149 -1.341972 0.017775 0.048226 -0.628679 0.775965
1716882749.845075 7.336706 -9.320259 -1.336607 0.022221 0.055765 -0.626595 0.777030
1716882749.944561 7.232306 -9.324906 -1.335965 0.016917 0.071231 -0.624514 0.777574
1716882750.035331 7.139788 -9.329155 -1.346019 0.021816 0.067704 -0.624792 0.777545
1716882750.053220 7.114901 -9.325586 -1.338903 0.022458 0.070736 -0.623920 0.777956
1716882750.234954 6.949447 -9.329498 -1.355661 0.030874 0.062155 -0.633005 0.771031
1716882750.344328 6.851578 -9.324977 -1.374240 0.028891 0.065664 -0.645035 0.760778
1716882750.435882 6.756650 -9.326031 -1.359918 0.026917 0.064927 -0.652477 0.754542
1716882750.544955 6.661311 -9.341446 -1.346126 0.026129 0.062526 -0.658609 0.749427
1716882750.644829 6.561201 -9.343649 -1.357015 0.020954 0.062151 -0.660820 0.747673
1716882750.744308 6.483483 -9.350367 -1.361193 0.020030 0.060849 -0.663135 0.745754
1716882750.835475 6.403798 -9.360654 -1.365813 0.016909 0.060975 -0.663092 0.745859
1716882750.940295 6.325056 -9.367084 -1.354353 0.016370 0.066302 -0.659017 0.749021
1716882751.015151 6.258087 -9.377161 -1.362310 0.017181 0.072972 -0.657146 0.750026
1716882751.052002 6.215515 -9.377622 -1.380203 0.017930 0.077988 -0.654659 0.751677
1716882751.234129 6.012190 -9.373608 -1.363976 0.022108 0.077404 -0.649142 0.756396
1716882751.335188 5.923032 -9.366900 -1.375846 0.027588 0.075967 -0.650466 0.755223
1716882751.443870 5.825512 -9.352600 -1.385053 0.025314 0.076195 -0.657392 0.749259
1716882751.543948 5.720908 -9.327981 -1.392565 0.025967 0.074674 -0.664229 0.743337
1716882751.636240 5.623723 -9.306468 -1.383533 0.020615 0.081372 -0.671170 0.736536
1716882751.744117 5.508615 -9.285823 -1.387230 0.017223 0.073237 -0.677806 0.731381
1716882751.835582 5.435096 -9.270238 -1.385116 0.019734 0.070407 -0.680954 0.728667
1716882751.911303 5.368856 -9.262667 -1.389672 0.021414 0.066212 -0.683604 0.726528
1716882751.976154 5.302626 -9.255812 -1.385605 0.022609 0.067251 -0.682899 0.727060
1716882752.134568 5.146027 -9.221058 -1.377184 0.022731 0.077347 -0.672558 0.735640
1716882752.235185 5.046955 -9.219009 -1.376066 0.018954 0.088057 -0.666854 0.739725
1716882752.344974 4.936282 -9.198041 -1.384750 0.024282 0.084366 -0.664624 0.742002
1716882752.445242 4.852764 -9.185552 -1.392260 0.028403 0.087376 -0.666203 0.740090
1716882752.546217 4.762046 -9.172260 -1.388487 0.026975 0.080642 -0.670258 0.737240
1716882752.648149 4.683766 -9.148853 -1.369274 0.027231 0.087050 -0.678713 0.728718
1716882752.739714 4.584532 -9.120379 -1.355543 0.018712 0.090101 -0.689384 0.718527
1716882752.817613 4.509125 -9.104848 -1.368084 0.018641 0.093231 -0.695530 0.712179
1716882752.945314 4.388792 -9.082036 -1.371086 0.017123 0.087346 -0.706445 0.702149
1716882753.044600 4.289963 -9.078230 -1.363757 0.019835 0.074130 -0.713980 0.695948
1716882753.144748 4.193983 -9.042843 -1.363791 0.019859 0.076517 -0.718262 0.691268
1716882753.236086 4.125059 -9.027457 -1.373827 0.017704 0.078550 -0.721140 0.688095
1716882753.345611 4.033006 -9.016008 -1.370904 0.018221 0.077422 -0.724019 0.685179
1716882753.437027 3.970725 -9.010241 -1.372791 0.025173 0.076971 -0.728103 0.680668
1716882753.545786 3.879279 -9.008360 -1.360872 0.023558 0.077592 -0.737112 0.670888
1716882753.638913 3.798074 -8.986728 -1.377102 0.024216 0.079748 -0.742641 0.664483
1716882753.743502 3.715419 -8.972048 -1.373542 0.021134 0.083527 -0.753515 0.651760
1716882753.818444 3.656514 -8.967588 -1.376141 0.020458 0.083387 -0.760446 0.643700
1716882753.855360 3.626654 -8.965660 -1.379837 0.016089 0.086855 -0.763702 0.639498
1716882754.035887 3.461116 -8.950763 -1.365033 0.005578 0.084872 -0.784633 0.614098
1716882754.055099 3.446596 -8.961554 -1.360357 0.007658 0.084051 -0.787359 0.610690
1716882754.236136 3.314774 -8.934646 -1.364416 0.007923 0.080954 -0.801232 0.592799
1716882754.345470 3.230212 -8.921994 -1.384205 0.004958 0.087811 -0.800935 0.592256
1716882754.445764 3.145844 -8.910098 -1.370149 0.010095 0.089189 -0.796130 0.598432
1716882754.545570 3.058001 -8.895211 -1.358991 0.013636 0.094627 -0.790448 0.605022
1716882754.628310 2.995209 -8.889332 -1.358958 0.014300 0.094234 -0.787190 0.609301
1716882754.662755 2.973979 -8.883910 -1.364714 0.015252 0.092668 -0.786007 0.611043
1716882754.827537 2.846974 -8.844997 -1.382435 0.024644 0.084611 -0.788426 0.608784
1716882754.935336 2.775794 -8.815582 -1.376901 0.024571 0.080808 -0.794614 0.601211
1716882755.044144 2.717958 -8.792991 -1.373907 0.017678 0.083562 -0.801051 0.592471
1716882755.144422 2.628301 -8.761293 -1.372112 0.012806 0.091028 -0.803068 0.588754
1716882755.237077 2.552986 -8.737386 -1.366107 0.010253 0.085820 -0.805870 0.585750
1716882755.336541 2.471059 -8.695406 -1.362476 0.011207 0.083579 -0.807576 0.583704
1716882755.354280 2.455196 -8.682135 -1.359423 0.009230 0.080031 -0.808864 0.582451
1716882755.453551 2.372262 -8.630579 -1.361279 0.015483 0.077695 -0.810529 0.580315
1716882755.627662 2.248794 -8.537277 -1.346089 0.015830 0.082380 -0.808386 0.582645
1716882755.735185 2.169175 -8.487357 -1.328229 0.014452 0.092192 -0.807692 0.582173
1716882755.752144 2.160026 -8.482076 -1.335040 0.010050 0.095907 -0.806352 0.583522
1716882755.936398 2.027493 -8.386263 -1.333605 0.021215 0.094403 -0.812715 0.574572
1716882756.015075 1.977815 -8.364282 -1.333018 0.024321 0.089547 -0.818793 0.566541
1716882756.097662 1.917936 -8.312371 -1.326242 0.026220 0.089529 -0.825847 0.556123
1716882756.234985 1.809326 -8.285671 -1.324841 0.019974 0.089614 -0.843993 0.528438
1716882756.344289 1.734211 -8.265302 -1.321784 0.013716 0.089939 -0.859364 0.503205
1716882756.443959 1.665258 -8.223778 -1.319334 0.007512 0.091609 -0.866514 0.490617
1716882756.535742 1.607463 -8.207175 -1.308889 0.005520 0.088974 -0.876702 0.472702
1716882756.644064 1.535600 -8.139374 -1.305628 0.004725 0.092705 -0.884458 0.457293
1716882756.748886 1.484534 -8.071814 -1.302425 0.011502 0.100098 -0.889136 0.446415
1716882756.834775 1.434283 -8.021305 -1.294272 0.007377 0.103995 -0.888376 0.447124
1716882756.908102 1.384000 -7.992630 -1.296591 0.007361 0.110392 -0.888472 0.445395
1716882757.034575 1.298475 -7.932965 -1.281483 0.018790 0.099597 -0.891497 0.441544
1716882757.062157 1.278563 -7.920556 -1.277677 0.023273 0.096508 -0.892128 0.440741
1716882757.226588 1.174668 -7.853172 -1.281311 0.018228 0.097271 -0.902773 0.418578
1716882757.344822 1.124921 -7.809025 -1.276856 0.009920 0.098910 -0.913600 0.394276
1716882757.445266 1.070811 -7.764971 -1.284000 0.000310 0.104891 -0.922970 0.370304
1716882757.545654 1.030061 -7.707152 -1.280001 -0.004666 0.096520 -0.933003 0.346652
1716882757.636757 0.993576 -7.657465 -1.265280 -0.010114 0.100508 -0.938444 0.330330
1716882757.736053 0.951223 -7.604209 -1.256212 -0.007181 0.097531 -0.944776 0.312783
1716882757.844413 0.916213 -7.535047 -1.238181 -0.002239 0.101145 -0.949136 0.298169
1716882757.853390 0.904904 -7.519644 -1.243487 -0.001136 0.098462 -0.950586 0.294432
1716882758.035584 0.863807 -7.402517 -1.217102 0.007579 0.112453 -0.950519 0.289500
1716882758.088416 0.856752 -7.382453 -1.218178 0.011292 0.115489 -0.950900 0.286921
1716882758.236581 0.814191 -7.304076 -1.198317 0.020704 0.109850 -0.955393 0.273365
1716882758.347756 0.797790 -7.232963 -1.187662 0.019565 0.102953 -0.961066 0.255675
1716882758.445930 0.772249 -7.187726 -1.183285 0.015647 0.103931 -0.966460 0.234326
1716882758.546121 0.741482 -7.132567 -1.176196 0.012814 0.105329 -0.970258 0.217580
1716882758.554507 0.745798 -7.123377 -1.183205 0.013195 0.107427 -0.970749 0.214318
1716882758.737573 0.715442 -7.036332 -1.156284 -0.002016 0.111245 -0.978316 0.174694
1716882758.819758 0.702000 -6.995456 -1.154029 -0.011568 0.106776 -0.980852 0.162464
1716882758.945533 0.677512 -6.917236 -1.151088 -0.014640 0.109959 -0.982539 0.149371
1716882758.954416 0.668766 -6.915372 -1.155321 -0.016852 0.104281 -0.983689 0.145591
1716882759.145268 0.637053 -6.782225 -1.149129 -0.008251 0.103331 -0.984669 0.140290
1716882759.227973 0.627474 -6.725628 -1.144757 -0.004417 0.107021 -0.983654 0.144750
1716882759.337235 0.618797 -6.666092 -1.139150 0.005965 0.104961 -0.982880 0.151307
1716882759.446235 0.605236 -6.588384 -1.119541 0.013285 0.101026 -0.982107 0.158379
1716882759.463628 0.607095 -6.566021 -1.118818 0.019354 0.109761 -0.980957 0.159066
1716882759.628029 0.609723 -6.469877 -1.102445 0.019080 0.107361 -0.981498 0.157387
1716882759.745383 0.614967 -6.391390 -1.097608 0.017174 0.108649 -0.982277 0.151762
1716882759.835753 0.615258 -6.334430 -1.080689 0.014552 0.110656 -0.982987 0.145878
1716882759.859440 0.616939 -6.319695 -1.086484 0.009944 0.105914 -0.983342 0.147383
1716882760.014485 0.603984 -6.211448 -1.055640 0.008720 0.112030 -0.986449 0.119551
1716882760.144189 0.592117 -6.124653 -1.046116 0.006169 0.111235 -0.988730 0.100005
1716882760.226954 0.574485 -6.069868 -1.047985 0.004100 0.114687 -0.989259 0.090539
1716882760.254441 0.564556 -6.056708 -1.046937 0.000559 0.108217 -0.990482 0.085058
1716882760.436406 0.546825 -5.930473 -1.039095 0.000899 0.117635 -0.989724 0.081287
1716882760.536196 0.527506 -5.864796 -1.014559 0.010246 0.116944 -0.989643 0.082616
1716882760.644198 0.515731 -5.773290 -1.006712 0.010952 0.120864 -0.988463 0.090626
1716882760.652350 0.520666 -5.764734 -1.011276 0.013002 0.130084 -0.987191 0.091446
1716882760.825710 0.536928 -5.646014 -0.993331 0.021540 0.120048 -0.987850 0.096314
1716882760.943645 0.546759 -5.562029 -0.980723 0.022008 0.117528 -0.988168 0.096054
1716882761.043703 0.566239 -5.488830 -0.971983 0.020240 0.115183 -0.989171 0.088683
1716882761.143434 0.557858 -5.415519 -0.959094 0.011333 0.113594 -0.990586 0.075542
1716882761.234905 0.546286 -5.349176 -0.957073 0.003339 0.121549 -0.990567 0.063181
1716882761.344196 0.530391 -5.268591 -0.928957 0.001475 0.109490 -0.992738 0.049815
1716882761.435670 0.515539 -5.190028 -0.928936 -0.001816 0.112852 -0.992549 0.045916
1716882761.452579 0.515790 -5.184209 -0.914979 -0.007768 0.095708 -0.994594 0.039522
1716882761.635723 0.511483 -5.044709 -0.891986 -0.003583 0.109906 -0.993238 0.037235
1716882761.735176 0.503290 -4.965858 -0.872903 0.000377 0.117432 -0.992144 0.043135
1716882761.834750 0.495083 -4.887824 -0.857742 0.002815 0.125357 -0.990692 0.052985
1716882761.852643 0.506505 -4.870292 -0.858948 0.007410 0.127319 -0.990003 0.060242
1716882762.034468 0.510216 -4.717265 -0.840394 0.011370 0.109187 -0.990849 0.078536
1716882762.062077 0.510510 -4.694903 -0.843169 0.010970 0.103023 -0.991329 0.080826
1716882762.217055 0.504441 -4.578053 -0.846256 0.011339 0.109149 -0.991281 0.072943
1716882762.254775 0.515887 -4.545241 -0.846782 0.013034 0.109028 -0.991249 0.073274
1716882762.437676 0.512084 -4.395863 -0.831070 0.009685 0.118834 -0.991822 0.045543
1716882762.553213 0.512536 -4.311696 -0.814268 0.006103 0.112971 -0.993004 0.033805
1716882762.641776 0.486320 -4.234496 -0.803488 0.000700 0.116623 -0.992655 0.032181
1716882762.662273 0.477489 -4.228347 -0.791249 0.001242 0.104631 -0.994183 0.025498
1716882762.818193 0.466406 -4.102167 -0.769292 -0.001180 0.112241 -0.993308 0.027209
1716882762.944866 0.475222 -4.007086 -0.755961 0.005296 0.127373 -0.990845 0.044431
1716882763.045060 0.487403 -3.910863 -0.736379 0.013664 0.125394 -0.990089 0.061752
1716882763.145466 0.501954 -3.835971 -0.709805 0.014672 0.118566 -0.990107 0.073587
1716882763.236949 0.502166 -3.769950 -0.700749 0.021618 0.122631 -0.988950 0.080444
1716882763.266958 0.499993 -3.759116 -0.703704 0.017759 0.118203 -0.989324 0.083374
1716882763.446165 0.490880 -3.639689 -0.689487 0.018502 0.120009 -0.989449 0.079032
1716882763.454184 0.497757 -3.654734 -0.695339 0.020756 0.109411 -0.989683 0.090144
1716882763.639842 0.480021 -3.523945 -0.678419 0.011680 0.122736 -0.990041 0.067959
1716882763.742246 0.470263 -3.447458 -0.668599 0.009065 0.116321 -0.991529 0.057077
1716882763.818364 0.463844 -3.390388 -0.672752 0.005293 0.113293 -0.991953 0.056272
1716882763.942974 0.441726 -3.296507 -0.663300 0.002387 0.109431 -0.992138 0.060668
1716882764.037952 0.439311 -3.217680 -0.652169 0.003887 0.107675 -0.990830 0.081528
1716882764.090744 0.436867 -3.173458 -0.643938 0.001720 0.101629 -0.991440 0.081951
1716882764.245998 0.445361 -3.031143 -0.610958 0.018518 0.111758 -0.984837 0.131390
1716882764.345880 0.427712 -2.957057 -0.589711 0.024393 0.118228 -0.980056 0.157855
1716882764.437256 0.423468 -2.901619 -0.579647 0.029410 0.117229 -0.975886 0.181768
1716882764.545836 0.408923 -2.824351 -0.571891 0.026860 0.115356 -0.971010 0.207631
1716882764.650084 0.390664 -2.780946 -0.571713 0.030927 0.116077 -0.965275 0.231977
1716882764.740572 0.373534 -2.750235 -0.567184 0.031744 0.121077 -0.960327 0.249209
1716882764.845674 0.359920 -2.716455 -0.563756 0.025745 0.115988 -0.956515 0.266391
1716882764.916135 0.349784 -2.688105 -0.564795 0.023916 0.115391 -0.953393 0.277769
1716882765.045776 0.344716 -2.644903 -0.559444 0.025117 0.107774 -0.945048 0.307632
1716882765.063068 0.342370 -2.636373 -0.561054 0.021139 0.102523 -0.945766 0.307521
1716882765.226584 0.345169 -2.560612 -0.560403 0.026340 0.096202 -0.927136 0.361207
1716882765.345311 0.334620 -2.484159 -0.553916 0.032317 0.094201 -0.912778 0.396128
1716882765.436911 0.303569 -2.451554 -0.556577 0.037763 0.092311 -0.897138 0.430344
1716882765.544995 0.287090 -2.422030 -0.544963 0.046865 0.088724 -0.876843 0.470189
1716882765.645375 0.250326 -2.408263 -0.550047 0.054035 0.086413 -0.850045 0.516756
1716882765.660757 0.237053 -2.422251 -0.552938 0.059679 0.083306 -0.842977 0.528099
1716882765.831779 0.177049 -2.399563 -0.551687 0.061601 0.082656 -0.794552 0.598381
1716882765.934594 0.141938 -2.394391 -0.543050 0.058376 0.086302 -0.752627 0.650151
1716882766.035034 0.119915 -2.392705 -0.540249 0.057817 0.082037 -0.718368 0.688386
1716882766.145041 0.070300 -2.400677 -0.549352 0.057205 0.078586 -0.680856 0.725939
1716882766.245265 0.050192 -2.399826 -0.556912 0.059515 0.065387 -0.639475 0.763711
1716882766.272060 0.069099 -2.422180 -0.566732 0.056815 0.059778 -0.627580 0.774172
1716882766.435979 0.024034 -2.417830 -0.566664 0.061395 0.045359 -0.543899 0.835672
1716882766.544934 -0.013847 -2.439334 -0.572115 0.055537 0.045281 -0.478236 0.875303
1716882766.650463 -0.043870 -2.416086 -0.576740 0.057572 0.042931 -0.398172 0.914495
1716882766.666815 -0.008005 -2.423684 -0.580361 0.051931 0.048558 -0.384913 0.920210
1716882766.814515 -0.020568 -2.412204 -0.573484 0.055824 0.051544 -0.289807 0.954064
1716882766.934658 -0.015767 -2.394448 -0.560315 0.057248 0.042674 -0.237164 0.968842
1716882767.044686 -0.035936 -2.382613 -0.547230 0.061818 0.039957 -0.206642 0.975644
1716882767.145558 -0.044409 -2.383717 -0.544859 0.062603 0.034189 -0.179027 0.981255
1716882767.236054 -0.035585 -2.392982 -0.546330 0.067023 0.027418 -0.157038 0.984934
1716882767.346369 -0.024368 -2.392883 -0.543669 0.072193 0.017575 -0.139507 0.987430
1716882767.437501 -0.003306 -2.408028 -0.552652 0.072003 0.017547 -0.123193 0.989612
1716882767.457899 0.004301 -2.403663 -0.551757 0.077489 0.012949 -0.115384 0.990209
1716882767.636607 -0.026665 -2.429008 -0.543648 0.056489 0.020611 -0.140627 0.988235
1716882767.737228 -0.047288 -2.432807 -0.547546 0.052420 0.014482 -0.143259 0.988190
1716882767.808959 -0.046342 -2.433303 -0.550246 0.059705 0.012892 -0.141263 0.988086
1716882767.945664 -0.060952 -2.441210 -0.553915 0.065562 0.007817 -0.134123 0.988763
1716882767.985634 -0.072088 -2.443775 -0.555802 0.074436 0.003421 -0.128886 0.988856
1716882768.146580 -0.088491 -2.450236 -0.555104 0.078013 -0.001285 -0.109853 0.990881
1716882768.247004 -0.076384 -2.455842 -0.554244 0.076296 -0.002063 -0.097287 0.992326
1716882768.337357 -0.076306 -2.462786 -0.552379 0.076614 0.003244 -0.089954 0.992989
1716882768.446776 -0.049284 -2.454524 -0.539635 0.073445 0.003398 -0.079741 0.994100
1716882768.546588 -0.040475 -2.449672 -0.532324 0.068388 -0.002626 -0.068523 0.995299
1716882768.648854 -0.038893 -2.448576 -0.524768 0.065719 -0.003389 -0.066827 0.995592
1716882768.724790 -0.030317 -2.447787 -0.522574 0.060363 -0.003144 -0.061049 0.996303
1716882768.819182 -0.038241 -2.453378 -0.524482 0.054605 -0.002700 -0.058733 0.996775
1716882768.920233 -0.036229 -2.445401 -0.524223 0.049946 0.002849 -0.058713 0.997021
1716882769.016363 -0.051547 -2.453001 -0.527847 0.049311 -0.000073 -0.059628 0.997002
1716882769.107902 -0.050799 -2.452702 -0.530414 0.048641 -0.000712 -0.060129 0.997005
1716882769.236351 -0.060666 -2.446334 -0.535357 0.047793 0.002002 -0.060597 0.997015
1716882769.337744 -0.057163 -2.447149 -0.536824 0.049083 -0.001799 -0.062106 0.996860
1716882769.446992 -0.060405 -2.435766 -0.536885 0.044943 0.001988 -0.064455 0.996906
1716882769.546789 -0.066402 -2.430978 -0.531459 0.047180 0.003870 -0.065481 0.996730
1716882769.645839 -0.059307 -2.432015 -0.529389 0.045824 0.002837 -0.067801 0.996642
1716882769.737731 -0.059122 -2.429880 -0.527029 0.045980 0.005170 -0.068067 0.996607
1716882769.837649 -0.046139 -2.429716 -0.529213 0.044279 0.006123 -0.067542 0.996715
1716882769.936530 -0.046002 -2.434423 -0.525519 0.042987 0.005581 -0.066508 0.996844
1716882770.045301 -0.047801 -2.437312 -0.520925 0.044640 0.006177 -0.063735 0.996949
1716882770.145562 -0.042743 -2.436167 -0.520910 0.044312 0.007299 -0.059984 0.997189
1716882770.236111 -0.039836 -2.437488 -0.520955 0.044204 0.004607 -0.055852 0.997449
1716882770.346238 -0.032473 -2.433350 -0.521503 0.041917 0.004033 -0.051321 0.997794
1716882770.440293 -0.028025 -2.425712 -0.523809 0.038667 0.000630 -0.047466 0.998124
1716882770.546746 -0.028059 -2.417580 -0.526807 0.042597 -0.001210 -0.041185 0.998242
1716882770.645176 -0.032519 -2.412850 -0.531307 0.042503 0.000100 -0.032060 0.998582
1716882770.737681 -0.025397 -2.407307 -0.533460 0.045218 0.000063 -0.026066 0.998637
1716882770.838835 -0.007641 -2.411577 -0.534846 0.045851 -0.001818 -0.021697 0.998711
1716882770.914155 -0.001205 -2.413868 -0.537234 0.046757 -0.002071 -0.021160 0.998680
1716882771.044447 0.005389 -2.419947 -0.527826 0.050954 -0.008599 -0.017199 0.998516
1716882771.070635 0.003145 -2.428315 -0.532001 0.053912 -0.010878 -0.014708 0.998378
1716882771.243171 0.027757 -2.421179 -0.527050 0.054284 -0.012921 -0.008411 0.998406
1716882771.308016 0.023460 -2.430959 -0.524349 0.048083 -0.010776 -0.005373 0.998771
1716882771.436744 0.017587 -2.429716 -0.522981 0.043298 -0.009662 -0.002665 0.999012
1716882771.544878 0.014949 -2.439264 -0.519724 0.043207 -0.013035 0.000661 0.998981
1716882771.643647 0.009896 -2.449982 -0.520747 0.040900 -0.008769 0.003045 0.999120
1716882771.723398 0.007090 -2.454498 -0.518672 0.039854 -0.007169 0.005582 0.999164
1716882771.835502 -0.008219 -2.460446 -0.517262 0.040137 -0.010748 0.008319 0.999102
1716882771.853301 -0.007081 -2.465312 -0.518139 0.040207 -0.009671 0.009820 0.999096
1716882772.025957 -0.011825 -2.471860 -0.523183 0.040305 -0.011176 0.011272 0.999061
1716882772.145529 -0.009539 -2.465004 -0.527862 0.038621 -0.012264 0.012611 0.999099
1716882772.245953 -0.011121 -2.466602 -0.530994 0.037002 -0.011235 0.013581 0.999160
1716882772.346221 -0.021124 -2.471941 -0.531023 0.038634 -0.012862 0.013072 0.999085
1716882772.446214 -0.021044 -2.482052 -0.535327 0.038521 -0.015444 0.013403 0.999049
1716882772.539765 -0.027874 -2.486798 -0.541627 0.037800 -0.016507 0.012349 0.999073
1716882772.638255 -0.037892 -2.492208 -0.542890 0.039663 -0.016026 0.010952 0.999025
1716882772.735896 -0.040726 -2.491791 -0.539751 0.038703 -0.015090 0.010076 0.999086
1716882772.763551 -0.041505 -2.494056 -0.539250 0.038806 -0.017648 0.011133 0.999029
1716882772.926446 -0.060408 -2.501974 -0.538047 0.036921 -0.015315 0.009199 0.999159
1716882773.036118 -0.061514 -2.497507 -0.535089 0.036733 -0.014285 0.008659 0.999185
1716882773.146561 -0.054866 -2.487625 -0.535715 0.037086 -0.014348 0.006634 0.999187
1716882773.247487 -0.053221 -2.482338 -0.537727 0.035303 -0.012397 0.007416 0.999272
1716882773.346739 -0.044425 -2.481228 -0.532390 0.035061 -0.011884 0.005653 0.999299
1716882773.437185 -0.040373 -2.472014 -0.534317 0.034059 -0.011821 0.004406 0.999340
1716882773.547447 -0.036115 -2.470350 -0.528100 0.034740 -0.009000 0.001714 0.999354
1716882773.648808 -0.038990 -2.467059 -0.527351 0.033996 -0.010392 0.001263 0.999367
1716882773.746003 -0.036005 -2.469276 -0.529150 0.033726 -0.009427 -0.000657 0.999386
1716882773.821626 -0.029091 -2.462039 -0.530000 0.034837 -0.011924 -0.001730 0.999320
