1716886120.778562 0.019196 0.001821 -0.003171 -0.001847 0.001143 -0.000486 0.999998
1716886120.960202 0.020614 -0.009029 -0.007595 0.002183 0.001164 -0.000987 0.999996
1716886121.069718 0.029725 -0.012952 -0.008998 0.005197 0.001454 -0.002520 0.999982
1716886121.169857 0.044202 -0.022513 -0.022902 0.007488 -0.000315 -0.003946 0.999964
1716886121.261408 0.048450 -0.037468 -0.035966 0.010517 -0.003107 -0.004699 0.999929
1716886121.369776 0.055197 -0.057639 -0.045538 0.015020 -0.005765 -0.007138 0.999845
1716886121.469322 0.053714 -0.085885 -0.058392 0.012523 -0.010189 -0.002760 0.999866
1716886121.568605 0.058943 -0.122194 -0.058418 0.012774 -0.012853 -0.001893 0.999834
1716886121.651000 0.061446 -0.150448 -0.060482 0.006563 -0.013802 0.001238 0.999882
1716886121.768049 0.052640 -0.194895 -0.069842 -0.001733 -0.009166 0.005604 0.999941
1716886121.850863 0.049204 -0.219551 -0.063664 -0.009409 -0.006057 0.006691 0.999915
1716886121.960575 0.045580 -0.294997 -0.061899 -0.018555 0.000267 0.012117 0.999754
1716886122.052494 0.038138 -0.341971 -0.074500 -0.019568 -0.000902 0.021739 0.999572
1716886122.142575 0.037767 -0.379478 -0.081010 -0.010881 -0.001019 0.026684 0.999584
1716886122.241949 0.044004 -0.426663 -0.092015 -0.004827 -0.004754 0.027582 0.999597
1716886122.368763 0.054773 -0.474886 -0.109201 -0.006221 -0.008247 0.024159 0.999655
1716886122.468655 0.062894 -0.532104 -0.115696 -0.008863 -0.009407 0.019864 0.999719
1716886122.574888 0.080426 -0.601694 -0.127991 -0.006694 -0.012436 0.016405 0.999766
1716886122.668468 0.088290 -0.665787 -0.131304 -0.012778 -0.011220 0.009111 0.999814
1716886122.759986 0.099702 -0.731327 -0.137135 -0.001441 -0.013717 0.011217 0.999842
1716886122.867843 0.108019 -0.790445 -0.144487 -0.004892 -0.012820 0.005789 0.999889
1716886122.959179 0.113787 -0.835247 -0.151882 0.000803 -0.014977 0.011163 0.999825
1716886123.068180 0.113935 -0.931873 -0.175912 -0.002364 -0.016871 0.020083 0.999653
1716886123.168562 0.112592 -1.023608 -0.183634 -0.006434 -0.013065 0.030516 0.999428
1716886123.268985 0.107128 -1.113191 -0.173692 -0.013824 -0.008811 0.045285 0.998840
1716886123.360676 0.111079 -1.167701 -0.178523 -0.008756 0.000933 0.052966 0.998558
1716886123.470124 0.120993 -1.230487 -0.194606 -0.010837 0.005373 0.065438 0.997783
1716886123.570114 0.131043 -1.280313 -0.205626 -0.012600 0.004077 0.073830 0.997183
1716886123.669803 0.144557 -1.331063 -0.212986 -0.009876 0.000138 0.076462 0.997024
1716886123.773786 0.166380 -1.402517 -0.219831 -0.021069 -0.005014 0.072985 0.997098
1716886123.843061 0.174752 -1.451424 -0.228088 -0.023081 -0.009619 0.071052 0.997159
1716886123.960167 0.189259 -1.517210 -0.233130 -0.028884 -0.013693 0.068635 0.997130
1716886124.069492 0.200026 -1.595300 -0.237538 -0.030354 -0.020336 0.078207 0.996267
1716886124.169774 0.207570 -1.659853 -0.247060 -0.032813 -0.021235 0.087599 0.995389
1716886124.261290 0.217568 -1.716056 -0.253329 -0.030679 -0.024170 0.103013 0.993913
1716886124.370723 0.249070 -1.778145 -0.257910 -0.032542 -0.025571 0.123584 0.991471
1716886124.470511 0.277068 -1.830600 -0.259249 -0.036530 -0.027697 0.149350 0.987721
1716886124.570540 0.301702 -1.876135 -0.261365 -0.034473 -0.025607 0.177293 0.983221
1716886124.661566 0.321639 -1.916081 -0.258291 -0.032885 -0.016685 0.208128 0.977406
1716886124.676791 0.312900 -1.906019 -0.259933 -0.036555 -0.017889 0.214808 0.975808
1716886124.844846 0.345967 -1.980671 -0.266271 -0.031542 -0.013630 0.252630 0.966953
1716886124.941796 0.369012 -2.024990 -0.271771 -0.026808 -0.016007 0.268670 0.962726
1716886125.022242 0.396557 -2.062475 -0.273745 -0.024900 -0.021362 0.280330 0.959343
1716886125.170158 0.440251 -2.134713 -0.276470 -0.026764 -0.029246 0.300054 0.953098
1716886125.270442 0.487164 -2.180341 -0.282092 -0.029776 -0.038913 0.313673 0.948266
1716886125.370545 0.538137 -2.222020 -0.283230 -0.028363 -0.044524 0.337018 0.940017
1716886125.461703 0.598194 -2.253097 -0.287910 -0.026280 -0.050071 0.367539 0.928288
1716886125.570405 0.665589 -2.292492 -0.293526 -0.027024 -0.054245 0.400025 0.914498
1716886125.670111 0.724486 -2.329495 -0.297309 -0.024071 -0.057078 0.439381 0.896163
1716886125.762398 0.771489 -2.330507 -0.296756 -0.032127 -0.060240 0.484677 0.872025
1716886125.869262 0.821799 -2.349507 -0.300561 -0.036921 -0.062199 0.528686 0.845730
1716886125.960223 0.868717 -2.370594 -0.302569 -0.033673 -0.059048 0.562596 0.823933
1716886126.069401 0.931447 -2.384718 -0.302130 -0.037970 -0.061915 0.592264 0.802463
1716886126.169394 0.994778 -2.384404 -0.302331 -0.030297 -0.060228 0.618225 0.783104
1716886126.269642 1.061725 -2.394240 -0.305382 -0.029511 -0.066034 0.639958 0.764998
1716886126.369718 1.115700 -2.396116 -0.308234 -0.025476 -0.068502 0.654006 0.752951
1716886126.461313 1.174347 -2.392780 -0.305593 -0.026136 -0.072665 0.662460 0.745106
1716886126.569480 1.252285 -2.389786 -0.305209 -0.032448 -0.082327 0.667545 0.739293
1716886126.660614 1.313910 -2.382825 -0.304740 -0.022318 -0.075529 0.671915 0.736429
1716886126.767771 1.387786 -2.379079 -0.303619 -0.023809 -0.084429 0.680367 0.727603
1716886126.874781 1.463004 -2.379384 -0.305539 -0.019445 -0.082209 0.688371 0.720422
1716886126.959022 1.515348 -2.390310 -0.307615 -0.023604 -0.082597 0.694390 0.714453
1716886127.068079 1.611430 -2.396923 -0.308285 -0.028797 -0.084530 0.697880 0.710626
1716886127.159534 1.701520 -2.403216 -0.298935 -0.039118 -0.090828 0.706649 0.700619
1716886127.177468 1.715885 -2.403970 -0.301262 -0.028125 -0.080510 0.707432 0.701618
1716886127.359914 1.858335 -2.410426 -0.294322 -0.033791 -0.083346 0.714785 0.693538
1716886127.468557 1.933780 -2.403404 -0.297304 -0.030004 -0.078039 0.717265 0.691766
1716886127.560383 2.009777 -2.396932 -0.291825 -0.032682 -0.086151 0.713037 0.695045
1716886127.668200 2.096652 -2.392342 -0.286202 -0.036867 -0.090839 0.709130 0.698229
1716886127.774078 2.182515 -2.386149 -0.281344 -0.039232 -0.095334 0.702855 0.703824
1716886127.859466 2.249427 -2.380208 -0.281957 -0.034293 -0.091125 0.697210 0.710224
1716886127.959064 2.333593 -2.372715 -0.278782 -0.031962 -0.095614 0.696642 0.710301
1716886128.068022 2.421253 -2.365052 -0.286904 -0.023262 -0.092826 0.697496 0.710170
1716886128.168466 2.507107 -2.367441 -0.290172 -0.024259 -0.093177 0.696971 0.710606
1716886128.268992 2.591182 -2.372729 -0.289382 -0.025386 -0.093589 0.698397 0.709110
1716886128.360865 2.658841 -2.375416 -0.283394 -0.025608 -0.091965 0.699974 0.707759
1716886128.469998 2.738389 -2.384249 -0.280431 -0.031241 -0.086154 0.701812 0.706443
1716886128.569827 2.809854 -2.383318 -0.284938 -0.022998 -0.074405 0.708425 0.701476
1716886128.669669 2.887811 -2.390108 -0.294925 -0.025538 -0.070973 0.708938 0.701226
1716886128.760681 2.958538 -2.392301 -0.292584 -0.024424 -0.068352 0.711300 0.699130
1716886128.868924 3.044158 -2.390968 -0.286044 -0.030211 -0.069579 0.706364 0.703773
1716886128.960035 3.133805 -2.387805 -0.281015 -0.029600 -0.077904 0.702329 0.706957
1716886129.069285 3.231429 -2.385450 -0.276198 -0.029473 -0.080747 0.695613 0.713256
1716886129.169677 3.314571 -2.379463 -0.260628 -0.027548 -0.077672 0.693046 0.716167
1716886129.269976 3.389444 -2.381835 -0.267303 -0.014412 -0.073228 0.691976 0.718053
1716886129.361456 3.460772 -2.378672 -0.274885 -0.007810 -0.067856 0.695091 0.715669
1716886129.470430 3.557988 -2.381099 -0.263520 -0.023879 -0.077651 0.699901 0.709605
1716886129.570386 3.639177 -2.382049 -0.260266 -0.032551 -0.080614 0.701329 0.707516
1716886129.662410 3.711941 -2.388738 -0.259310 -0.037822 -0.088207 0.705311 0.702371
1716886129.677731 3.721087 -2.394734 -0.258563 -0.032956 -0.083421 0.704809 0.703704
1716886129.866112 3.878262 -2.395115 -0.267422 -0.031866 -0.079824 0.715396 0.693412
1716886129.943424 3.955383 -2.403415 -0.262183 -0.035017 -0.077030 0.717845 0.691042
1716886130.021583 4.016349 -2.409816 -0.260001 -0.028601 -0.078998 0.717674 0.691292
1716886130.170072 4.141546 -2.394486 -0.275664 -0.029262 -0.088010 0.714746 0.693207
1716886130.179379 4.138806 -2.396102 -0.278106 -0.040443 -0.097523 0.719931 0.685968
1716886130.361129 4.287201 -2.392529 -0.254133 -0.042818 -0.096386 0.708580 0.697704
1716886130.470425 4.375986 -2.392952 -0.244832 -0.038768 -0.097532 0.702843 0.703560
1716886130.561599 4.446239 -2.393822 -0.246059 -0.037458 -0.087931 0.702198 0.705537
1716886130.669986 4.530584 -2.387948 -0.251211 -0.024844 -0.088210 0.705142 0.703119
1716886130.769661 4.603419 -2.383827 -0.246031 -0.026590 -0.087874 0.706953 0.701276
1716886130.869179 4.685194 -2.384587 -0.246369 -0.021522 -0.080875 0.713234 0.695912
1716886130.960155 4.761205 -2.395149 -0.238913 -0.032874 -0.083694 0.715597 0.692701
1716886131.059902 4.850246 -2.400779 -0.229439 -0.030446 -0.075964 0.721909 0.687132
1716886131.169384 4.941250 -2.401911 -0.222690 -0.031288 -0.073934 0.723383 0.685764
1716886131.269474 5.011967 -2.398438 -0.226431 -0.025628 -0.067968 0.722716 0.687318
1716886131.361048 5.077847 -2.387043 -0.239932 -0.020247 -0.067634 0.722155 0.688119
1716886131.469757 5.160930 -2.387155 -0.230209 -0.029711 -0.072857 0.716217 0.693428
1716886131.569310 5.246890 -2.382811 -0.217509 -0.037257 -0.083572 0.709620 0.698618
1716886131.668783 5.354752 -2.374206 -0.228610 -0.024269 -0.079246 0.701821 0.707516
1716886131.759773 5.439627 -2.366639 -0.229782 -0.024485 -0.081366 0.692968 0.715944
1716886131.864475 5.543272 -2.367918 -0.234322 -0.015838 -0.077058 0.695489 0.714217
1716886131.939866 5.611254 -2.371064 -0.232485 -0.012331 -0.079014 0.693970 0.715549
1716886132.067955 5.732705 -2.375865 -0.239396 -0.015506 -0.080050 0.694654 0.714708
1716886132.167996 5.833314 -2.380272 -0.236281 -0.028000 -0.084792 0.698191 0.710321
1716886132.268089 5.933095 -2.380256 -0.220632 -0.028283 -0.079409 0.701570 0.707598
1716886132.359809 6.012645 -2.375374 -0.218559 -0.030250 -0.078365 0.705281 0.703933
1716886132.468392 6.103311 -2.367836 -0.222980 -0.028897 -0.070256 0.709192 0.700911
1716886132.568331 6.174669 -2.366281 -0.214065 -0.035886 -0.076917 0.706548 0.702557
1716886132.660156 6.266456 -2.359783 -0.210775 -0.026174 -0.085070 0.700988 0.707597
1716886132.774406 6.372788 -2.350355 -0.203259 -0.029623 -0.094080 0.698173 0.709102
1716886132.840992 6.437733 -2.351583 -0.215566 -0.023726 -0.085636 0.694218 0.714258
1716886132.967530 6.553065 -2.339023 -0.206402 -0.015083 -0.084968 0.694312 0.714481
1716886133.067575 6.636325 -2.327705 -0.214270 -0.008008 -0.080345 0.690975 0.718355
1716886133.167820 6.716671 -2.326103 -0.228162 -0.013286 -0.083142 0.690831 0.718097
1716886133.268300 6.808758 -2.325937 -0.232397 -0.023482 -0.087787 0.691420 0.716715
1716886133.360008 6.891739 -2.339080 -0.213544 -0.034153 -0.085862 0.695983 0.712087
1716886133.469536 6.988372 -2.340789 -0.198622 -0.038214 -0.087627 0.699655 0.708056
1716886133.569722 7.079021 -2.342967 -0.206891 -0.034553 -0.084352 0.704482 0.703844
1716886133.669715 7.164971 -2.347214 -0.208369 -0.035439 -0.076344 0.701376 0.707804
1716886133.764149 7.245735 -2.346191 -0.197667 -0.036940 -0.074748 0.701670 0.707607
1716886133.860280 7.325724 -2.339001 -0.184990 -0.037465 -0.075248 0.699128 0.710038
1716886133.968250 7.412781 -2.328438 -0.178776 -0.037194 -0.078055 0.694491 0.714287
1716886134.059888 7.489764 -2.316418 -0.179517 -0.038783 -0.084131 0.690690 0.717193
1716886134.078728 7.499158 -2.315423 -0.185964 -0.028592 -0.078934 0.690492 0.718451
1716886134.260593 7.640899 -2.311347 -0.172643 -0.026709 -0.082348 0.686752 0.721719
1716886134.370033 7.705739 -2.311674 -0.171738 -0.020427 -0.077373 0.689688 0.719671
1716886134.470178 7.776116 -2.311708 -0.177077 -0.017493 -0.081731 0.688179 0.720710
1716886134.561494 7.857660 -2.318020 -0.172527 -0.019840 -0.084695 0.688511 0.719990
1716886134.671669 7.949057 -2.312425 -0.164089 -0.028158 -0.081911 0.692501 0.716199
1716886134.769773 8.017731 -2.290417 -0.157545 -0.034160 -0.088475 0.704047 0.703792
1716886134.865945 8.099585 -2.275737 -0.161943 -0.039609 -0.086465 0.710020 0.697729
1716886134.944376 8.166632 -2.280359 -0.161365 -0.040191 -0.085340 0.716469 0.691212
1716886135.061635 8.269291 -2.281119 -0.163431 -0.042590 -0.086961 0.717642 0.689647
1716886135.114042 8.316741 -2.281258 -0.147104 -0.042855 -0.084909 0.720100 0.687321
1716886135.179255 8.380071 -2.274429 -0.166400 -0.042305 -0.086796 0.720194 0.687021
1716886135.369966 8.550762 -2.245898 -0.165187 -0.053972 -0.104162 0.710908 0.693431
1716886135.461199 8.604057 -2.232644 -0.125128 -0.050700 -0.101635 0.701869 0.703192
1716886135.561365 8.691852 -2.227296 -0.143669 -0.039748 -0.097560 0.700149 0.706183
1716886135.669788 8.785371 -2.228861 -0.137748 -0.026728 -0.091524 0.697154 0.710553
1716886135.769458 8.860491 -2.230760 -0.133934 -0.027172 -0.082655 0.700208 0.708617
1716886135.869110 8.942911 -2.238931 -0.120923 -0.032462 -0.087018 0.702872 0.705227
1716886135.959967 9.017147 -2.245382 -0.126704 -0.033266 -0.080842 0.705697 0.703100
1716886136.068809 9.124207 -2.255998 -0.136440 -0.045251 -0.090387 0.712726 0.694122
1716886136.159900 9.209398 -2.256231 -0.120594 -0.049165 -0.090060 0.715431 0.691108
1716886136.269431 9.306760 -2.257629 -0.115745 -0.054237 -0.090221 0.715478 0.690659
1716886136.369617 9.388696 -2.259246 -0.115513 -0.048103 -0.077996 0.719549 0.688369
1716886136.461040 9.463382 -2.249697 -0.123640 -0.039845 -0.082869 0.713013 0.695095
1716886136.569216 9.536442 -2.255080 -0.126822 -0.035301 -0.083147 0.709416 0.698978
1716886136.668666 9.601661 -2.253944 -0.120210 -0.035252 -0.084471 0.699059 0.709181
1716886136.768089 9.690164 -2.249139 -0.124521 -0.028114 -0.081572 0.700837 0.708084
1716886136.868079 9.777941 -2.244018 -0.112811 -0.023148 -0.079659 0.695266 0.713950
1716886136.967515 9.865828 -2.248405 -0.101257 -0.016462 -0.076542 0.696871 0.712911
1716886137.058708 9.950208 -2.257354 -0.118715 -0.020021 -0.081735 0.698165 0.710974
1716886137.168003 10.060503 -2.269812 -0.108460 -0.021887 -0.078618 0.702376 0.707113
1716886137.259506 10.154796 -2.285045 -0.094067 -0.037600 -0.089163 0.705711 0.701860
1716886137.368453 10.238887 -2.294482 -0.083226 -0.031307 -0.075103 0.711664 0.697792
1716886137.389421 10.254343 -2.298094 -0.091945 -0.029995 -0.067373 0.715246 0.694971
1716886137.568198 10.375290 -2.314498 -0.096516 -0.026013 -0.063427 0.713970 0.696812
1716886137.660011 10.446355 -2.321930 -0.095170 -0.029022 -0.069433 0.708291 0.701898
1716886137.774877 10.555407 -2.318962 -0.091089 -0.024534 -0.079561 0.696606 0.712606
1716886137.840222 10.601306 -2.309636 -0.081683 -0.026542 -0.088485 0.700734 0.707416
1716886137.967421 10.706041 -2.295339 -0.066977 -0.022073 -0.083111 0.693892 0.714926
1716886138.067474 10.795390 -2.299585 -0.055567 -0.018919 -0.079311 0.693864 0.715475
1716886138.167623 10.879399 -2.298842 -0.074418 -0.008775 -0.072129 0.692976 0.717290
1716886138.259123 10.951514 -2.299888 -0.093826 -0.011573 -0.070826 0.695357 0.715072
1716886138.369347 11.044555 -2.305697 -0.089601 -0.015994 -0.068557 0.698809 0.711836
1716886138.460953 11.124541 -2.300848 -0.095533 -0.023877 -0.069342 0.705354 0.705052
1716886138.569573 11.204347 -2.310946 -0.101962 -0.021456 -0.059038 0.712019 0.699344
1716886138.669356 11.273697 -2.324041 -0.105693 -0.020992 -0.054286 0.710617 0.701167
1716886138.773293 11.369432 -2.336750 -0.108538 -0.018988 -0.053184 0.707634 0.704319
1716886138.860111 11.443314 -2.340617 -0.098911 -0.022066 -0.052931 0.705514 0.706372
1716886138.959660 11.529376 -2.329630 -0.099840 -0.023055 -0.062048 0.699459 0.711601
1716886138.978771 11.539129 -2.319935 -0.098261 -0.028773 -0.064277 0.701374 0.709306
1716886139.160042 11.679686 -2.303442 -0.100033 -0.017148 -0.060452 0.689322 0.721725
1716886139.269858 11.746194 -2.317003 -0.081699 -0.005974 -0.061061 0.688410 0.722722
1716886139.361296 11.807642 -2.315071 -0.097602 -0.008470 -0.058082 0.685200 0.725986
1716886139.379290 11.815848 -2.326433 -0.091972 0.003207 -0.060171 0.690567 0.720754
1716886139.561362 11.976967 -2.324290 -0.094932 0.000085 -0.066370 0.689133 0.721589
1716886139.669850 12.068861 -2.322469 -0.089859 -0.003407 -0.064076 0.693444 0.717648
1716886139.770711 12.154928 -2.313793 -0.077689 -0.013673 -0.067351 0.699417 0.711402
1716886139.841620 12.205029 -2.311878 -0.085766 -0.018274 -0.057963 0.703036 0.708552
1716886139.942194 12.282206 -2.313441 -0.079583 -0.020048 -0.058440 0.706947 0.704563
1716886140.019171 12.333074 -2.315040 -0.079342 -0.018985 -0.055861 0.708207 0.703535
1716886140.170491 12.454371 -2.282146 -0.103533 -0.028753 -0.062321 0.697582 0.713210
1716886140.270038 12.536889 -2.267033 -0.071433 -0.017243 -0.066477 0.695375 0.715358
1716886140.370259 12.617488 -2.259707 -0.068107 -0.025511 -0.069697 0.688744 0.721196
1716886140.461471 12.692769 -2.259827 -0.069461 -0.007296 -0.064815 0.686392 0.724301
1716886140.570064 12.790754 -2.253392 -0.070748 -0.003178 -0.068077 0.685738 0.724651
1716886140.578712 12.786790 -2.255256 -0.060245 0.016826 -0.055889 0.686874 0.724429
1716886140.760813 12.944457 -2.250941 -0.067757 -0.004855 -0.068458 0.685150 0.725162
1716886140.860191 13.032740 -2.249745 -0.072014 -0.007033 -0.072363 0.685642 0.724299
1716886140.968874 13.118055 -2.249877 -0.078880 -0.018141 -0.067829 0.690746 0.719681
1716886141.068677 13.201264 -2.259380 -0.075025 -0.026017 -0.063071 0.696718 0.714093
1716886141.159962 13.281379 -2.262526 -0.057138 -0.022187 -0.061903 0.703566 0.707581
1716886141.269313 13.363967 -2.256600 -0.058978 -0.022675 -0.056289 0.704983 0.706623
1716886141.360986 13.419754 -2.259784 -0.063498 -0.015800 -0.053895 0.709985 0.701973
1716886141.469595 13.506364 -2.252558 -0.062584 -0.016316 -0.055174 0.703519 0.708344
1716886141.560702 13.591664 -2.253268 -0.047832 -0.013263 -0.066294 0.702725 0.708242
1716886141.668834 13.687275 -2.246109 -0.039121 -0.022978 -0.076928 0.697608 0.711967
1716886141.769512 13.776731 -2.245731 -0.049702 -0.020117 -0.065943 0.691839 0.718752
1716886141.776996 13.770766 -2.241963 -0.052868 -0.039273 -0.074688 0.685868 0.722817
1716886141.938128 13.909764 -2.239735 -0.060673 -0.009333 -0.073914 0.684269 0.725414
1716886142.067999 14.032847 -2.247406 -0.078483 -0.013856 -0.080797 0.689042 0.720070
1716886142.159418 14.110848 -2.251600 -0.081232 -0.015877 -0.080080 0.692193 0.717080
1716886142.268855 14.209748 -2.255954 -0.070196 -0.022780 -0.081092 0.697700 0.711421
1716886142.368437 14.312986 -2.256073 -0.037467 -0.019724 -0.081826 0.701864 0.707321
1716886142.460020 14.393840 -2.252601 -0.041885 -0.024629 -0.070739 0.706258 0.703981
1716886142.568308 14.476308 -2.256923 -0.040022 -0.016386 -0.060448 0.707472 0.703961
1716886142.667774 14.559298 -2.252764 -0.044238 -0.022891 -0.062657 0.704973 0.706090
1716886142.775583 14.649308 -2.243253 -0.039876 -0.025414 -0.066406 0.702227 0.708394
1716886142.839057 14.694473 -2.240271 -0.052614 -0.029419 -0.061867 0.697700 0.713107
1716886142.958681 14.787956 -2.224133 -0.058270 -0.030857 -0.069693 0.688476 0.721243
1716886143.068151 14.874267 -2.210677 -0.045967 -0.020090 -0.073194 0.689040 0.720738
1716886143.168519 14.951281 -2.204082 -0.043725 -0.021987 -0.075153 0.686476 0.722924
1716886143.268764 15.029227 -2.199448 -0.041956 -0.018838 -0.081137 0.690046 0.718957
1716886143.360597 15.112633 -2.198713 -0.042874 -0.020566 -0.077463 0.693170 0.716305
1716886143.469923 15.209968 -2.195540 -0.031230 -0.021046 -0.077510 0.699924 0.709687
1716886143.569502 15.298998 -2.197914 -0.022579 -0.032579 -0.079234 0.707738 0.701261
1716886143.669230 15.378604 -2.205607 -0.032637 -0.034301 -0.071267 0.716840 0.692738
1716886143.768708 15.470914 -2.216227 -0.043798 -0.030042 -0.063881 0.718743 0.691682
1716886143.868483 15.550791 -2.223500 -0.041005 -0.012659 -0.062883 0.716749 0.694375
1716886143.959514 15.625408 -2.221527 -0.048716 -0.026575 -0.059242 0.710940 0.700249
1716886144.068944 15.710381 -2.209086 -0.042292 -0.030487 -0.063143 0.705346 0.705387
1716886144.169287 15.781115 -2.204162 -0.028293 -0.028462 -0.076265 0.697679 0.711771
1716886144.260966 15.836718 -2.193313 -0.016285 -0.025583 -0.075347 0.691419 0.718058
1716886144.370216 15.949316 -2.193359 -0.010223 -0.025645 -0.079187 0.684429 0.724312
1716886144.461353 16.020827 -2.197704 -0.014265 -0.029758 -0.068366 0.682530 0.727045
1716886144.570091 16.110623 -2.201098 -0.013739 -0.014111 -0.069717 0.679735 0.730000
1716886144.674043 16.187817 -2.198901 -0.010081 -0.018528 -0.069533 0.680912 0.728822
1716886144.745119 16.241592 -2.196777 -0.001875 -0.018423 -0.075441 0.683978 0.725357
1716886144.869662 16.335556 -2.194741 0.000305 -0.039006 -0.078065 0.692371 0.716245
1716886144.969834 16.427914 -2.209947 0.013937 -0.030523 -0.069203 0.700910 0.709228
1716886145.060573 16.505859 -2.221766 0.015238 -0.047297 -0.063080 0.708454 0.701340
1716886145.170406 16.588273 -2.220468 0.008713 -0.032419 -0.062090 0.716440 0.694124
1716886145.270462 16.661946 -2.214626 -0.003335 -0.040091 -0.060247 0.720263 0.689916
1716886145.361399 16.723624 -2.197319 0.001717 -0.036640 -0.066603 0.725763 0.683732
1716886145.470414 16.810354 -2.176339 -0.001928 -0.048260 -0.067909 0.732325 0.675839
1716886145.570265 16.888298 -2.155915 -0.003532 -0.040419 -0.061744 0.739486 0.669115
1716886145.662066 16.938881 -2.128563 -0.002121 -0.034117 -0.066779 0.752889 0.653862
1716886145.677433 16.934867 -2.122896 0.005210 -0.030907 -0.059894 0.753902 0.653521
1716886145.869015 17.048796 -2.071814 0.012841 -0.036274 -0.072033 0.779325 0.621408
1716886145.959759 17.095528 -2.058047 0.007649 -0.049682 -0.074678 0.792654 0.603038
1716886146.069437 17.194524 -2.057715 0.019841 -0.041313 -0.075477 0.815907 0.571745
1716886146.160426 17.293843 -2.055786 0.032291 -0.051521 -0.086265 0.830919 0.547246
1716886146.270165 17.385591 -2.035794 0.033393 -0.058434 -0.077448 0.845903 0.524438
1716886146.370086 17.452843 -2.007606 0.026528 -0.052147 -0.070437 0.859455 0.503643
1716886146.461078 17.508580 -1.978948 0.022151 -0.047941 -0.065782 0.865341 0.494530
1716886146.569194 17.586567 -1.943640 0.028596 -0.041113 -0.072392 0.866520 0.492151
1716886146.668730 17.664317 -1.907861 0.034625 -0.041479 -0.075120 0.865924 0.492759
1716886146.770507 17.726663 -1.858717 0.050164 -0.040186 -0.087565 0.862038 0.497603
1716886146.864567 17.784091 -1.821375 0.052881 -0.036310 -0.078759 0.859193 0.504248
1716886146.928161 17.827059 -1.794478 0.055116 -0.042443 -0.085962 0.853875 0.511573
1716886147.068888 17.905766 -1.735198 0.055544 -0.040271 -0.076473 0.852880 0.514903
1716886147.168996 17.960096 -1.689701 0.056603 -0.032878 -0.080422 0.851727 0.516733
1716886147.268839 18.009861 -1.654958 0.056072 -0.036342 -0.077491 0.847805 0.523355
1716886147.368405 18.072627 -1.629001 0.072451 -0.034056 -0.079504 0.844050 0.529244
1716886147.460033 18.141168 -1.604996 0.085487 -0.042498 -0.091191 0.840794 0.531924
1716886147.568064 18.211885 -1.578133 0.088658 -0.046345 -0.079095 0.841287 0.532758
1716886147.666690 18.302357 -1.568167 0.089651 -0.049981 -0.084442 0.832193 0.545735
1716886147.746892 18.379627 -1.548366 0.089411 -0.046858 -0.082287 0.829288 0.550740
1716886147.867185 18.447574 -1.501378 0.086991 -0.042665 -0.081253 0.815057 0.572066
1716886147.958603 18.493049 -1.449557 0.083177 -0.044783 -0.084766 0.802102 0.589442
1716886148.068023 18.542971 -1.402935 0.085336 -0.043083 -0.092351 0.786627 0.608961
1716886148.159800 18.577900 -1.373190 0.092003 -0.040029 -0.093529 0.771616 0.627900
1716886148.269413 18.638355 -1.360851 0.099483 -0.024907 -0.097563 0.755012 0.647934
1716886148.369663 18.693285 -1.351477 0.095926 -0.018662 -0.085825 0.742611 0.663939
1716886148.469762 18.756820 -1.347854 0.090202 -0.017325 -0.079596 0.729629 0.678974
1716886148.562259 18.836891 -1.339856 0.098243 -0.022971 -0.078507 0.722637 0.686371
1716886148.576875 18.864200 -1.343086 0.102211 -0.016731 -0.072774 0.719277 0.690699
1716886148.768749 19.048809 -1.341590 0.088031 -0.025062 -0.072912 0.712863 0.697052
1716886148.868437 19.133564 -1.330010 0.097233 -0.021485 -0.065578 0.714252 0.696478
1716886148.959592 19.202286 -1.312974 0.094628 -0.022991 -0.059548 0.713811 0.697423
1716886149.060427 19.279779 -1.292071 0.097443 -0.024834 -0.061378 0.713762 0.697251
1716886149.170189 19.365011 -1.265110 0.093727 -0.024497 -0.064484 0.710122 0.700691
1716886149.270316 19.429840 -1.247943 0.103922 -0.020784 -0.058943 0.705095 0.706354
1716886149.361689 19.502336 -1.231794 0.105838 -0.029498 -0.071203 0.699793 0.710176
1716886149.470175 19.586423 -1.221007 0.111339 -0.017134 -0.071823 0.696144 0.714095
1716886149.570025 19.672410 -1.207209 0.123139 -0.015815 -0.076044 0.687946 0.721594
1716886149.673869 19.747668 -1.197789 0.125913 -0.014587 -0.067559 0.684439 0.725787
1716886149.760457 19.809314 -1.187046 0.131284 -0.014694 -0.070594 0.681559 0.728202
1716886149.860555 19.887765 -1.189264 0.136368 -0.038738 -0.073518 0.682608 0.726045
1716886149.881474 19.897576 -1.195035 0.135698 -0.039043 -0.076040 0.685499 0.723038
1716886150.035776 20.007268 -1.203547 0.149805 -0.048100 -0.069295 0.688684 0.720138
1716886150.102004 20.054939 -1.206964 0.143094 -0.054414 -0.075502 0.692090 0.715787
1716886150.179775 20.115996 -1.208317 0.146478 -0.038080 -0.063508 0.700254 0.710043
1716886150.370588 20.261000 -1.188294 0.131771 -0.039209 -0.068636 0.699832 0.709920
1716886150.470371 20.325678 -1.172049 0.130941 -0.041912 -0.073042 0.694425 0.714621
1716886150.570260 20.404518 -1.159829 0.141731 -0.042784 -0.078411 0.688773 0.719453
1716886150.670121 20.464347 -1.147155 0.151347 -0.035848 -0.081284 0.674870 0.732570
1716886150.769942 20.527986 -1.141295 0.162292 -0.038138 -0.075085 0.677251 0.730917
1716886150.862232 20.599043 -1.132074 0.166113 -0.028381 -0.074599 0.668924 0.739033
1716886150.951622 20.666907 -1.125873 0.168328 -0.021692 -0.071649 0.670079 0.738505
1716886151.068867 20.753963 -1.117621 0.158605 -0.023165 -0.073934 0.674765 0.733954
1716886151.159735 20.832986 -1.122497 0.162154 -0.041607 -0.086027 0.677483 0.729304
1716886151.260756 20.923505 -1.132679 0.163124 -0.044883 -0.088534 0.688448 0.718461
1716886151.370796 21.017359 -1.132718 0.167436 -0.038643 -0.074764 0.693159 0.715854
1716886151.470079 21.102310 -1.134727 0.165614 -0.046635 -0.082817 0.698291 0.709476
1716886151.569585 21.177449 -1.127500 0.165039 -0.039011 -0.071864 0.700126 0.709322
1716886151.660542 21.236813 -1.117265 0.156769 -0.036021 -0.072021 0.698493 0.711072
1716886151.762527 21.307610 -1.106598 0.157749 -0.028013 -0.077320 0.693142 0.716094
1716886151.778477 21.328469 -1.109456 0.153239 -0.035141 -0.088617 0.689261 0.718214
1716886151.967799 21.475108 -1.092460 0.163174 -0.034281 -0.084987 0.682121 0.725474
1716886152.050298 21.527985 -1.076826 0.163217 -0.028904 -0.091070 0.680024 0.726937
1716886152.078609 21.542486 -1.075239 0.167735 -0.030723 -0.094539 0.672313 0.733563
1716886152.260164 21.678976 -1.069841 0.162811 -0.028309 -0.092832 0.690214 0.717067
1716886152.368843 21.752726 -1.069252 0.164219 -0.035765 -0.088824 0.698728 0.708950
1716886152.469358 21.829919 -1.055192 0.182665 -0.032870 -0.082896 0.710613 0.697909
1716886152.560136 21.884001 -1.040709 0.195777 -0.050320 -0.090033 0.723307 0.682780
1716886152.668932 21.932421 -1.014421 0.193349 -0.058309 -0.077643 0.745392 0.659517
1716886152.762942 21.985966 -0.994857 0.199507 -0.060408 -0.082944 0.756545 0.645841
1716886152.846319 22.021548 -0.979451 0.196838 -0.056088 -0.080378 0.766087 0.635220
1716886152.949988 22.089027 -0.948934 0.190557 -0.057428 -0.088083 0.773027 0.625598
1716886153.068856 22.140429 -0.914788 0.189960 -0.056235 -0.097021 0.777465 0.618847
1716886153.168563 22.186269 -0.881667 0.190290 -0.051604 -0.103369 0.779302 0.615906
1716886153.268958 22.228010 -0.852803 0.193088 -0.047159 -0.107838 0.780067 0.614526
1716886153.360747 22.276854 -0.823541 0.199829 -0.044260 -0.111234 0.783801 0.609363
1716886153.470627 22.324038 -0.787371 0.210000 -0.040589 -0.110254 0.791990 0.599123
1716886153.564324 22.362112 -0.764907 0.222313 -0.044232 -0.111959 0.804390 0.581778
1716886153.578894 22.347942 -0.767037 0.225962 -0.044732 -0.110084 0.804010 0.582622
1716886153.745797 22.434209 -0.710503 0.244579 -0.039118 -0.110380 0.835129 0.537443
1716886153.859691 22.483424 -0.684165 0.256662 -0.046059 -0.117563 0.861733 0.491399
1716886153.969857 22.530284 -0.659413 0.271692 -0.051305 -0.119159 0.879076 0.458688
1716886154.060419 22.556150 -0.629757 0.288507 -0.056959 -0.114218 0.890255 0.437215
1716886154.170907 22.585667 -0.597875 0.293729 -0.058317 -0.114652 0.901677 0.412835
1716886154.271161 22.588970 -0.569085 0.295832 -0.056629 -0.112509 0.909653 0.395810
1716886154.361525 22.578764 -0.551469 0.302807 -0.054464 -0.110606 0.912785 0.389389
1716886154.470972 22.562066 -0.527415 0.304329 -0.046996 -0.115861 0.918287 0.375655
1716886154.566669 22.545521 -0.485939 0.307008 -0.045896 -0.118660 0.926069 0.355259
1716886154.582833 22.542483 -0.483771 0.301772 -0.038851 -0.117976 0.930792 0.343800
1716886154.745227 22.497588 -0.416814 0.294144 -0.034449 -0.119213 0.941880 0.312192
1716886154.861484 22.472181 -0.387928 0.282162 -0.027688 -0.121850 0.956517 0.263556
1716886154.971385 22.455707 -0.355633 0.281275 -0.026420 -0.118577 0.964800 0.233243
1716886155.062059 22.437685 -0.318436 0.279713 -0.023667 -0.120030 0.971646 0.202330
1716886155.171369 22.418821 -0.270077 0.270588 -0.021693 -0.118999 0.978773 0.165442
1716886155.271234 22.406478 -0.237015 0.271057 -0.022456 -0.118290 0.983496 0.135048
1716886155.371217 22.394419 -0.208008 0.273321 -0.023188 -0.118294 0.987288 0.103589
1716886155.462450 22.373702 -0.151729 0.271033 -0.020055 -0.129319 0.989533 0.060812
1716886155.570817 22.344027 -0.112361 0.286377 -0.023147 -0.121028 0.992185 0.019636
1716886155.669687 22.332121 -0.040772 0.300073 -0.025736 -0.133858 0.990251 -0.028670
1716886155.760538 22.313899 -0.011782 0.302417 -0.028601 -0.140907 0.987518 -0.064302
1716886155.870111 22.304716 0.038129 0.301499 -0.031017 -0.143973 0.983721 -0.102970
1716886155.970420 22.293171 0.056834 0.308412 -0.034759 -0.138728 0.979942 -0.138778
1716886156.061247 22.284682 0.063397 0.307616 -0.035563 -0.131806 0.977273 -0.162173
1716886156.170750 22.267734 0.072974 0.315419 -0.037923 -0.124276 0.973896 -0.186131
1716886156.270048 22.245316 0.083365 0.310847 -0.029853 -0.124136 0.971093 -0.201689
1716886156.361355 22.221910 0.089474 0.308441 -0.021894 -0.122925 0.969961 -0.208773
1716886156.470578 22.189940 0.099748 0.308406 -0.013354 -0.123207 0.968707 -0.215054
1716886156.570154 22.147703 0.118902 0.306842 -0.004415 -0.122222 0.963987 -0.236159
1716886156.663077 22.121529 0.122906 0.308785 0.000071 -0.116490 0.958065 -0.261804
1716886156.763785 22.082190 0.141909 0.310551 0.000753 -0.117860 0.951638 -0.283714
1716886156.860376 22.050844 0.141806 0.304916 0.002286 -0.114743 0.942040 -0.315261
1716886156.969572 22.019749 0.167593 0.302532 0.001670 -0.119469 0.927434 -0.354388
1716886157.069514 21.984321 0.179809 0.308779 0.001525 -0.117032 0.910483 -0.396639
1716886157.169546 21.952907 0.199664 0.313085 -0.000223 -0.124626 0.889629 -0.439350
1716886157.268714 21.920487 0.216082 0.315211 -0.002410 -0.122847 0.868457 -0.480298
1716886157.360329 21.877258 0.221627 0.311216 -0.004658 -0.124712 0.845063 -0.519897
1716886157.468989 21.827903 0.217942 0.305261 -0.007738 -0.112563 0.823294 -0.556289
1716886157.563800 21.789843 0.212453 0.300629 -0.008596 -0.104513 0.803784 -0.585606
1716886157.646480 21.757702 0.199576 0.294614 -0.006841 -0.101444 0.788722 -0.606284
1716886157.768230 21.694291 0.187887 0.290272 -0.005918 -0.096439 0.772159 -0.628040
1716886157.868257 21.635998 0.174660 0.282901 -0.003992 -0.086774 0.757646 -0.646859
1716886157.968425 21.570693 0.161926 0.281121 0.001082 -0.082650 0.747267 -0.659364
1716886158.068640 21.513111 0.144477 0.277021 -0.003344 -0.076298 0.728168 -0.681131
1716886158.159666 21.472893 0.117325 0.275724 -0.003595 -0.069474 0.713176 -0.697525
1716886158.269995 21.422801 0.096474 0.265309 -0.011028 -0.061352 0.703140 -0.708314
1716886158.361973 21.382350 0.085371 0.258840 -0.011530 -0.062083 0.697102 -0.714186
1716886158.470323 21.326782 0.083548 0.254076 -0.010751 -0.065169 0.693943 -0.716995
1716886158.564008 21.281357 0.074489 0.255361 -0.005505 -0.073537 0.689598 -0.720428
1716886158.642260 21.241564 0.067902 0.248029 -0.009601 -0.073468 0.684085 -0.725629
1716886158.769339 21.164411 0.064364 0.238588 -0.021962 -0.074698 0.678068 -0.730863
1716886158.869623 21.090292 0.059135 0.234699 -0.021200 -0.083438 0.674077 -0.733627
1716886158.961187 21.030445 0.056841 0.229808 -0.029530 -0.084713 0.671167 -0.735858
1716886159.071866 20.941970 0.053151 0.225879 -0.026547 -0.087068 0.671544 -0.735352
1716886159.170794 20.873652 0.043845 0.226947 -0.022606 -0.085070 0.675656 -0.731943
1716886159.262469 20.805500 0.035201 0.235211 -0.022715 -0.077333 0.685438 -0.723656
1716886159.371102 20.731480 0.035401 0.244671 -0.015808 -0.078913 0.692110 -0.717291
1716886159.470825 20.668638 0.040595 0.240252 -0.020655 -0.065013 0.700834 -0.710055
1716886159.570696 20.585817 0.034357 0.241511 -0.017972 -0.061065 0.704971 -0.706374
1716886159.587065 20.562536 0.035573 0.244892 -0.021940 -0.055701 0.704826 -0.706849
1716886159.735590 20.455938 0.037671 0.238689 -0.014069 -0.067500 0.702177 -0.708656
1716886159.779903 20.428697 0.040749 0.225378 -0.012349 -0.065944 0.704895 -0.706132
1716886159.969497 20.294285 0.060576 0.232236 -0.011082 -0.087044 0.687801 -0.720576
1716886160.051847 20.223555 0.075683 0.247246 -0.011992 -0.087548 0.683146 -0.724916
1716886160.171274 20.133249 0.077364 0.243526 -0.010888 -0.089042 0.680239 -0.727481
1716886160.271172 20.052935 0.063252 0.243426 -0.014078 -0.082460 0.678852 -0.729494
1716886160.371167 19.971914 0.057840 0.232874 -0.010016 -0.089653 0.687305 -0.720745
1716886160.462258 19.904980 0.054013 0.241492 -0.009634 -0.081397 0.692177 -0.717059
1716886160.479756 19.900135 0.054952 0.223317 -0.002519 -0.087465 0.695176 -0.713494
1716886160.665366 19.786914 0.030367 0.225142 -0.012449 -0.078471 0.700853 -0.708867
1716886160.761300 19.730932 0.027520 0.233663 -0.011293 -0.083613 0.702951 -0.706217
1716886160.869999 19.663044 0.018774 0.232268 -0.016540 -0.079773 0.707584 -0.701918
1716886160.970074 19.590594 0.015082 0.225116 -0.011727 -0.073606 0.706337 -0.703941
1716886161.026235 19.545369 0.010275 0.222263 -0.010621 -0.074606 0.706400 -0.703790
1716886161.170262 19.433087 0.007183 0.232912 -0.016602 -0.083640 0.703488 -0.705573
1716886161.270383 19.353582 0.011177 0.240824 -0.013847 -0.094808 0.699835 -0.707850
1716886161.361166 19.278462 0.017113 0.252089 -0.014943 -0.099070 0.697019 -0.710019
1716886161.470291 19.203493 0.009857 0.245356 -0.018366 -0.097338 0.695818 -0.711355
1716886161.561513 19.135774 0.011020 0.232052 -0.017337 -0.084446 0.696701 -0.712163
1716886161.669314 19.064060 0.012837 0.227436 -0.008884 -0.088522 0.706359 -0.702241
1716886161.760219 18.982094 0.016872 0.230977 -0.008487 -0.081542 0.709495 -0.699925
1716886161.868917 18.905642 0.012133 0.227879 0.000601 -0.091012 0.719653 -0.688343
1716886161.960215 18.836087 0.005109 0.226509 -0.002890 -0.081100 0.725518 -0.683402
1716886161.978540 18.818301 -0.006141 0.238342 0.004746 -0.090468 0.728488 -0.679042
1716886162.169112 18.701420 -0.009800 0.216228 -0.011112 -0.068276 0.729171 -0.680827
1716886162.268403 18.622205 -0.006852 0.197405 -0.012525 -0.070680 0.721281 -0.688914
1716886162.360000 18.548514 0.004176 0.182846 -0.007042 -0.077453 0.715108 -0.694674
1716886162.468985 18.456784 0.007074 0.185341 -0.004685 -0.083502 0.706716 -0.702537
1716886162.560638 18.385199 0.008651 0.192889 0.001790 -0.092175 0.698791 -0.709360
1716886162.672494 18.290887 0.007124 0.186439 -0.003381 -0.095625 0.693006 -0.714554
1716886162.745948 18.238467 0.007890 0.188146 -0.008505 -0.090473 0.690108 -0.717979
1716886162.868043 18.138572 0.007039 0.186004 -0.010048 -0.094196 0.689645 -0.717925
1716886162.968317 18.056437 -0.003052 0.176776 -0.010433 -0.093373 0.690402 -0.717299
1716886163.068266 17.968424 -0.022322 0.183180 -0.006259 -0.097320 0.696062 -0.711328
1716886163.167783 17.893292 -0.025420 0.167701 0.008953 -0.103821 0.705436 -0.701072
1716886163.259570 17.832538 -0.034410 0.184960 0.008066 -0.102039 0.709530 -0.697202
1716886163.361457 17.759554 -0.040411 0.167658 0.002393 -0.080522 0.709011 -0.700581
1716886163.470357 17.685907 -0.039822 0.159417 -0.007146 -0.067839 0.713264 -0.697568
1716886163.570721 17.608156 -0.043925 0.164452 -0.009668 -0.067294 0.705672 -0.705269
1716886163.660444 17.545056 -0.045275 0.174261 -0.009160 -0.072289 0.703615 -0.706836
1716886163.760827 17.467842 -0.039476 0.172479 -0.014178 -0.075260 0.701936 -0.708111
1716886163.869409 17.384663 -0.043017 0.174096 -0.012911 -0.076417 0.692144 -0.717586
1716886163.969606 17.294929 -0.041399 0.190832 -0.021084 -0.077568 0.685713 -0.723420
1716886164.069914 17.232975 -0.034223 0.172858 -0.029104 -0.068916 0.682064 -0.727456
1716886164.169415 17.167994 -0.047995 0.165045 -0.028377 -0.068315 0.681394 -0.728169
1716886164.260968 17.100185 -0.060700 0.171968 -0.022556 -0.074536 0.683353 -0.725923
1716886164.362287 17.024911 -0.060884 0.185863 -0.018176 -0.079537 0.688650 -0.720489
1716886164.470682 16.939970 -0.062577 0.189665 -0.012396 -0.076727 0.697106 -0.712743
1716886164.571544 16.873554 -0.059389 0.192745 -0.019431 -0.071996 0.704051 -0.706223
1716886164.577336 16.882969 -0.047941 0.183836 -0.003992 -0.080379 0.703210 -0.706413
1716886164.735182 16.760294 -0.048485 0.190942 -0.020324 -0.065861 0.706810 -0.704038
1716886164.870167 16.655598 -0.038289 0.169466 -0.017468 -0.068258 0.705014 -0.705685
1716886164.888629 16.637793 -0.030410 0.157500 -0.026798 -0.064579 0.705475 -0.705278
1716886165.039809 16.528119 -0.030321 0.169728 -0.013885 -0.081993 0.697766 -0.711482
1716886165.108123 16.472835 -0.032136 0.166673 -0.013168 -0.086317 0.691072 -0.717493
1716886165.261281 16.355168 -0.028949 0.170635 -0.020917 -0.086104 0.681393 -0.726534
1716886165.280100 16.338776 -0.025712 0.179181 -0.025303 -0.079735 0.679906 -0.728512
1716886165.462146 16.185198 -0.029580 0.168353 -0.025636 -0.081094 0.692400 -0.716483
1716886165.570786 16.095619 -0.033542 0.188740 -0.025313 -0.073084 0.697108 -0.712782
1716886165.670534 16.018556 -0.048909 0.195508 -0.018134 -0.073683 0.702489 -0.707638
1716886165.771490 15.941124 -0.069078 0.181326 -0.023002 -0.059097 0.708196 -0.703162
1716886165.861048 15.878806 -0.079969 0.188741 -0.019191 -0.057859 0.709911 -0.701648
1716886165.969829 15.786295 -0.102060 0.163070 -0.018631 -0.057556 0.708178 -0.703438
1716886166.069842 15.710613 -0.094561 0.122507 -0.015821 -0.061055 0.707579 -0.703814
1716886166.161070 15.642633 -0.086353 0.100987 -0.007597 -0.071869 0.705121 -0.705394
1716886166.270494 15.540391 -0.084985 0.112943 -0.004508 -0.080842 0.694241 -0.715174
1716886166.370455 15.450185 -0.083698 0.136560 -0.004379 -0.083394 0.688339 -0.720566
1716886166.461099 15.372215 -0.081262 0.140842 -0.007340 -0.078689 0.687501 -0.721871
1716886166.569937 15.283755 -0.070539 0.150701 -0.011171 -0.076620 0.688711 -0.720890
1716886166.660922 15.213594 -0.070301 0.162743 -0.004605 -0.084737 0.689352 -0.719439
1716886166.775515 15.133601 -0.083011 0.171685 -0.007046 -0.084765 0.700890 -0.708180
1716886166.859579 15.071857 -0.085701 0.175848 0.004266 -0.088478 0.702939 -0.705713
1716886166.968951 14.974760 -0.095341 0.197760 -0.010129 -0.082429 0.711323 -0.697942
1716886167.069085 14.886371 -0.116408 0.204252 -0.004238 -0.079246 0.710188 -0.699525
1716886167.169097 14.807771 -0.124109 0.183257 -0.018407 -0.069911 0.710307 -0.700169
1716886167.260791 14.726441 -0.124676 0.157543 -0.015762 -0.068449 0.708949 -0.701753
1716886167.369230 14.636741 -0.119505 0.161450 -0.018510 -0.081423 0.705938 -0.703334
1716886167.460857 14.551454 -0.108138 0.155781 -0.021099 -0.085384 0.703304 -0.705427
1716886167.568441 14.461661 -0.118887 0.157277 -0.008387 -0.088659 0.695624 -0.712865
1716886167.671070 14.375921 -0.129629 0.151257 -0.015128 -0.092293 0.689018 -0.718684
1716886167.744642 14.312837 -0.144517 0.141335 -0.018172 -0.096771 0.689010 -0.718032
1716886167.859365 14.214727 -0.149173 0.138790 -0.015420 -0.091306 0.686972 -0.720760
1716886167.968385 14.137955 -0.156360 0.121136 -0.018353 -0.085763 0.694937 -0.713702
1716886168.068704 14.044332 -0.150890 0.134167 -0.010048 -0.081076 0.699558 -0.709890
1716886168.168983 13.960392 -0.160540 0.134073 -0.016221 -0.078627 0.706572 -0.703072
1716886168.269429 13.873243 -0.170813 0.153168 -0.015872 -0.066119 0.712779 -0.698084
1716886168.361308 13.805016 -0.163049 0.145768 -0.024207 -0.057369 0.719197 -0.692011
1716886168.470218 13.711093 -0.161688 0.144164 -0.018255 -0.053081 0.719608 -0.692108
1716886168.568147 13.626133 -0.168282 0.147983 -0.014065 -0.060325 0.714897 -0.696480
1716886168.670407 13.540309 -0.159747 0.132938 -0.019610 -0.066225 0.703777 -0.707056
1716886168.760362 13.475135 -0.152409 0.144028 -0.020233 -0.081083 0.689301 -0.719639
1716886168.869272 13.390285 -0.153349 0.150648 -0.020926 -0.081803 0.679988 -0.728345
1716886168.969536 13.322431 -0.155530 0.146624 -0.023788 -0.080115 0.675484 -0.732623
1716886169.060929 13.259124 -0.176753 0.137950 -0.026300 -0.071316 0.676080 -0.732897
1716886169.170712 13.178210 -0.184356 0.118684 -0.023804 -0.071350 0.683970 -0.725622
1716886169.270773 13.103488 -0.204183 0.139049 -0.017710 -0.084171 0.687830 -0.720757
1716886169.362202 13.046601 -0.212349 0.153362 -0.001879 -0.084727 0.691579 -0.717312
1716886169.470542 12.976677 -0.218689 0.149699 -0.005459 -0.078211 0.700194 -0.709635
1716886169.570229 12.909337 -0.212253 0.143950 0.001144 -0.071061 0.703501 -0.707132
1716886169.670001 12.840801 -0.204171 0.141221 -0.003229 -0.067394 0.711402 -0.699539
1716886169.770022 12.773965 -0.196357 0.128213 0.002564 -0.068476 0.708961 -0.701911
1716886169.861077 12.694718 -0.194695 0.126916 0.006052 -0.068545 0.706229 -0.704632
1716886169.891019 12.670962 -0.191619 0.117398 0.005294 -0.067806 0.709157 -0.701763
1716886170.005057 12.578399 -0.187383 0.096997 0.013109 -0.072659 0.700438 -0.709884
1716886170.098885 12.504001 -0.189906 0.101200 0.001780 -0.076627 0.690276 -0.719475
1716886170.180154 12.434680 -0.179052 0.108258 -0.001623 -0.069552 0.687082 -0.723242
1716886170.280087 12.363086 -0.173510 0.111592 -0.017504 -0.068306 0.683325 -0.726701
1716886170.462051 12.244715 -0.173625 0.086755 -0.014886 -0.058686 0.682531 -0.728344
1716886170.570742 12.159224 -0.174843 0.078537 0.003514 -0.065128 0.689762 -0.721092
1716886170.670605 12.076618 -0.159668 0.065269 0.008164 -0.048897 0.695655 -0.716664
1716886170.762896 12.009095 -0.163388 0.071179 0.015466 -0.061939 0.703152 -0.708168
1716886170.846310 11.952015 -0.162619 0.067415 0.008869 -0.051532 0.706788 -0.705491
1716886170.969767 11.876616 -0.163422 0.087138 0.007508 -0.059773 0.707903 -0.703736
1716886171.022378 11.835147 -0.162430 0.089605 -0.000603 -0.050312 0.709812 -0.702592
1716886171.163066 11.727201 -0.139026 0.099289 -0.005914 -0.057148 0.703786 -0.708085
1716886171.194333 11.695985 -0.141530 0.107029 -0.002512 -0.059437 0.705505 -0.706204
1716886171.370524 11.558627 -0.139562 0.127107 -0.008864 -0.081845 0.693346 -0.715887
1716886171.461618 11.485726 -0.170533 0.124021 -0.013921 -0.073395 0.692948 -0.717107
1716886171.569576 11.418973 -0.185760 0.119435 -0.010584 -0.086328 0.688933 -0.719588
1716886171.668694 11.352526 -0.214901 0.107115 -0.020523 -0.077109 0.690195 -0.719211
1716886171.759762 11.293955 -0.231595 0.101490 -0.015884 -0.084097 0.695706 -0.713210
1716886171.868731 11.222025 -0.258774 0.087015 -0.010824 -0.084084 0.701313 -0.707794
1716886171.968862 11.150058 -0.284440 0.083731 -0.004616 -0.083606 0.713574 -0.695558
1716886172.060376 11.078966 -0.316791 0.083087 0.005876 -0.085998 0.727736 -0.680419
1716886172.175002 10.994504 -0.329968 0.090791 0.010754 -0.080995 0.738264 -0.669545
1716886172.263023 10.956325 -0.340614 0.087409 0.002978 -0.084240 0.748346 -0.657931
1716886172.311247 10.922926 -0.328133 0.084658 -0.002515 -0.078962 0.750131 -0.656553
1716886172.418941 10.854986 -0.302231 0.078095 -0.006491 -0.083548 0.754935 -0.650424
1716886172.572376 10.761453 -0.277749 0.070463 -0.001074 -0.088404 0.755428 -0.649239
1716886172.593758 10.749346 -0.274533 0.071914 -0.001946 -0.083015 0.755687 -0.649647
1716886172.717137 10.661847 -0.253631 0.078218 -0.000382 -0.099615 0.756703 -0.646124
1716886172.871961 10.549253 -0.235111 0.090536 -0.006167 -0.100181 0.765947 -0.635020
1716886172.968130 10.483101 -0.223836 0.092298 -0.004821 -0.102371 0.773639 -0.625283
1716886173.059703 10.428934 -0.196760 0.087833 -0.010835 -0.096295 0.784976 -0.611901
1716886173.169282 10.390287 -0.188088 0.074288 -0.009313 -0.097842 0.803862 -0.586640
1716886173.269627 10.351702 -0.166691 0.066748 -0.005046 -0.103553 0.827572 -0.551703
1716886173.369853 10.286996 -0.142576 0.080501 -0.001719 -0.110574 0.855378 -0.506063
1716886173.461600 10.235696 -0.124065 0.079052 0.003612 -0.116232 0.875984 -0.468112
1716886173.560969 10.186129 -0.089178 0.080320 0.002972 -0.113471 0.897150 -0.426893
1716886173.594781 10.167774 -0.079966 0.079833 0.004564 -0.113558 0.905440 -0.408977
1716886173.742917 10.115175 -0.033538 0.073350 0.007714 -0.091889 0.930259 -0.355128
1716886173.869019 10.060105 -0.023895 0.090103 0.001636 -0.083006 0.943151 -0.321830
1716886173.930647 10.042128 -0.009846 0.086509 0.001012 -0.078841 0.947431 -0.310094
1716886173.999512 10.034143 0.030433 0.098167 0.000502 -0.079423 0.952673 -0.293438
1716886174.170540 10.014435 0.113042 0.101811 0.003666 -0.095653 0.959221 -0.265956
1716886174.261960 10.023627 0.166426 0.112765 0.003330 -0.102926 0.961799 -0.253648
1716886174.370589 10.020895 0.225933 0.117345 -0.002153 -0.109906 0.967224 -0.228898
1716886174.470392 10.001498 0.288442 0.121173 -0.010446 -0.111250 0.972697 -0.203410
1716886174.570194 9.984438 0.349802 0.123449 -0.015848 -0.115049 0.976353 -0.182341
1716886174.587765 9.976037 0.375618 0.124634 -0.016215 -0.114311 0.976529 -0.181827
1716886174.769832 9.947020 0.481993 0.129050 -0.021740 -0.111660 0.984566 -0.132997
1716886174.860911 9.932974 0.539761 0.138471 -0.023756 -0.111367 0.986938 -0.113954
1716886174.878563 9.926435 0.520527 0.124036 -0.021602 -0.095919 0.989522 -0.105730
1716886175.012617 9.913993 0.582129 0.128854 -0.018643 -0.122921 0.989115 -0.078708
1716886175.161777 9.886981 0.650137 0.141921 -0.009326 -0.126037 0.990601 -0.052314
1716886175.270952 9.879791 0.687322 0.149796 -0.007133 -0.114039 0.992997 -0.030005
1716886175.371501 9.876831 0.716983 0.149531 -0.003654 -0.106423 0.993993 -0.025268
1716886175.470563 9.877252 0.754520 0.152033 -0.004003 -0.100117 0.994915 -0.010253
1716886175.570365 9.878464 0.804071 0.157434 -0.004733 -0.098251 0.995126 -0.006946
1716886175.668065 9.880928 0.864038 0.166086 -0.005386 -0.098049 0.995158 -0.004282
1716886175.763864 9.885346 0.913068 0.176939 -0.009307 -0.104228 0.994498 -0.004799
1716886175.780312 9.877206 0.929003 0.179906 -0.007147 -0.100906 0.994870 0.000396
1716886175.928488 9.877539 1.017973 0.205157 -0.021736 -0.112745 0.993360 -0.007157
1716886176.069963 9.884583 1.116752 0.231880 -0.034654 -0.101872 0.994060 -0.016286
1716886176.170128 9.889448 1.181288 0.227255 -0.035672 -0.103068 0.993923 -0.014861
1716886176.270311 9.891186 1.257990 0.222841 -0.036529 -0.091318 0.994978 -0.018581
1716886176.361666 9.892282 1.315945 0.213950 -0.034430 -0.094283 0.994807 -0.016873
1716886176.470095 9.897981 1.406153 0.216561 -0.029691 -0.097865 0.994715 -0.009147
1716886176.569678 9.896896 1.485395 0.217137 -0.032307 -0.089129 0.995484 -0.004868
1716886176.669090 9.893490 1.567120 0.222435 -0.019652 -0.092397 0.995514 0.005362
1716886176.765905 9.890207 1.654178 0.222725 -0.019408 -0.080638 0.996537 0.005834
1716886176.849766 9.884647 1.712866 0.234590 -0.010668 -0.076733 0.996872 0.015651
1716886176.968445 9.883047 1.791550 0.235499 -0.012901 -0.070231 0.997436 0.004798
1716886177.059713 9.888460 1.858790 0.239540 -0.019790 -0.080111 0.996578 0.004682
1716886177.169126 9.889797 1.946020 0.257070 -0.021029 -0.080272 0.996541 -0.004573
1716886177.260616 9.891976 2.014764 0.259263 -0.026671 -0.100395 0.994543 -0.009715
1716886177.369068 9.888160 2.113360 0.275587 -0.024843 -0.095188 0.994933 -0.020755
1716886177.468680 9.883638 2.189979 0.284021 -0.022708 -0.103902 0.994014 -0.025011
1716886177.493347 9.885856 2.216391 0.290852 -0.017428 -0.094786 0.994847 -0.031480
1716886177.643326 9.872253 2.335612 0.303282 -0.032336 -0.105250 0.993649 -0.023228
1716886177.751463 9.859304 2.417811 0.310725 -0.030430 -0.108558 0.993503 -0.015513
1716886177.867622 9.842159 2.509180 0.336968 -0.021442 -0.115310 0.993073 -0.007060
1716886177.967811 9.824808 2.565411 0.343812 -0.018853 -0.102938 0.994471 0.008691
1716886177.977188 9.819573 2.549724 0.344437 -0.015153 -0.125977 0.991893 0.006950
1716886178.141028 9.803195 2.660535 0.349731 -0.013418 -0.097305 0.995089 0.012242
1716886178.178406 9.798302 2.688728 0.352300 -0.012953 -0.095655 0.995158 0.018519
1716886178.295919 9.795998 2.776568 0.349517 -0.007376 -0.101774 0.994665 0.015162
1716886178.432968 9.795190 2.879559 0.342668 -0.016214 -0.110914 0.993658 0.008915
1716886178.569701 9.795047 2.989079 0.371254 -0.017667 -0.127072 0.991736 -0.000026
1716886178.660799 9.797071 3.062275 0.369455 -0.021841 -0.121996 0.992287 -0.002593
1716886178.768722 9.798351 3.158698 0.383011 -0.020207 -0.117518 0.992837 -0.007451
1716886178.861961 9.789774 3.236596 0.386057 -0.017371 -0.112399 0.993454 -0.010654
1716886178.972766 9.783664 3.330694 0.381678 -0.019033 -0.115097 0.993120 -0.010197
1716886179.002366 9.779957 3.349430 0.396313 -0.012790 -0.113133 0.993446 -0.010134
1716886179.170251 9.759153 3.493260 0.409429 -0.010730 -0.124581 0.992148 -0.002431
1716886179.270466 9.749357 3.568119 0.414782 -0.012968 -0.114662 0.993196 0.015717
1716886179.369969 9.744508 3.640766 0.404106 -0.011210 -0.107524 0.994062 0.012364
1716886179.461634 9.735527 3.722644 0.412292 -0.006148 -0.102437 0.994552 0.018291
1716886179.572243 9.728944 3.815182 0.426589 -0.006028 -0.100686 0.994715 0.019202
1716886179.669690 9.723859 3.896984 0.440895 -0.011836 -0.108364 0.993936 0.014430
1716886179.769719 9.722730 3.983378 0.464847 -0.018230 -0.104193 0.994372 0.006051
1716886179.869796 9.731448 4.067258 0.477755 -0.023010 -0.118981 0.992588 -0.009119
1716886179.960977 9.728194 4.130124 0.501946 -0.026004 -0.105180 0.994004 -0.014711
1716886180.070522 9.726030 4.223454 0.506319 -0.026631 -0.106665 0.993740 -0.019848
1716886180.161820 9.728722 4.277846 0.501863 -0.027937 -0.092564 0.995079 -0.021651
1716886180.270706 9.715770 4.389193 0.512875 -0.027921 -0.098629 0.994614 -0.015333
1716886180.337636 9.706719 4.447284 0.508901 -0.025212 -0.102711 0.994237 -0.017540
1716886180.413519 9.696943 4.498328 0.509932 -0.025511 -0.103158 0.994249 -0.013306
1716886180.564818 9.690654 4.627044 0.503124 -0.022216 -0.094432 0.995267 -0.005648
1716886180.636246 9.693127 4.667440 0.508720 -0.026836 -0.093852 0.995224 0.000980
1716886180.677826 9.697605 4.698739 0.508697 -0.022376 -0.079839 0.996556 0.000921
1716886180.870169 9.700270 4.854351 0.507328 -0.016033 -0.100594 0.994767 -0.007889
1716886180.969742 9.697794 4.953445 0.514780 -0.014556 -0.104813 0.994348 -0.008621
1716886181.071196 9.703065 5.032298 0.540715 -0.018847 -0.111523 0.993424 -0.017775
1716886181.170038 9.703705 5.106113 0.566552 -0.020568 -0.099913 0.994585 -0.019892
1716886181.261437 9.700160 5.173385 0.582470 -0.023805 -0.101246 0.994280 -0.024297
1716886181.361535 9.695659 5.268520 0.589048 -0.027177 -0.093906 0.994939 -0.023208
1716886181.378508 9.703553 5.289495 0.589978 -0.029390 -0.093321 0.994815 -0.027765
1716886181.560853 9.690449 5.454740 0.597539 -0.025251 -0.095681 0.994970 -0.015536
1716886181.668756 9.680130 5.550039 0.610632 -0.020042 -0.101288 0.994633 -0.006706
1716886181.759575 9.676565 5.625907 0.618548 -0.016718 -0.091456 0.995638 0.007882
1716886181.803532 9.672688 5.659177 0.625823 -0.011336 -0.099775 0.994892 0.010280
1716886181.932824 9.663095 5.763991 0.637402 -0.011299 -0.097934 0.994724 0.028395
1716886182.068769 9.660499 5.880561 0.631664 -0.009181 -0.103425 0.994325 0.023184
1716886182.160552 9.662579 5.951520 0.632524 -0.015301 -0.109618 0.993633 0.021059
1716886182.260846 9.674377 6.040414 0.651858 -0.018795 -0.115412 0.993022 0.015277
1716886182.285923 9.674372 6.067220 0.659741 -0.026691 -0.122878 0.991877 0.019216
1716886182.451498 9.682416 6.212021 0.678974 -0.015807 -0.120733 0.992549 -0.004590
1716886182.567807 9.687852 6.309278 0.685358 -0.025329 -0.119624 0.992454 -0.009101
1716886182.635090 9.687754 6.366198 0.689210 -0.028243 -0.112551 0.993120 -0.015729
1716886182.688601 9.684992 6.396129 0.683642 -0.033643 -0.110827 0.993160 -0.014805
1716886182.867450 9.674206 6.548498 0.690277 -0.023461 -0.112283 0.993389 0.004481
1716886182.958901 9.664658 6.627371 0.698574 -0.012341 -0.122750 0.992267 0.013625
1716886183.068297 9.660710 6.705116 0.719989 -0.013692 -0.110481 0.993641 0.016858
1716886183.078621 9.658473 6.680116 0.716877 -0.012210 -0.130931 0.990960 0.026573
1716886183.251298 9.654636 6.808817 0.723188 -0.007342 -0.098463 0.994940 0.018611
1716886183.369612 9.636546 6.918552 0.730255 -0.009045 -0.100190 0.994907 0.006308
1716886183.469759 9.637214 7.009418 0.738803 -0.009787 -0.111700 0.993694 -0.000389
1716886183.569354 9.645919 7.109679 0.750178 -0.008222 -0.110749 0.993770 -0.009411
1716886183.647036 9.650650 7.183676 0.752106 -0.009544 -0.119470 0.992657 -0.016389
1716886183.768569 9.657971 7.279965 0.765426 -0.012599 -0.101019 0.993637 -0.048185
1716886183.803561 9.670599 7.298561 0.765552 -0.015261 -0.103050 0.993255 -0.050905
1716886183.958930 9.666175 7.415242 0.773663 -0.020110 -0.098535 0.993187 -0.058880
1716886184.031611 9.667520 7.463559 0.774720 -0.017827 -0.097751 0.993105 -0.062211
1716886184.152348 9.659045 7.538886 0.776133 -0.010535 -0.105758 0.992175 -0.065515
1716886184.179894 9.651339 7.565050 0.779460 -0.014790 -0.118407 0.991198 -0.057335
1716886184.370361 9.624975 7.706194 0.792276 -0.010708 -0.117186 0.989841 -0.079795
1716886184.461457 9.595679 7.765649 0.803974 -0.016044 -0.116384 0.988729 -0.092805
1716886184.574233 9.568691 7.827477 0.807731 -0.021497 -0.118266 0.985093 -0.123056
1716886184.644774 9.544555 7.861843 0.814692 -0.023266 -0.121163 0.981425 -0.146914
1716886184.769521 9.546153 7.925304 0.817828 -0.013057 -0.133210 0.965705 -0.222483
1716886184.869685 9.538803 7.967794 0.816869 -0.013498 -0.139050 0.954029 -0.265163
1716886184.969371 9.526000 8.010936 0.820892 -0.025711 -0.142160 0.939179 -0.311565
1716886185.062582 9.522329 8.043514 0.820682 -0.023527 -0.145781 0.924962 -0.350200
1716886185.095390 9.502872 8.058299 0.814634 -0.017309 -0.146210 0.920478 -0.361999
1716886185.179683 9.483521 8.071457 0.813877 -0.023076 -0.138112 0.905139 -0.401394
1716886185.361676 9.463428 8.091262 0.813559 -0.016552 -0.120101 0.883324 -0.452813
1716886185.415481 9.464718 8.089403 0.818932 -0.013283 -0.113592 0.876681 -0.467280
1716886185.523927 9.450707 8.084761 0.815356 -0.009046 -0.114759 0.865909 -0.486776
1716886185.670977 9.414041 8.078609 0.816208 -0.007711 -0.113697 0.854156 -0.507377
1716886185.740184 9.390964 8.065403 0.818918 -0.005973 -0.111190 0.847445 -0.519074
1716886185.778781 9.378972 8.058882 0.821468 -0.005015 -0.110898 0.838665 -0.533214
1716886185.960363 9.331520 8.048382 0.821020 0.001552 -0.100523 0.816752 -0.568162
1716886186.072366 9.288281 8.041104 0.816964 0.007438 -0.099130 0.798140 -0.594214
1716886186.113741 9.263012 8.033377 0.818924 0.005336 -0.090978 0.797062 -0.596981
1716886186.205628 9.232081 8.020720 0.812700 0.005151 -0.089307 0.776875 -0.623268
1716886186.323077 9.199850 8.011822 0.813015 0.005723 -0.085567 0.737798 -0.669552
1716886186.469675 9.116018 8.003000 0.816567 0.004405 -0.079665 0.699228 -0.710433
1716886186.560766 9.079261 7.987078 0.820739 0.010105 -0.081946 0.668876 -0.738774
1716886186.670100 9.055573 7.976261 0.821977 0.016784 -0.082228 0.613282 -0.785393
1716886186.759445 9.043407 7.955057 0.819939 0.012958 -0.083235 0.572613 -0.815487
1716886186.868406 8.999980 7.949859 0.823376 0.015389 -0.081390 0.519055 -0.850718
1716886186.965509 8.968144 7.944667 0.818375 0.007164 -0.069152 0.472833 -0.878405
1716886187.042957 8.972911 7.926808 0.816603 -0.001095 -0.059989 0.437382 -0.897272
1716886187.141870 8.958099 7.903166 0.810472 -0.001889 -0.053050 0.396276 -0.916595
1716886187.269005 8.934787 7.855743 0.802621 -0.002635 -0.050690 0.356434 -0.932941
1716886187.368792 8.908591 7.814310 0.801206 -0.003079 -0.047979 0.313302 -0.948436
1716886187.460426 8.915442 7.768072 0.797038 0.002300 -0.050779 0.282390 -0.957952
1716886187.567660 8.934219 7.709996 0.794552 0.006130 -0.036662 0.248462 -0.967928
1716886187.659038 8.942640 7.662453 0.786329 0.006932 -0.032201 0.221500 -0.974604
1716886187.700654 8.956221 7.644656 0.778274 0.010804 -0.025491 0.215045 -0.976212
1716886187.839583 8.974530 7.570090 0.769894 0.002461 -0.021019 0.175192 -0.984307
1716886187.967730 8.979769 7.491596 0.761864 0.002204 -0.018113 0.153954 -0.987910
1716886188.058952 8.980262 7.433476 0.757606 0.000252 -0.018775 0.130552 -0.991264
1716886188.168477 8.985575 7.364749 0.744492 -0.001533 -0.013805 0.112079 -0.993602
1716886188.268877 8.983658 7.296708 0.733564 0.003032 -0.017111 0.090784 -0.995719
1716886188.369207 8.980887 7.227174 0.727155 0.011465 -0.019580 0.066581 -0.997523
1716886188.461083 8.977805 7.163982 0.732320 0.016597 -0.024141 0.052552 -0.998188
1716886188.570276 8.969665 7.090985 0.737256 0.033879 -0.016609 0.026287 -0.998942
1716886188.597344 8.959070 7.069242 0.736112 0.028413 -0.016565 0.023129 -0.999191
1716886188.737944 8.950981 6.975524 0.722400 0.010721 -0.003903 0.000729 -0.999935
1716886188.834719 8.939535 6.912411 0.708930 -0.001840 -0.009348 -0.008360 -0.999920
1716886188.886494 8.933612 6.858200 0.705889 -0.009848 -0.019495 -0.006620 -0.999740
1716886189.041031 8.939155 6.732179 0.684573 -0.000576 -0.022863 0.014973 -0.999626
1716886189.169762 8.949475 6.634823 0.685139 0.007728 -0.017539 0.022458 -0.999564
1716886189.261982 8.956550 6.574392 0.684062 0.006033 -0.019140 0.031581 -0.999300
1716886189.370204 8.963165 6.489426 0.678215 -0.002639 -0.009595 0.032936 -0.999408
1716886189.474617 8.967577 6.408640 0.670539 -0.002275 -0.003433 0.036455 -0.999327
1716886189.566538 8.962038 6.341266 0.665214 0.000032 -0.002921 0.037525 -0.999291
1716886189.660703 8.951243 6.269106 0.659041 0.001197 -0.008806 0.028228 -0.999562
1716886189.698309 8.943215 6.227609 0.650807 0.004684 -0.007227 0.024113 -0.999672
1716886189.859877 8.927047 6.088949 0.651027 0.009211 -0.024921 0.009120 -0.999605
1716886189.969635 8.911080 5.992367 0.650486 -0.002010 -0.029533 -0.002439 -0.999559
1716886189.987083 8.906978 5.975539 0.653024 0.010714 -0.033282 -0.001799 -0.999387
1716886190.102663 8.905863 5.881227 0.638775 -0.000123 -0.032560 -0.008055 -0.999437
1716886190.270354 8.910851 5.749586 0.611548 0.009093 -0.036370 -0.001497 -0.999296
1716886190.370281 8.921547 5.661141 0.605206 0.007404 -0.025787 0.008566 -0.999603
1716886190.470167 8.941315 5.577764 0.600726 0.027816 -0.021651 0.009789 -0.999331
1716886190.561244 8.952366 5.514845 0.590859 0.016293 -0.022070 0.014642 -0.999516
1716886190.672176 8.951302 5.431409 0.575814 0.022643 -0.010365 0.016107 -0.999560
1716886190.678463 8.949696 5.430441 0.580379 0.014984 -0.013205 0.017297 -0.999651
1716886190.851719 8.956883 5.289870 0.555081 0.020440 -0.011746 0.013522 -0.999631
1716886190.969074 8.952088 5.175131 0.533280 0.029263 -0.012800 0.011681 -0.999422
1716886191.060278 8.949146 5.079294 0.537147 0.031032 -0.017902 0.005989 -0.999340
1716886191.169746 8.952036 4.989413 0.543718 0.031522 -0.020728 0.000792 -0.999288
1716886191.260988 8.945987 4.908643 0.547974 0.034814 -0.022764 -0.002964 -0.999130
1716886191.369689 8.951120 4.827916 0.536421 0.027681 -0.022354 -0.004773 -0.999355
1716886191.469797 8.956346 4.750604 0.521054 0.021338 -0.020501 -0.003904 -0.999554
1716886191.569154 8.961273 4.680975 0.514336 0.019722 -0.019318 0.002660 -0.999615
1716886191.661829 8.963369 4.619470 0.494757 0.014747 -0.015424 0.006274 -0.999753
1716886191.759332 8.967179 4.546228 0.486793 0.020563 -0.007830 0.021861 -0.999519
1716886191.777511 8.963199 4.523909 0.488108 0.020010 -0.011926 0.024233 -0.999435
1716886191.959527 8.974202 4.363040 0.470960 0.014584 -0.011814 0.040221 -0.999015
1716886192.068826 8.974805 4.269438 0.452310 0.008443 -0.015416 0.039427 -0.999068
1716886192.170764 8.971325 4.181903 0.432855 0.013753 -0.017822 0.036973 -0.999063
1716886192.260327 8.957980 4.090605 0.446913 0.023503 -0.024818 0.027139 -0.999047
1716886192.368806 8.958490 3.995560 0.446207 0.034786 -0.042503 0.021882 -0.998251
1716886192.468740 8.956700 3.908681 0.436997 0.020319 -0.037550 0.004733 -0.999077
1716886192.559479 8.955346 3.841093 0.425566 0.027749 -0.038344 0.003308 -0.998874
1716886192.608602 8.955420 3.799367 0.420526 0.019365 -0.036634 0.003162 -0.999136
1716886192.739589 8.975873 3.693300 0.408065 0.022496 -0.038277 0.005501 -0.998999
1716886192.858408 8.995350 3.582265 0.406532 0.019465 -0.028353 0.012768 -0.999327
1716886192.967343 9.022533 3.484188 0.390717 0.027730 -0.024403 0.023939 -0.999031
1716886193.058867 9.030200 3.394844 0.396948 0.024191 -0.026683 0.023810 -0.999068
1716886193.168335 9.028248 3.308253 0.382276 0.024675 -0.023742 0.032917 -0.998871
1716886193.268701 9.025207 3.229678 0.364773 0.018945 -0.023409 0.032109 -0.999031
1716886193.369035 9.024174 3.148165 0.360152 0.022292 -0.027962 0.029334 -0.998930
1716886193.479101 9.037273 3.048800 0.358118 0.025038 -0.029648 0.023360 -0.998974
1716886193.562047 9.033974 2.982637 0.357343 0.041315 -0.031621 0.015541 -0.998525
1716886193.660077 9.028167 2.909003 0.339964 0.030689 -0.030957 0.009334 -0.999006
1716886193.677179 9.021675 2.886229 0.347833 0.039501 -0.027896 0.007222 -0.998804
1716886193.859365 9.021873 2.733156 0.323444 0.014844 -0.034529 0.009188 -0.999251
1716886193.968485 9.024196 2.643056 0.296426 0.016774 -0.031122 0.017168 -0.999227
1716886194.059799 9.037763 2.568925 0.287738 0.018503 -0.027557 0.027024 -0.999084
1716886194.169635 9.039283 2.463606 0.283660 0.024763 -0.018387 0.034198 -0.998939
1716886194.261094 9.040859 2.394329 0.285684 0.019746 -0.016745 0.043620 -0.998713
1716886194.279204 9.044439 2.378415 0.265256 0.030341 -0.021252 0.046862 -0.998214
1716886194.461273 9.046010 2.244268 0.243732 0.010629 -0.013725 0.047280 -0.998731
1716886194.569696 9.042955 2.181635 0.256509 0.007990 -0.018467 0.043101 -0.998868
1716886194.576182 9.052701 2.195042 0.256679 -0.005153 -0.015050 0.047223 -0.998758
1716886194.744521 9.043168 2.075741 0.253629 0.023687 -0.023995 0.028960 -0.999012
1716886194.869148 9.024227 1.966274 0.243523 0.038576 -0.028340 0.006407 -0.998833
1716886194.960281 9.012210 1.887948 0.247680 0.029164 -0.034395 -0.000663 -0.998982
1716886195.069804 8.996080 1.797166 0.241450 0.031085 -0.033319 -0.003681 -0.998954
1716886195.161340 8.979179 1.727130 0.231474 0.015970 -0.034245 0.002689 -0.999282
1716886195.270420 8.988800 1.659158 0.211420 0.017171 -0.033829 0.012369 -0.999204
1716886195.370204 8.980544 1.591178 0.208298 0.023757 -0.023418 0.028718 -0.999031
1716886195.470510 8.976941 1.509545 0.175681 0.027933 -0.016994 0.035750 -0.998826
1716886195.569825 9.000054 1.427299 0.172493 0.019610 -0.013661 0.052228 -0.998349
1716886195.665298 9.022401 1.348329 0.154070 0.009896 -0.011281 0.049549 -0.998659
1716886195.746376 9.036762 1.272827 0.154075 0.006627 -0.011462 0.059703 -0.998128
1716886195.840962 9.043410 1.199704 0.152526 0.006609 -0.014885 0.055623 -0.998319
1716886195.969344 9.033307 1.069317 0.144718 0.009561 -0.018162 0.043435 -0.998845
1716886196.069451 9.025460 0.971384 0.127195 0.015488 -0.023007 0.034823 -0.999009
1716886196.160488 9.021374 0.880346 0.121989 0.023801 -0.022511 0.017377 -0.999312
1716886196.269735 9.015345 0.776459 0.127411 0.024917 -0.030936 0.003413 -0.999205
1716886196.361150 9.012138 0.701719 0.135390 0.023493 -0.036540 -0.001570 -0.999055
1716886196.469450 9.016368 0.601811 0.136297 0.016527 -0.037461 -0.004659 -0.999151
1716886196.569020 9.016614 0.525820 0.126863 0.011804 -0.039142 -0.004272 -0.999155
1716886196.668737 9.008735 0.462850 0.139574 0.015716 -0.032377 0.000871 -0.999352
1716886196.768421 9.017178 0.398590 0.143589 0.012410 -0.027624 0.013005 -0.999457
1716886196.845560 9.035644 0.353273 0.126178 0.019229 -0.018491 0.024185 -0.999351
1716886196.959132 9.057712 0.282267 0.128643 0.014833 -0.012731 0.034562 -0.999211
1716886197.068808 9.074411 0.220446 0.122264 0.003477 -0.011443 0.035247 -0.999307
1716886197.168729 9.080029 0.160726 0.117580 -0.000560 -0.009630 0.032386 -0.999429
1716886197.260255 9.086682 0.114006 0.108703 -0.000890 -0.012871 0.029814 -0.999472
1716886197.368636 9.074052 0.056829 0.094285 -0.003627 -0.012965 0.020032 -0.999709
1716886197.468028 9.064319 -0.001390 0.074751 -0.004317 -0.009160 0.015216 -0.999833
1716886197.567650 9.053297 -0.067741 0.069944 0.007323 -0.005281 0.002081 -0.999957
1716886197.660608 9.042790 -0.110371 0.065404 0.005974 -0.001977 -0.005056 -0.999967
1716886197.758402 9.033318 -0.165968 0.051743 0.014031 -0.004923 -0.010983 -0.999829
1716886197.867158 9.015506 -0.221868 0.047239 0.011720 -0.014768 -0.016373 -0.999688
1716886197.967380 9.003923 -0.282196 0.052876 0.017238 -0.022753 -0.017101 -0.999446
1716886198.058763 8.990023 -0.324726 0.046403 0.008595 -0.020708 -0.009830 -0.999700
1716886198.168340 8.986583 -0.376192 0.045373 0.004253 -0.019886 -0.001267 -0.999792
1716886198.268891 8.978463 -0.413328 0.043626 0.000317 -0.021731 0.004415 -0.999754
1716886198.368978 8.976001 -0.446863 0.031953 -0.003744 -0.024856 0.018261 -0.999517
1716886198.461380 8.962867 -0.474768 0.026995 -0.003380 -0.023056 0.040081 -0.998925
1716886198.571820 8.956918 -0.538170 0.032536 0.007191 -0.015032 0.069301 -0.997457
1716886198.643745 8.958502 -0.560279 0.028909 0.012961 -0.011179 0.093346 -0.995487
1716886198.767995 8.965879 -0.631166 0.023236 0.015232 -0.009272 0.130334 -0.991310
1716886198.868524 8.980660 -0.685931 0.012366 0.016455 -0.012319 0.163766 -0.986285
1716886198.959501 8.980547 -0.727734 0.012255 0.010139 -0.016625 0.193233 -0.980960
1716886198.978458 8.977980 -0.712554 0.013835 0.009715 -0.018585 0.208090 -0.977885
1716886199.171671 8.940645 -0.773744 0.002024 -0.000029 -0.030872 0.250232 -0.967694
1716886199.251975 8.912391 -0.795911 0.000897 0.004073 -0.034898 0.263459 -0.964030
1716886199.369916 8.882239 -0.832622 0.002439 0.003984 -0.041602 0.280945 -0.958814
1716886199.469975 8.864388 -0.854574 0.006382 0.009892 -0.049481 0.299016 -0.952913
1716886199.561490 8.833346 -0.871499 -0.004319 0.013409 -0.056684 0.316257 -0.946884
1716886199.641609 8.793332 -0.885760 -0.000439 0.010103 -0.061052 0.335227 -0.940103
1716886199.734905 8.769305 -0.885497 -0.008743 0.004163 -0.062767 0.363187 -0.929590
1716886199.814055 8.750702 -0.910578 -0.013407 0.005222 -0.066209 0.400882 -0.913719
1716886199.923073 8.709722 -0.924146 -0.022607 0.008333 -0.069629 0.441123 -0.894703
1716886200.061191 8.686826 -0.958435 -0.030204 0.001852 -0.079096 0.505511 -0.859185
1716886200.170186 8.656912 -0.973238 -0.035453 -0.009739 -0.073090 0.550238 -0.831746
1716886200.261443 8.618678 -0.978464 -0.041464 -0.016264 -0.071472 0.580322 -0.811082
1716886200.370563 8.577823 -0.981176 -0.041281 -0.022673 -0.069505 0.608228 -0.790388
1716886200.469821 8.536785 -0.975409 -0.039160 -0.027278 -0.069836 0.632756 -0.770713
1716886200.569717 8.492185 -0.964677 -0.036893 -0.029933 -0.071861 0.651227 -0.754880
1716886200.674161 8.453680 -0.959239 -0.029856 -0.031836 -0.077663 0.663523 -0.743433
1716886200.764695 8.398663 -0.959852 -0.030918 -0.036281 -0.077630 0.676663 -0.731290
1716886200.850939 8.342166 -0.955033 -0.029946 -0.037429 -0.086406 0.681864 -0.725392
1716886200.969862 8.268815 -0.950797 -0.020040 -0.046437 -0.088036 0.689002 -0.717893
1716886201.069636 8.225151 -0.946687 -0.026206 -0.049827 -0.091478 0.692805 -0.713562
1716886201.169695 8.182771 -0.943309 -0.032601 -0.053474 -0.087444 0.698084 -0.708642
1716886201.261079 8.124828 -0.939494 -0.049130 -0.040710 -0.087593 0.707727 -0.699852
1716886201.369481 8.051652 -0.936614 -0.037594 -0.042163 -0.089488 0.721826 -0.684969
1716886201.460691 7.992642 -0.932220 -0.043048 -0.030880 -0.079309 0.730877 -0.677182
1716886201.575097 7.918381 -0.922431 -0.043292 -0.032289 -0.075178 0.745521 -0.661440
1716886201.669933 7.855662 -0.916840 -0.048827 -0.029631 -0.074014 0.749041 -0.657709
1716886201.759293 7.797825 -0.904824 -0.049456 -0.028105 -0.072100 0.759571 -0.645805
1716886201.868402 7.733027 -0.888168 -0.057654 -0.030744 -0.072545 0.760616 -0.644403
1716886201.968427 7.662584 -0.865421 -0.062489 -0.032623 -0.080748 0.761370 -0.642442
1716886202.060026 7.618905 -0.845192 -0.075109 -0.031761 -0.088665 0.759787 -0.643315
1716886202.169193 7.554268 -0.837000 -0.083369 -0.025020 -0.104778 0.750800 -0.651687
1716886202.211854 7.525339 -0.828461 -0.071202 -0.026493 -0.110567 0.749551 -0.652109
1716886202.314780 7.454919 -0.810603 -0.056763 -0.020104 -0.115398 0.746653 -0.654820
1716886202.468003 7.361380 -0.791493 -0.058686 -0.027396 -0.105960 0.753571 -0.648192
1716886202.567281 7.282853 -0.775088 -0.050694 -0.028438 -0.105650 0.758528 -0.642390
1716886202.672195 7.212706 -0.766233 -0.043760 -0.024223 -0.099775 0.765087 -0.635689
1716886202.730518 7.166280 -0.746764 -0.051423 -0.025766 -0.094236 0.772286 -0.627719
1716886202.776815 7.137151 -0.747414 -0.047242 -0.023021 -0.098984 0.774188 -0.624744
1716886202.958599 7.023716 -0.747321 -0.035570 -0.025108 -0.088477 0.794883 -0.599752
1716886203.067928 6.963434 -0.729707 -0.037494 -0.032933 -0.084909 0.798447 -0.595138
1716886203.161702 6.916555 -0.712527 -0.037393 -0.046155 -0.071353 0.804984 -0.587179
1716886203.269188 6.844070 -0.695800 -0.047709 -0.053354 -0.066436 0.803184 -0.589606
1716886203.369348 6.778680 -0.680198 -0.038088 -0.043893 -0.068739 0.801956 -0.591789
1716886203.465645 6.714196 -0.661812 -0.035058 -0.048941 -0.074107 0.796601 -0.597946
1716886203.549556 6.652212 -0.663029 -0.027640 -0.034734 -0.087340 0.790493 -0.605215
1716886203.633865 6.599665 -0.645849 -0.047147 -0.035991 -0.093874 0.785450 -0.610705
1716886203.768445 6.499762 -0.636995 -0.047871 -0.034595 -0.089576 0.780273 -0.618024
1716886203.795235 6.491063 -0.633240 -0.051553 -0.037578 -0.082377 0.776156 -0.624007
1716886203.944542 6.388348 -0.616725 -0.068993 -0.030406 -0.081838 0.783755 -0.614903
1716886204.069406 6.294196 -0.625889 -0.067266 -0.025931 -0.078210 0.788305 -0.609742
1716886204.160893 6.230002 -0.627815 -0.067742 -0.025387 -0.079983 0.793774 -0.602396
1716886204.261694 6.168030 -0.616773 -0.063041 -0.028528 -0.081076 0.804670 -0.587468
1716886204.370184 6.083961 -0.595002 -0.072202 -0.032433 -0.078051 0.807893 -0.583236
1716886204.470915 6.014407 -0.569549 -0.078238 -0.032135 -0.074738 0.808647 -0.582642
1716886204.563227 5.946794 -0.547831 -0.076227 -0.031659 -0.064651 0.806683 -0.586583
1716886204.585802 5.931651 -0.550004 -0.070405 -0.032888 -0.055887 0.808528 -0.584873
1716886204.760157 5.816693 -0.504408 -0.078312 -0.032082 -0.079107 0.796580 -0.598476
1716886204.778626 5.804266 -0.503336 -0.071303 -0.028419 -0.090268 0.794691 -0.599592
1716886204.951360 5.702189 -0.437544 -0.057264 -0.034455 -0.100159 0.781448 -0.614915
1716886205.061660 5.628295 -0.397775 -0.035886 -0.037753 -0.105272 0.771906 -0.625823
1716886205.079850 5.611711 -0.408401 -0.042222 -0.043878 -0.101754 0.766612 -0.632477
1716886205.183742 5.539753 -0.387151 -0.047621 -0.045460 -0.099001 0.765290 -0.634400
1716886205.361599 5.410788 -0.361742 -0.049702 -0.041443 -0.091739 0.775017 -0.623872
1716886205.379232 5.402312 -0.362384 -0.047757 -0.042690 -0.096835 0.770054 -0.629140
1716886205.570738 5.295547 -0.341362 -0.023474 -0.032552 -0.087551 0.788139 -0.608368
1716886205.665695 5.239807 -0.327297 -0.030432 -0.042456 -0.093534 0.793174 -0.600270
1716886205.769318 5.170524 -0.308444 -0.037506 -0.034580 -0.090706 0.789888 -0.605519
1716886205.860143 5.123207 -0.286437 -0.036222 -0.038596 -0.082641 0.791355 -0.604515
1716886205.969906 5.058924 -0.284087 -0.054667 -0.035197 -0.075239 0.788077 -0.609947
1716886206.070036 5.010067 -0.265902 -0.067197 -0.034026 -0.079937 0.783578 -0.615189
1716886206.170033 4.954727 -0.253540 -0.087366 -0.029284 -0.073128 0.781804 -0.618529
1716886206.261161 4.896357 -0.245358 -0.095876 -0.021421 -0.090611 0.771281 -0.629648
1716886206.361495 4.827334 -0.242186 -0.088711 -0.025916 -0.086290 0.767016 -0.635270
1716886206.469698 4.747097 -0.253704 -0.100829 -0.028038 -0.090130 0.755046 -0.648842
1716886206.569153 4.665589 -0.259268 -0.081700 -0.027251 -0.085795 0.753080 -0.651742
1716886206.671193 4.585219 -0.282019 -0.069388 -0.032539 -0.087058 0.750788 -0.653972
1716886206.742092 4.524042 -0.284775 -0.058516 -0.028097 -0.087699 0.755300 -0.648877
1716886206.859610 4.431630 -0.302516 -0.031352 -0.033299 -0.086763 0.758992 -0.644433
1716886206.969421 4.364517 -0.310390 -0.055062 -0.022401 -0.098012 0.764004 -0.637330
1716886207.069544 4.303945 -0.317694 -0.040938 -0.027519 -0.085590 0.764016 -0.638903
1716886207.169371 4.254929 -0.294910 -0.035353 -0.021334 -0.094440 0.763227 -0.638835
1716886207.260508 4.200786 -0.300545 -0.043745 -0.026898 -0.088012 0.764125 -0.638470
1716886207.276973 4.182791 -0.294004 -0.045434 -0.025476 -0.084631 0.763533 -0.639693
1716886207.459534 4.038903 -0.256762 -0.041020 -0.023176 -0.098771 0.749876 -0.653753
1716886207.484242 4.027843 -0.278894 -0.050036 -0.018693 -0.104397 0.748367 -0.654751
1716886207.642164 3.910648 -0.274583 -0.047638 -0.022647 -0.106887 0.725034 -0.679991
1716886207.773871 3.811009 -0.256304 -0.038276 -0.029615 -0.106832 0.704182 -0.701311
1716886207.867353 3.748169 -0.250949 -0.046247 -0.040042 -0.107639 0.696572 -0.708236
1716886207.958809 3.692781 -0.247509 -0.050477 -0.040258 -0.104187 0.693797 -0.711457
1716886208.068203 3.626898 -0.259103 -0.061156 -0.043717 -0.104130 0.695151 -0.709937
1716886208.160064 3.557280 -0.280903 -0.047545 -0.040606 -0.106131 0.701395 -0.703656
1716886208.269176 3.486068 -0.297635 -0.041028 -0.040073 -0.105504 0.707362 -0.697784
1716886208.361146 3.424903 -0.312187 -0.063839 -0.040069 -0.095064 0.719186 -0.687117
1716886208.377646 3.407618 -0.312683 -0.072682 -0.034451 -0.093507 0.723720 -0.682861
1716886208.573058 3.263777 -0.331450 -0.080895 -0.042210 -0.077227 0.714669 -0.693903
1716886208.659883 3.198311 -0.326721 -0.083189 -0.041238 -0.080003 0.706654 -0.701811
1716886208.759412 3.127803 -0.321534 -0.097131 -0.033647 -0.094520 0.698925 -0.708122
1716886208.869437 3.046502 -0.318288 -0.082741 -0.037373 -0.094745 0.687304 -0.719194
1716886208.969863 2.978535 -0.302489 -0.086629 -0.041283 -0.102183 0.676947 -0.727734
1716886209.069476 2.917726 -0.298406 -0.076546 -0.040681 -0.101132 0.664022 -0.739724
1716886209.161036 2.861699 -0.294066 -0.077306 -0.044994 -0.102817 0.657783 -0.744799
1716886209.262549 2.781359 -0.294756 -0.075656 -0.049478 -0.103793 0.657704 -0.744449
1716886209.370824 2.707097 -0.308574 -0.074027 -0.042938 -0.107120 0.668961 -0.734284
1716886209.471959 2.629962 -0.319549 -0.068922 -0.043935 -0.110031 0.677676 -0.725753
1716886209.563934 2.564464 -0.326361 -0.073806 -0.032903 -0.110198 0.690226 -0.714396
1716886209.638628 2.511524 -0.332506 -0.081614 -0.035055 -0.108254 0.700409 -0.704613
1716886209.760418 2.418355 -0.339721 -0.082537 -0.041452 -0.089842 0.707981 -0.699266
1716886209.870925 2.338376 -0.337721 -0.100280 -0.039325 -0.091251 0.710912 -0.696226
1716886209.971106 2.261096 -0.330485 -0.115213 -0.038426 -0.087424 0.713092 -0.694535
1716886210.061564 2.216541 -0.322461 -0.131830 -0.032344 -0.094952 0.708374 -0.698673
1716886210.171375 2.127891 -0.315971 -0.124426 -0.024603 -0.098941 0.699751 -0.707075
1716886210.261733 2.067988 -0.312045 -0.122692 -0.023953 -0.100444 0.692957 -0.713546
1716886210.370984 1.984795 -0.300361 -0.128602 -0.035724 -0.096401 0.690791 -0.715709
1716886210.475487 1.909851 -0.294362 -0.133286 -0.036714 -0.097241 0.700969 -0.705577
1716886210.568188 1.852071 -0.279649 -0.137283 -0.033791 -0.094703 0.707111 -0.699917
1716886210.660665 1.800126 -0.275429 -0.126339 -0.032841 -0.093759 0.718562 -0.688331
1716886210.770514 1.735072 -0.276089 -0.135922 -0.022849 -0.092611 0.734613 -0.671748
1716886210.864448 1.679519 -0.272734 -0.135655 -0.011661 -0.095964 0.755526 -0.647948
1716886210.913990 1.646452 -0.263103 -0.147251 -0.006086 -0.092044 0.768706 -0.632916
1716886210.984809 1.611916 -0.258716 -0.133614 -0.007410 -0.078816 0.780678 -0.619900
1716886211.160806 1.526967 -0.234034 -0.118191 -0.023264 -0.075368 0.802462 -0.591467
1716886211.261530 1.487777 -0.220032 -0.120486 -0.028353 -0.080577 0.806500 -0.585031
1716886211.370683 1.412801 -0.199987 -0.114645 -0.030438 -0.088071 0.808262 -0.581403
1716886211.470279 1.347101 -0.175229 -0.119343 -0.035155 -0.089398 0.804881 -0.585610
1716886211.564000 1.287410 -0.152843 -0.119935 -0.034236 -0.107242 0.797906 -0.592177
1716886211.650006 1.228227 -0.124388 -0.130009 -0.043385 -0.106977 0.794677 -0.595954
1716886211.769460 1.160549 -0.084277 -0.128173 -0.045434 -0.114878 0.790791 -0.599491
1716886211.860791 1.113685 -0.053568 -0.120325 -0.050303 -0.109686 0.788015 -0.603714
1716886211.879739 1.106956 -0.045206 -0.117992 -0.058526 -0.108882 0.789017 -0.601807
1716886212.061296 0.999153 0.002658 -0.125451 -0.049392 -0.106843 0.791432 -0.599817
1716886212.079123 0.988893 0.008793 -0.125853 -0.046187 -0.099848 0.787358 -0.606601
1716886212.260747 0.875695 0.058254 -0.112984 -0.039089 -0.107073 0.803791 -0.583889
1716886212.369701 0.805031 0.095246 -0.109873 -0.040146 -0.102229 0.808365 -0.578346
1716886212.469204 0.733367 0.124419 -0.107240 -0.032687 -0.109352 0.801959 -0.586375
1716886212.561044 0.676202 0.149787 -0.096482 -0.034774 -0.093721 0.794640 -0.598794
1716886212.646887 0.623951 0.170194 -0.091999 -0.030158 -0.089146 0.781395 -0.616899
1716886212.768260 0.565051 0.220674 -0.087925 -0.028351 -0.111748 0.755908 -0.644446
1716886212.860074 0.513808 0.257009 -0.074326 -0.030379 -0.109128 0.730600 -0.673344
1716886212.960248 0.468256 0.286334 -0.066245 -0.037142 -0.114909 0.704558 -0.699296
1716886213.069429 0.424068 0.300298 -0.056315 -0.040449 -0.112104 0.676735 -0.726516
1716886213.169675 0.383478 0.294295 -0.063564 -0.042137 -0.107975 0.636051 -0.762893
1716886213.261646 0.350331 0.289153 -0.074629 -0.036533 -0.099497 0.612805 -0.783093
1716886213.371846 0.310933 0.282224 -0.076885 -0.029300 -0.088451 0.573987 -0.813546
1716886213.464382 0.252617 0.272739 -0.066271 -0.028533 -0.093009 0.548614 -0.830396
1716886213.560724 0.226952 0.262821 -0.067523 -0.019252 -0.094675 0.526299 -0.844793
1716886213.668971 0.183953 0.252131 -0.063550 -0.022282 -0.092885 0.502458 -0.859309
1716886213.717684 0.156198 0.244665 -0.083339 -0.014809 -0.096306 0.487303 -0.867780
1716886213.869791 0.125726 0.221098 -0.090202 -0.025968 -0.068942 0.450412 -0.889776
1716886213.970219 0.080724 0.183453 -0.085943 -0.023879 -0.056657 0.406530 -0.911566
1716886214.070589 0.038609 0.147258 -0.087649 -0.020824 -0.051437 0.360310 -0.931181
1716886214.162313 0.009429 0.120364 -0.089651 -0.016016 -0.046875 0.314554 -0.947946
1716886214.270924 -0.039739 0.117208 -0.097087 -0.005506 -0.040854 0.248575 -0.967735
1716886214.370567 -0.078246 0.123638 -0.078925 -0.009260 -0.047851 0.183054 -0.981894
1716886214.460840 -0.101832 0.135360 -0.095065 0.008623 -0.062559 0.127391 -0.989840
1716886214.570060 -0.132748 0.141592 -0.086005 0.010720 -0.065833 0.077500 -0.994759
1716886214.630368 -0.160017 0.139465 -0.083718 0.009949 -0.070062 0.054593 -0.995998
1716886214.679745 -0.173769 0.133250 -0.084606 0.003929 -0.066583 0.037971 -0.997050
1716886214.860621 -0.198484 0.134079 -0.098505 0.000800 -0.048002 -0.009752 -0.998799
1716886214.971018 -0.214332 0.127827 -0.102092 -0.003479 -0.038822 -0.027501 -0.998862
1716886215.070338 -0.230345 0.130937 -0.106190 -0.001057 -0.028279 -0.036385 -0.998937
1716886215.161541 -0.214306 0.128681 -0.099226 -0.009013 -0.021368 -0.035614 -0.999096
1716886215.272077 -0.202736 0.128221 -0.091109 -0.008405 -0.013591 -0.034098 -0.999291
1716886215.363623 -0.202854 0.129740 -0.083776 -0.011065 -0.011558 -0.034491 -0.999277
1716886215.470654 -0.202475 0.130692 -0.081580 -0.010013 -0.011223 -0.034992 -0.999274
1716886215.566726 -0.196297 0.134746 -0.078895 -0.008364 -0.010454 -0.037628 -0.999202
1716886215.641628 -0.187913 0.130990 -0.078661 -0.009482 -0.007080 -0.043305 -0.998992
1716886215.770410 -0.183985 0.134377 -0.080545 -0.006250 -0.004449 -0.049434 -0.998748
1716886215.870510 -0.180761 0.138453 -0.086237 -0.004422 -0.004537 -0.057643 -0.998317
1716886215.912574 -0.170205 0.135938 -0.085101 -0.005843 -0.007193 -0.061652 -0.998055
1716886216.071086 -0.161208 0.126066 -0.088267 -0.002462 -0.009577 -0.076919 -0.996988
1716886216.162275 -0.159559 0.120846 -0.085103 -0.002659 -0.012019 -0.085426 -0.996269
1716886216.270935 -0.166902 0.121154 -0.080455 -0.013540 -0.016048 -0.095441 -0.995214
1716886216.370532 -0.170390 0.125548 -0.089530 -0.020382 -0.016759 -0.101724 -0.994463
1716886216.470189 -0.184947 0.126671 -0.091737 -0.025901 -0.015717 -0.101394 -0.994385
1716886216.569742 -0.180523 0.119408 -0.091772 -0.028145 -0.013630 -0.099434 -0.994553
1716886216.673914 -0.180805 0.115507 -0.091292 -0.033720 -0.011972 -0.098614 -0.994482
1716886216.768438 -0.176156 0.117423 -0.089421 -0.033365 -0.012325 -0.096031 -0.994743
1716886216.859159 -0.171323 0.117649 -0.088364 -0.034793 -0.011430 -0.097000 -0.994610
1716886216.969704 -0.168800 0.113344 -0.083864 -0.032456 -0.014766 -0.094722 -0.994865
1716886217.060361 -0.169695 0.117215 -0.083666 -0.033441 -0.011705 -0.095028 -0.994844
1716886217.170128 -0.172639 0.115203 -0.088101 -0.032537 -0.012701 -0.093854 -0.994973
1716886217.261586 -0.167881 0.120022 -0.087079 -0.027604 -0.013509 -0.093455 -0.995149
1716886217.369200 -0.169363 0.115688 -0.085481 -0.025190 -0.014700 -0.093987 -0.995146
1716886217.468695 -0.168246 0.118336 -0.090284 -0.024468 -0.014360 -0.094024 -0.995166
1716886217.568908 -0.165344 0.114952 -0.091620 -0.022829 -0.015097 -0.094444 -0.995154
1716886217.648782 -0.160553 0.115056 -0.082745 -0.022754 -0.018010 -0.093727 -0.995175
1716886217.759426 -0.162904 0.113614 -0.092009 -0.021341 -0.017003 -0.096543 -0.994955
1716886217.868503 -0.167056 0.114721 -0.095605 -0.018396 -0.018813 -0.098494 -0.994790
1716886217.968616 -0.169927 0.112972 -0.093292 -0.018990 -0.018454 -0.097641 -0.994869
1716886218.060400 -0.167569 0.114071 -0.090451 -0.018415 -0.018782 -0.099867 -0.994653
1716886218.169657 -0.164173 0.117367 -0.090768 -0.014190 -0.019112 -0.097710 -0.994930
1716886218.270737 -0.169407 0.119684 -0.080041 -0.017205 -0.020077 -0.096104 -0.995020
1716886218.369021 -0.166745 0.118601 -0.081260 -0.015223 -0.018361 -0.091849 -0.995487
1716886218.467852 -0.174962 0.118544 -0.081407 -0.017005 -0.016484 -0.089031 -0.995747
1716886218.539920 -0.174896 0.119657 -0.085869 -0.017908 -0.013542 -0.087734 -0.995891
1716886218.668894 -0.191143 0.121037 -0.091722 -0.017717 -0.014698 -0.087079 -0.995935
1716886218.768979 -0.195822 0.122330 -0.091566 -0.016506 -0.016537 -0.083503 -0.996234
1716886218.860935 -0.194226 0.123326 -0.090256 -0.018243 -0.016073 -0.081235 -0.996398
1716886218.970367 -0.191009 0.126319 -0.095609 -0.016995 -0.016198 -0.078541 -0.996634
1716886219.002387 -0.185003 0.125861 -0.094393 -0.016146 -0.017016 -0.077992 -0.996678
1716886219.142396 -0.186866 0.126421 -0.095774 -0.013978 -0.014930 -0.074405 -0.997018
1716886219.261439 -0.173012 0.127308 -0.098800 -0.016330 -0.013269 -0.074791 -0.996977
1716886219.370451 -0.176620 0.122378 -0.097703 -0.014245 -0.016633 -0.072362 -0.997138
